105.000 0.037
110.000 0.106
115.000 0.460
120.000 0.709
125.000 0.715
130.000 0.674
135.000 0.737
140.000 0.746
145.000 0.681
150.000 0.862
155.000 0.700
160.000 0.563
165.000 0.656
170.000 0.488
175.000 0.562
180.000 0.518
185.000 0.481
190.000 0.375
195.000 0.393
200.000 0.246
205.000 0.393
210.000 0.316
215.000 0.209
220.000 0.248
225.000 0.248
230.000 0.171
235.000 0.232
240.000 0.163
245.000 0.137
250.000 0.128
255.000 0.105
260.000 0.081
265.000 0.114
270.000 0.082
275.000 0.126
280.000 0.096
285.000 0.123
290.000 0.180
295.000 0.090
300.000 0.194
305.000 0.208
310.000 0.229
315.000 0.311
320.000 0.297
325.000 0.479
330.000 0.518
335.000 0.711
340.000 0.853
345.000 1.033
350.000 1.090
355.000 1.277
360.000 1.544
365.000 1.719
370.000 1.895
375.000 1.940
380.000 2.306
385.000 2.511
390.000 2.821
395.000 3.339
400.000 3.643
405.000 3.891
410.000 4.245
415.000 4.998
420.000 5.365
425.000 5.722
430.000 6.117
435.000 6.295
440.000 6.312
445.000 6.289
450.000 6.152
455.000 6.135
460.000 6.022
465.000 5.758
470.000 5.507
475.000 5.378
480.000 5.287
485.000 5.025
490.000 4.906
495.000 4.946
500.000 4.578
505.000 4.283
510.000 4.124
515.000 3.906
520.000 3.616
525.000 3.548
530.000 3.237
535.000 3.183
540.000 2.830
545.000 2.752
550.000 2.676
555.000 2.527
560.000 2.385
565.000 2.345
570.000 2.253
575.000 2.103
580.000 2.089
585.000 1.991
590.000 1.968
595.000 1.846
600.000 1.758
605.000 1.833
610.000 1.750
615.000 1.710
620.000 1.672
625.000 1.759
630.000 1.637
635.000 1.593
640.000 1.575
645.000 1.559
650.000 1.546
655.000 1.583
660.000 1.664
665.000 1.560
670.000 1.515
675.000 1.542
680.000 1.524
685.000 1.594
690.000 1.486
695.000 1.465
700.000 1.531
705.000 1.479
710.000 1.547
715.000 1.615
720.000 1.529
725.000 1.402
730.000 1.505
735.000 1.472
740.000 1.528
745.000 1.526
750.000 1.504
755.000 1.383
760.000 1.431
765.000 1.432
770.000 1.452
775.000 1.425
780.000 1.375
785.000 1.354
790.000 1.406
795.000 1.352
800.000 1.454
805.000 1.311
810.000 1.359
815.000 1.328
820.000 1.357
825.000 1.394
830.000 1.286
835.000 1.358
840.000 1.338
845.000 1.384
850.000 1.310
855.000 1.352
860.000 1.392
865.000 1.330
870.000 1.298
875.000 1.285
880.000 1.304
885.000 1.284
890.000 1.303
895.000 1.305
900.000 1.241
905.000 1.229
910.000 1.261
915.000 1.279
920.000 1.331
925.000 1.241
930.000 1.240
935.000 1.286
940.000 1.190
945.000 1.251
950.000 1.239
955.000 1.230
960.000 1.166
965.000 1.141
970.000 1.135
975.000 1.246
980.000 1.224
985.000 1.369
990.000 1.324
995.000 1.170
1000.000 1.226
1005.000 1.330
1010.000 1.207
1015.000 1.120
1020.000 1.149
1025.000 1.260
1030.000 1.157
1035.000 1.233
1040.000 1.189
1045.000 1.253
1050.000 1.187
1055.000 1.211
1060.000 1.241
1065.000 1.186
1070.000 1.211
1075.000 1.094
1080.000 1.149
1085.000 1.150
1090.000 1.103
1095.000 1.148
1100.000 1.165
1105.000 1.112
1110.000 1.126
1115.000 1.122
1120.000 1.085
1125.000 1.157
1130.000 1.127
1135.000 1.163
1140.000 1.091
1145.000 1.119
1150.000 1.094
1155.000 1.110
1160.000 1.129
1165.000 1.169
1170.000 1.081
1175.000 1.122
1180.000 1.137
1185.000 1.097
1190.000 1.133
1195.000 1.142
1200.000 1.107
1205.000 1.139
1210.000 1.117
1215.000 1.128
1220.000 1.130
1225.000 1.125
1230.000 1.102
1235.000 1.105
1240.000 1.069
1245.000 1.136
1250.000 1.136
1255.000 1.098
1260.000 1.078
1265.000 1.093
1270.000 1.120
1275.000 1.092
1280.000 1.116
1285.000 1.102
1290.000 1.061
1295.000 1.069
1300.000 1.104
1305.000 1.064
1310.000 1.117
1315.000 1.114
1320.000 1.092
1325.000 1.057
1330.000 1.100
1335.000 1.080
1340.000 1.079
1345.000 1.105
1350.000 1.096
1355.000 1.059
1360.000 1.109
1365.000 1.167
1370.000 1.136
1375.000 1.104
1380.000 1.164
1385.000 1.135
1390.000 1.115
1395.000 1.151
1400.000 1.132
1405.000 1.112
1410.000 1.132
1415.000 1.090
1420.000 1.095
1425.000 1.104
1430.000 1.133
1435.000 1.187
1440.000 1.173
1445.000 1.148
1450.000 1.109
1455.000 1.192
1460.000 1.183
1465.000 1.140
1470.000 1.116
1475.000 1.161
1480.000 1.129
1485.000 1.137
1490.000 1.103
1495.000 1.134
1500.000 1.123
1505.000 1.173
1510.000 1.102
1515.000 1.089
1520.000 1.079
1525.000 1.073
1530.000 1.017
1535.000 1.051
1540.000 1.029
1545.000 1.031
1550.000 1.051
1555.000 1.030
1560.000 1.046
1565.000 1.017
1570.000 0.991
1575.000 1.043
1580.000 1.086
1585.000 1.024
1590.000 1.012
1595.000 1.036
1600.000 1.016
1605.000 0.972
1610.000 0.995
1615.000 0.994
1620.000 0.996
1625.000 0.985
1630.000 1.048
1635.000 1.013
1640.000 1.005
1645.000 0.994
1650.000 0.977
1655.000 0.988
1660.000 0.954
1665.000 0.921
1670.000 1.037
1675.000 1.014
1680.000 0.980
1685.000 1.000
1690.000 0.991
1695.000 0.988
1700.000 0.992
1705.000 1.063
1710.000 1.012
1715.000 0.968
1720.000 1.041
1725.000 0.997
1730.000 1.037
1735.000 1.013
1740.000 1.099
1745.000 1.102
1750.000 1.103
1755.000 1.091
1760.000 1.100
1765.000 1.107
1770.000 1.148
1775.000 1.150
1780.000 1.191
1785.000 1.167
1790.000 1.194
1795.000 1.185
1800.000 1.196
1805.000 1.217
1810.000 1.233
1815.000 1.273
1820.000 1.372
1825.000 1.385
1830.000 1.386
1835.000 1.395
1840.000 1.376
1845.000 1.403
1850.000 1.477
1855.000 1.440
1860.000 1.524
1865.000 1.496
1870.000 1.473
1875.000 1.555
1880.000 1.531
1885.000 1.619
1890.000 1.543
1895.000 1.549
1900.000 1.582
1905.000 1.584
1910.000 1.648
1915.000 1.615
1920.000 1.620
1925.000 1.654
1930.000 1.639
1935.000 1.685
1940.000 1.617
1945.000 1.642
1950.000 1.642
1955.000 1.586
1960.000 1.676
1965.000 1.625
1970.000 1.676
1975.000 1.648
1980.000 1.679
1985.000 1.627
1990.000 1.601
1995.000 1.619
2000.000 1.634
2005.000 1.691
2010.000 1.589
2015.000 1.572
2020.000 1.575
2025.000 1.605
2030.000 1.604
2035.000 1.599
2040.000 1.566
2045.000 1.588
2050.000 1.541
2055.000 1.557
2060.000 1.533
2065.000 1.551
2070.000 1.625
2075.000 1.606
2080.000 1.544
2085.000 1.564
2090.000 1.611
2095.000 1.534
2100.000 1.554
2105.000 1.524
2110.000 1.540
2115.000 1.496
2120.000 1.559
2125.000 1.557
2130.000 1.473
2135.000 1.487
2140.000 1.491
2145.000 1.487
2150.000 1.449
2155.000 1.501
2160.000 1.539
2165.000 1.520
2170.000 1.462
2175.000 1.481
2180.000 1.495
2185.000 1.456
2190.000 1.426
2195.000 1.442
2200.000 1.423
2205.000 1.471
2210.000 1.499
2215.000 1.447
2220.000 1.441
2225.000 1.413
2230.000 1.383
2235.000 1.305
2240.000 1.364
2245.000 1.278
2250.000 1.242
2255.000 1.236
2260.000 1.197
2265.000 1.076
2270.000 1.080
2275.000 0.905
2280.000 0.513
2285.000 0.334
2290.000 0.657
2295.000 3.008
2300.000 16.026
2305.000 26.286
2310.000 36.768
2315.000 30.897
2320.000 5.418
2325.000 5.655
2330.000 4.109
2335.000 2.040
2340.000 1.710
2345.000 1.391
2350.000 1.330
2355.000 1.261
2360.000 1.200
2365.000 1.216
2370.000 1.153
2375.000 1.147
2380.000 1.101
2385.000 1.082
2390.000 1.040
2395.000 1.044
2400.000 1.008
2405.000 1.015
2410.000 0.994
2415.000 1.004
2420.000 0.977
2425.000 1.002
2430.000 0.967
2435.000 0.948
2440.000 0.970
2445.000 0.972
2450.000 0.981
2455.000 0.959
2460.000 0.937
2465.000 0.936
2470.000 0.941
2475.000 0.967
2480.000 0.947
2485.000 0.950
2490.000 0.942
2495.000 0.944
2500.000 0.936
2505.000 0.940
2510.000 0.930
2515.000 0.968
2520.000 0.962
2525.000 0.968
2530.000 0.956
2535.000 0.954
2540.000 0.934
2545.000 0.957
2550.000 0.946
2555.000 0.939
2560.000 0.955
2565.000 0.948
2570.000 0.936
2575.000 0.941
2580.000 0.951
2585.000 0.950
2590.000 0.949
2595.000 0.922
2600.000 0.961
2605.000 0.971
2610.000 0.935
2615.000 0.948
2620.000 0.957
2625.000 0.938
2630.000 0.951
2635.000 0.958
2640.000 0.953
2645.000 0.990
2650.000 0.977
2655.000 0.967
2660.000 0.978
2665.000 0.967
2670.000 0.993
2675.000 0.975
2680.000 0.980
2685.000 1.017
2690.000 0.986
2695.000 1.024
2700.000 1.007
2705.000 1.014
2710.000 1.037
2715.000 1.042
2720.000 1.043
2725.000 1.047
2730.000 1.086
2735.000 1.048
2740.000 1.078
2745.000 1.102
2750.000 1.117
2755.000 1.124
2760.000 1.129
2765.000 1.165
2770.000 1.179
2775.000 1.192
2780.000 1.179
2785.000 1.227
2790.000 1.227
2795.000 1.246
2800.000 1.259
2805.000 1.303
2810.000 1.292
2815.000 1.309
2820.000 1.351
2825.000 1.394
2830.000 1.350
2835.000 1.399
2840.000 1.410
2845.000 1.451
2850.000 1.433
2855.000 1.493
2860.000 1.478
2865.000 1.511
2870.000 1.565
2875.000 1.575
2880.000 1.581
2885.000 1.626
2890.000 1.629
2895.000 1.623
2900.000 1.678
2905.000 1.669
2910.000 1.667
2915.000 1.752
2920.000 1.706
2925.000 1.715
2930.000 1.722
2935.000 1.735
2940.000 1.770
2945.000 1.823
2950.000 1.795
2955.000 1.821
2960.000 1.794
2965.000 1.850
2970.000 1.833
2975.000 1.948
2980.000 1.886
2985.000 1.912
2990.000 1.909
2995.000 1.937
3000.000 1.965
3005.000 1.953
3010.000 2.016
3015.000 1.968
3020.000 1.976
3025.000 1.961
3030.000 2.009
3035.000 2.015
3040.000 2.130
3045.000 2.075
3050.000 2.046
3055.000 2.077
3060.000 2.075
3065.000 2.127
3070.000 2.158
3075.000 2.159
3080.000 2.173
3085.000 2.199
3090.000 2.211
3095.000 2.163
3100.000 2.200
3105.000 2.194
3110.000 2.221
3115.000 2.234
3120.000 2.233
3125.000 2.268
3130.000 2.284
3135.000 2.270
3140.000 2.293
3145.000 2.296
3150.000 2.294
3155.000 2.289
3160.000 2.301
3165.000 2.350
3170.000 2.356
3175.000 2.368
3180.000 2.410
3185.000 2.394
3190.000 2.419
3195.000 2.489
3200.000 2.480
3205.000 2.478
3210.000 2.450
3215.000 2.466
3220.000 2.471
3225.000 2.480
3230.000 2.536
3235.000 2.518
3240.000 2.535
3245.000 2.537
3250.000 2.564
3255.000 2.606
3260.000 2.595
3265.000 2.612
3270.000 2.622
3275.000 2.627
3280.000 2.626
3285.000 2.649
3290.000 2.664
3295.000 2.677
3300.000 2.666
3305.000 2.706
3310.000 2.738
3315.000 2.711
3320.000 2.709
3325.000 2.728
3330.000 2.721
3335.000 2.752
3340.000 2.752
3345.000 2.801
3350.000 2.776
3355.000 2.747
3360.000 2.794
3365.000 2.839
3370.000 2.807
3375.000 2.866
3380.000 2.865
3385.000 2.904
3390.000 2.911
3395.000 2.934
3400.000 2.931
3405.000 2.979
3410.000 3.065
3415.000 3.047
3420.000 3.051
3425.000 3.077
3430.000 3.111
3435.000 3.160
3440.000 3.148
3445.000 3.184
3450.000 3.252
3455.000 3.254
3460.000 3.271
3465.000 3.341
3470.000 3.387
3475.000 3.393
3480.000 3.460
3485.000 3.505
3490.000 3.534
3495.000 3.586
3500.000 3.686
3505.000 3.679
3510.000 3.735
3515.000 3.758
3520.000 3.940
3525.000 4.000
3530.000 4.023
3535.000 4.178
3540.000 4.212
3545.000 4.273
3550.000 4.367
3555.000 4.539
3560.000 4.621
3565.000 4.678
3570.000 4.919
3575.000 5.014
3580.000 5.140
3585.000 5.254
3590.000 5.534
3595.000 5.668
3600.000 5.806
3605.000 5.982
3610.000 6.420
3615.000 6.647
3620.000 6.893
3625.000 7.521
3630.000 7.924
3635.000 8.439
3640.000 9.050
3645.000 10.501
3650.000 11.501
3655.000 12.797
3660.000 16.371
3665.000 18.968
3670.000 22.189
3675.000 26.144
3680.000 37.343
3685.000 44.832
3690.000 54.243
3695.000 67.243
3700.000 65.475
3705.000 55.245
3710.000 38.090
3715.000 21.082
3720.000 17.257
3725.000 14.387
3730.000 12.165
3735.000 9.152
3740.000 8.064
3745.000 7.153
3750.000 6.398
3755.000 5.192
3760.000 4.755
3765.000 4.319
3770.000 3.630
3775.000 3.364
3780.000 3.074
3785.000 2.881
3790.000 2.518
3795.000 2.357
3800.000 2.204
3805.000 1.946
3810.000 1.835
3815.000 1.752
3820.000 1.642
3825.000 1.476
3830.000 1.406
3835.000 1.330
3840.000 1.211
3845.000 1.156
3850.000 1.085
3855.000 1.032
3860.000 0.968
3865.000 0.905
3870.000 0.870
3875.000 0.827
3880.000 0.763
3885.000 0.704
3890.000 0.691
3895.000 0.637
3900.000 0.585
3905.000 0.577
3910.000 0.549
3915.000 0.487
3920.000 0.481
3925.000 0.451
3930.000 0.415
3935.000 0.393
3940.000 0.376
3945.000 0.367
3950.000 0.329
3955.000 0.300
3960.000 0.290
3965.000 0.284
3970.000 0.276
3975.000 0.265
3980.000 0.268
3985.000 0.224
3990.000 0.250
3995.000 0.236
4000.000 0.209
4005.000 0.240
4010.000 0.191
4015.000 0.199
4020.000 0.186
4025.000 0.193
4030.000 0.240
4035.000 0.250
4040.000 0.240
4045.000 0.215
4050.000 0.244
4055.000 0.268
4060.000 0.260
4065.000 0.219
4070.000 0.329
4075.000 0.338
4080.000 0.356
4085.000 0.355
4090.000 0.346
4095.000 0.378
4100.000 0.373
4105.000 0.372
4110.000 0.366
4115.000 0.387
4120.000 0.378
4125.000 0.395
4130.000 0.393
4135.000 0.386
4140.000 0.383
4145.000 0.389
4150.000 0.416
4155.000 0.429
4160.000 0.383
4165.000 0.499
4170.000 0.509
4175.000 0.536
4180.000 0.443
4185.000 0.569
4190.000 0.386
4195.000 0.307
4200.000 0.537
4205.000 0.422
4210.000 0.186
4215.000 0.544
4220.000 0.574
4225.000 0.135
4230.000 0.420
4235.000 0.448
4240.000 0.167
4245.000 0.551
4250.000 0.596
4255.000 0.284
4260.000 0.553
4265.000 0.641
4270.000 0.614
4275.000 0.437
4280.000 0.681
4285.000 0.422
4290.000 0.664
4295.000 0.628
4300.000 0.657
4305.000 0.633
4310.000 0.539
4315.000 0.573
4320.000 0.581
4325.000 0.531
4330.000 0.539
4335.000 0.546
4340.000 0.540
4345.000 0.546
4350.000 0.529
4355.000 0.538
4360.000 0.532
4365.000 0.551
4370.000 0.547
4375.000 0.489
4380.000 0.504
4385.000 0.489
4390.000 0.507
4395.000 0.500
4400.000 0.505
4405.000 0.494
4410.000 0.501
4415.000 0.501
4420.000 0.507
4425.000 0.500
4430.000 0.509
4435.000 0.502
4440.000 0.498
4445.000 0.500
4450.000 0.497
4455.000 0.503
4460.000 0.503
4465.000 0.492
4470.000 0.509
4475.000 0.492
4480.000 0.507
4485.000 0.503
4490.000 0.504
4495.000 0.499
4500.000 0.501
4505.000 0.494
4510.000 0.514
4515.000 0.504
4520.000 0.514
4525.000 0.510
4530.000 0.509
4535.000 0.512
4540.000 0.525
4545.000 0.501
4550.000 0.525
4555.000 0.511
4560.000 0.503
4565.000 0.501
4570.000 0.509
4575.000 0.510
4580.000 0.525
4585.000 0.502
4590.000 0.516
4595.000 0.516
4600.000 0.520
4605.000 0.507
4610.000 0.512
4615.000 0.525
4620.000 0.520
4625.000 0.515
4630.000 0.509
4635.000 0.504
4640.000 0.514
4645.000 0.500
4650.000 0.520
4655.000 0.512
4660.000 0.517
4665.000 0.499
4670.000 0.517
4675.000 0.514
4680.000 0.511
4685.000 0.494
4690.000 0.506
4695.000 0.506
4700.000 0.488
4705.000 0.487
4710.000 0.490
4715.000 0.486
4720.000 0.505
4725.000 0.477
4730.000 0.503
4735.000 0.490
4740.000 0.471
4745.000 0.466
4750.000 0.470
4755.000 0.481
4760.000 0.473
4765.000 0.464
4770.000 0.468
4775.000 0.445
4780.000 0.453
4785.000 0.444
4790.000 0.435
4795.000 0.431
4800.000 0.422
4805.000 0.436
4810.000 0.414
4815.000 0.407
4820.000 0.411
4825.000 0.393
4830.000 0.382
4835.000 0.380
4840.000 0.371
4845.000 0.354
4850.000 0.327
4855.000 0.324
4860.000 0.322
4865.000 0.301
4870.000 0.262
4875.000 0.288
4880.000 0.262
4885.000 0.209
4890.000 0.200
4895.000 0.174
4900.000 0.140
4905.000 0.159
4910.000 0.126
4915.000 0.169
4920.000 0.270
4925.000 0.335
4930.000 0.446
4935.000 0.800
4940.000 1.070
4945.000 1.509
4950.000 2.393
4955.000 10.953
4960.000 19.633
4965.000 27.324
4970.000 26.701
4975.000 13.982
4980.000 7.561
4985.000 4.451
4990.000 17.357
4995.000 7.263
5000.000 4.784
5005.000 4.582
5010.000 3.413
5015.000 2.650
5020.000 2.447
5025.000 2.043
5030.000 1.888
5035.000 1.782
5040.000 1.656
5045.000 1.494
5050.000 1.402
5055.000 1.351
5060.000 1.241
5065.000 1.192
5070.000 1.164
5075.000 1.136
5080.000 1.059
5085.000 1.032
5090.000 1.009
5095.000 0.990
5100.000 0.939
5105.000 0.918
5110.000 0.896
5115.000 0.856
5120.000 0.855
5125.000 0.853
5130.000 0.835
5135.000 0.813
5140.000 0.805
5145.000 0.780
5150.000 0.770
5155.000 0.755
5160.000 0.750
5165.000 0.748
5170.000 0.727
5175.000 0.710
5180.000 0.717
5185.000 0.704
5190.000 0.675
5195.000 0.674
5200.000 0.659
5205.000 0.674
5210.000 0.649
5215.000 0.635
5220.000 0.630
5225.000 0.623
5230.000 0.607
5235.000 0.615
5240.000 0.597
5245.000 0.582
5250.000 0.593
5255.000 0.560
5260.000 0.549
5265.000 0.555
5270.000 0.529
5275.000 0.513
5280.000 0.515
5285.000 0.503
5290.000 0.506
5295.000 0.481
5300.000 0.468
5305.000 0.467
5310.000 0.471
5315.000 0.441
5320.000 0.455
5325.000 0.432
5330.000 0.443
5335.000 0.416
5340.000 0.413
5345.000 0.416
5350.000 0.391
5355.000 0.400
5360.000 0.398
5365.000 0.379
5370.000 0.382
5375.000 0.379
5380.000 0.369
5385.000 0.359
5390.000 0.372
5395.000 0.358
5400.000 0.360
5405.000 0.351
5410.000 0.353
5415.000 0.364
5420.000 0.351
5425.000 0.355
5430.000 0.353
5435.000 0.352
5440.000 0.348
5445.000 0.353
5450.000 0.355
5455.000 0.364
5460.000 0.362
5465.000 0.359
5470.000 0.370
5475.000 0.369
5480.000 0.370
5485.000 0.389
5490.000 0.384
5495.000 0.391
5500.000 0.395
5505.000 0.398
5510.000 0.402
5515.000 0.405
5520.000 0.408
5525.000 0.405
5530.000 0.426
5535.000 0.419
5540.000 0.430
5545.000 0.445
5550.000 0.435
5555.000 0.430
5560.000 0.458
5565.000 0.464
5570.000 0.465
5575.000 0.468
5580.000 0.484
5585.000 0.496
5590.000 0.503
5595.000 0.496
5600.000 0.505
5605.000 0.507
5610.000 0.512
5615.000 0.532
5620.000 0.535
5625.000 0.543
5630.000 0.543
5635.000 0.544
5640.000 0.573
5645.000 0.579
5650.000 0.577
5655.000 0.602
5660.000 0.606
5665.000 0.602
5670.000 0.617
5675.000 0.637
5680.000 0.646
5685.000 0.650
5690.000 0.655
5695.000 0.662
5700.000 0.672
5705.000 0.682
5710.000 0.702
5715.000 0.727
5720.000 0.728
5725.000 0.739
5730.000 0.742
5735.000 0.758
5740.000 0.768
5745.000 0.805
5750.000 0.829
5755.000 0.834
5760.000 0.856
5765.000 0.863
5770.000 0.900
5775.000 0.895
5780.000 0.928
5785.000 0.948
5790.000 0.951
5795.000 0.983
5800.000 1.016
5805.000 1.058
5810.000 1.078
5815.000 1.103
5820.000 1.119
5825.000 1.139
5830.000 1.161
5835.000 1.234
5840.000 1.222
5845.000 1.265
5850.000 1.332
5855.000 1.365
5860.000 1.356
5865.000 1.396
5870.000 1.455
5875.000 1.482
5880.000 1.492
5885.000 1.547
5890.000 1.594
5895.000 1.597
5900.000 1.630
5905.000 1.685
5910.000 1.718
5915.000 1.752
5920.000 1.748
5925.000 1.815
5930.000 1.872
5935.000 1.917
5940.000 1.937
5945.000 2.009
5950.000 2.055
5955.000 2.074
5960.000 2.168
5965.000 2.236
5970.000 2.248
5975.000 2.316
5980.000 2.383
5985.000 2.406
5990.000 2.476
5995.000 2.536
6000.000 2.599
6005.000 2.692
6010.000 2.690
6015.000 2.816
6020.000 2.880
6025.000 2.917
6030.000 3.030
6035.000 3.092
6040.000 3.155
6045.000 3.190
6050.000 3.354
6055.000 3.381
6060.000 3.482
6065.000 3.581
6070.000 3.766
6075.000 3.846
6080.000 3.931
6085.000 4.150
6090.000 4.261
6095.000 4.345
6100.000 4.465
6105.000 4.695
6110.000 4.843
6115.000 4.991
6120.000 5.305
6125.000 5.485
6130.000 5.683
6135.000 5.877
6140.000 6.340
6145.000 6.624
6150.000 6.914
6155.000 7.666
6160.000 8.107
6165.000 8.626
6170.000 9.194
6175.000 10.662
6180.000 11.574
6185.000 12.675
6190.000 14.090
6195.000 17.757
6200.000 20.044
6205.000 22.765
6210.000 29.195
6215.000 32.584
6220.000 36.120
6225.000 39.631
6230.000 38.180
6235.000 25.401
6240.000 19.048
6245.000 15.127
6250.000 14.853
6255.000 14.739
6260.000 14.561
6265.000 13.980
6270.000 13.530
6275.000 13.039
6280.000 11.942
6285.000 11.373
6290.000 10.879
6295.000 10.473
6300.000 9.823
6305.000 9.506
6310.000 9.197
6315.000 8.874
6320.000 8.452
6325.000 8.150
6330.000 7.896
6335.000 7.646
6340.000 7.225
6345.000 7.038
6350.000 6.850
6355.000 6.512
6360.000 6.383
6365.000 6.250
6370.000 6.105
6375.000 5.860
6380.000 5.709
6385.000 5.627
6390.000 5.401
6395.000 5.302
6400.000 5.212
6405.000 5.104
6410.000 4.929
6415.000 4.839
6420.000 4.751
6425.000 4.561
6430.000 4.518
6435.000 4.451
6440.000 4.387
6445.000 4.229
6450.000 4.201
6455.000 4.152
6460.000 4.070
6465.000 3.945
6470.000 3.860
6475.000 3.793
6480.000 3.704
6485.000 3.651
6490.000 3.575
6495.000 3.525
6500.000 3.432
6505.000 3.391
6510.000 3.345
6515.000 3.266
6520.000 3.214
6525.000 3.176
6530.000 3.145
6535.000 3.142
6540.000 3.319
6545.000 4.079
6550.000 15.587
6555.000 25.397
6560.000 31.525
6565.000 30.526
6570.000 12.089
6575.000 7.686
6580.000 3.648
6585.000 4.015
6590.000 3.953
6595.000 3.143
6600.000 3.184
6605.000 2.927
6610.000 2.862
6615.000 2.757
6620.000 2.665
6625.000 2.526
6630.000 2.502
6635.000 2.438
6640.000 2.334
6645.000 2.305
6650.000 2.261
6655.000 2.242
6660.000 2.194
6665.000 2.164
6670.000 2.168
6675.000 2.142
6680.000 2.136
6685.000 2.126
6690.000 2.104
6695.000 2.094
6700.000 2.090
6705.000 2.082
6710.000 2.102
6715.000 2.086
6720.000 2.062
6725.000 2.068
6730.000 2.054
6735.000 2.051
6740.000 2.047
6745.000 2.044
6750.000 2.024
6755.000 2.028
6760.000 2.027
6765.000 2.013
6770.000 2.013
6775.000 2.010
6780.000 2.001
6785.000 1.999
6790.000 1.982
6795.000 1.978
6800.000 1.987
6805.000 1.969
6810.000 1.956
6815.000 1.955
6820.000 1.944
6825.000 1.985
6830.000 1.935
6835.000 1.950
6840.000 1.935
6845.000 1.942
6850.000 1.930
6855.000 1.944
6860.000 1.939
6865.000 1.936
6870.000 1.918
6875.000 1.933
6880.000 1.915
6885.000 1.921
6890.000 1.924
6895.000 1.920
6900.000 1.891
6905.000 1.916
6910.000 1.898
6915.000 1.915
6920.000 1.938
6925.000 1.942
6930.000 1.917
6935.000 1.915
6940.000 1.895
6945.000 1.912
6950.000 1.901
6955.000 1.914
6960.000 1.897
6965.000 1.896
6970.000 1.919
6975.000 1.907
6980.000 1.886
6985.000 1.884
6990.000 1.905
6995.000 1.899
7000.000 1.909
7005.000 1.909
7010.000 1.918
7015.000 1.887
7020.000 1.893
7025.000 1.902
7030.000 1.910
7035.000 1.927
7040.000 1.933
7045.000 1.937
7050.000 1.949
7055.000 1.931
7060.000 1.942
7065.000 1.947
7070.000 1.928
7075.000 1.960
7080.000 1.948
7085.000 1.975
7090.000 1.958
7095.000 1.956
7100.000 1.966
7105.000 1.966
7110.000 1.969
7115.000 1.947
7120.000 1.958
7125.000 1.961
7130.000 1.953
7135.000 1.978
7140.000 1.973
7145.000 1.994
7150.000 2.004
7155.000 1.992
7160.000 2.003
7165.000 2.008
7170.000 2.022
7175.000 2.009
7180.000 2.014
7185.000 2.022
7190.000 2.018
7195.000 2.030
7200.000 2.011
7205.000 2.032
7210.000 2.041
7215.000 2.039
7220.000 2.048
7225.000 2.047
7230.000 2.047
7235.000 2.090
7240.000 2.079
7245.000 2.084
7250.000 2.079
7255.000 2.095
7260.000 2.120
7265.000 2.120
7270.000 2.121
7275.000 2.123
7280.000 2.144
7285.000 2.161
7290.000 2.187
7295.000 2.212
7300.000 2.207
7305.000 2.243
7310.000 2.269
7315.000 2.251
7320.000 2.301
7325.000 2.283
7330.000 2.312
7335.000 2.320
7340.000 2.369
7345.000 2.399
7350.000 2.426
7355.000 2.478
7360.000 2.571
7365.000 2.621
7370.000 2.650
7375.000 2.704
7380.000 2.805
7385.000 2.874
7390.000 2.985
7395.000 3.229
7400.000 3.427
7405.000 3.705
7410.000 4.074
7415.000 5.439
7420.000 6.654
7425.000 8.535
7430.000 10.654
7435.000 14.054
7440.000 13.647
7445.000 11.287
7450.000 6.268
7455.000 6.289
7460.000 6.771
7465.000 6.792
7470.000 4.197
7475.000 3.459
7480.000 3.006
7485.000 2.423
7490.000 2.262
7495.000 2.150
7500.000 2.081
7505.000 1.952
7510.000 1.938
7515.000 1.909
7520.000 1.869
7525.000 1.862
7530.000 1.839
7535.000 1.849
7540.000 1.848
7545.000 1.872
7550.000 1.857
7555.000 1.859
7560.000 1.843
7565.000 1.871
7570.000 1.843
7575.000 1.870
7580.000 1.869
7585.000 1.877
7590.000 1.894
7595.000 1.875
7600.000 1.890
7605.000 1.870
7610.000 1.861
7615.000 1.881
7620.000 1.864
7625.000 1.877
7630.000 1.895
7635.000 1.886
7640.000 1.899
7645.000 1.896
7650.000 1.905
7655.000 1.899
7660.000 1.911
7665.000 1.921
7670.000 1.923
7675.000 1.930
7680.000 1.935
7685.000 1.927
7690.000 1.924
7695.000 1.928
7700.000 1.929
7705.000 1.938
7710.000 1.955
7715.000 1.944
7720.000 1.966
7725.000 1.976
7730.000 1.975
7735.000 1.988
7740.000 2.003
7745.000 1.998
7750.000 2.012
7755.000 2.011
7760.000 2.019
7765.000 2.020
7770.000 2.033
7775.000 2.033
7780.000 2.035
7785.000 2.041
7790.000 2.069
7795.000 2.104
7800.000 2.112
7805.000 2.122
7810.000 2.138
7815.000 2.146
7820.000 2.152
7825.000 2.170
7830.000 2.188
7835.000 2.200
7840.000 2.190
7845.000 2.218
7850.000 2.227
7855.000 2.223
7860.000 2.250
7865.000 2.297
7870.000 2.317
7875.000 2.343
7880.000 2.385
7885.000 2.422
7890.000 2.440
7895.000 2.448
7900.000 2.504
7905.000 2.514
7910.000 2.543
7915.000 2.659
7920.000 2.685
7925.000 2.711
7930.000 2.758
7935.000 2.847
7940.000 2.886
7945.000 2.956
7950.000 3.040
7955.000 3.187
7960.000 3.300
7965.000 3.375
7970.000 3.622
7975.000 3.810
7980.000 3.976
7985.000 4.230
7990.000 4.773
7995.000 5.138
8000.000 5.803
8005.000 7.754
8010.000 9.233
8015.000 11.384
8020.000 14.333
8025.000 23.129
8030.000 28.705
8035.000 34.464
8040.000 39.238
8045.000 36.504
8050.000 27.736
8055.000 5.976
8060.000 8.372
8065.000 6.243
8070.000 5.054
8075.000 4.219
8080.000 2.859
8085.000 2.546
8090.000 2.278
8095.000 1.859
8100.000 1.714
8105.000 1.588
8110.000 1.488
8115.000 1.324
8120.000 1.287
8125.000 1.230
8130.000 1.155
8135.000 1.112
8140.000 1.121
8145.000 1.077
8150.000 1.054
8155.000 1.051
8160.000 1.056
8165.000 1.028
8170.000 1.021
8175.000 1.020
8180.000 1.023
8185.000 1.032
8190.000 1.033
8195.000 1.032
8200.000 1.036
8205.000 1.046
8210.000 1.041
8215.000 1.046
8220.000 1.059
8225.000 1.074
8230.000 1.083
8235.000 1.077
8240.000 1.094
8245.000 1.103
8250.000 1.120
8255.000 1.130
8260.000 1.134
8265.000 1.147
8270.000 1.152
8275.000 1.173
8280.000 1.183
8285.000 1.181
8290.000 1.196
8295.000 1.217
8300.000 1.219
8305.000 1.232
8310.000 1.257
8315.000 1.280
8320.000 1.288
8325.000 1.286
8330.000 1.308
8335.000 1.329
8340.000 1.337
8345.000 1.359
8350.000 1.384
8355.000 1.406
8360.000 1.402
8365.000 1.434
8370.000 1.452
8375.000 1.473
8380.000 1.494
8385.000 1.530
8390.000 1.538
8395.000 1.569
8400.000 1.591
8405.000 1.619
8410.000 1.642
8415.000 1.672
8420.000 1.731
8425.000 1.741
8430.000 1.767
8435.000 1.814
8440.000 1.839
8445.000 1.857
8450.000 1.872
8455.000 1.901
8460.000 1.919
8465.000 1.951
8470.000 1.942
8475.000 1.912
8480.000 1.866
8485.000 1.831
8490.000 1.635
8495.000 1.527
8500.000 1.492
8505.000 1.786
8510.000 9.894
8515.000 20.684
8520.000 30.662
8525.000 29.838
8530.000 9.262
8535.000 20.900
8540.000 17.099
8545.000 14.393
8550.000 15.289
8555.000 16.504
8560.000 17.621
8565.000 19.619
8570.000 20.843
8575.000 22.132
8580.000 24.954
8585.000 26.598
8590.000 28.590
8595.000 30.889
8600.000 36.432
8605.000 39.377
8610.000 42.233
8615.000 44.653
8620.000 46.963
8625.000 45.715
8630.000 41.611
8635.000 28.984
8640.000 23.172
8645.000 17.953
8650.000 13.322
8655.000 8.731
8660.000 9.784
8665.000 11.594
8670.000 13.585
8675.000 12.480
8680.000 11.404
8685.000 10.439
8690.000 8.838
8695.000 8.217
8700.000 7.668
8705.000 6.825
8710.000 6.470
8715.000 6.189
8720.000 5.928
8725.000 5.493
8730.000 5.313
8735.000 5.094
8740.000 4.715
8745.000 4.549
8750.000 4.400
8755.000 4.238
8760.000 3.990
8765.000 3.864
8770.000 3.772
8775.000 3.661
8780.000 3.487
8785.000 3.410
8790.000 3.334
8795.000 3.189
8800.000 3.136
8805.000 3.076
8810.000 3.022
8815.000 2.913
8820.000 2.889
8825.000 2.835
8830.000 2.762
8835.000 2.741
8840.000 2.694
8845.000 2.659
8850.000 2.585
8855.000 2.558
8860.000 2.522
8865.000 2.480
8870.000 2.453
8875.000 2.427
8880.000 2.413
8885.000 2.364
8890.000 2.345
8895.000 2.327
8900.000 2.297
8905.000 2.259
8910.000 2.232
8915.000 2.227
8920.000 2.212
8925.000 2.168
8930.000 2.165
8935.000 2.147
8940.000 2.105
8945.000 2.109
8950.000 2.092
8955.000 2.077
8960.000 2.064
8965.000 2.027
8970.000 2.031
8975.000 2.025
8980.000 2.007
8985.000 1.988
8990.000 1.977
8995.000 1.981
9000.000 1.964
9005.000 1.959
9010.000 1.954
9015.000 1.930
9020.000 1.904
9025.000 1.926
9030.000 1.884
9035.000 1.884
9040.000 1.870
9045.000 1.862
9050.000 1.871
9055.000 1.843
9060.000 1.848
9065.000 1.837
9070.000 1.825
9075.000 1.839
9080.000 1.824
9085.000 1.822
9090.000 1.794
9095.000 1.809
9100.000 1.793
9105.000 1.799
9110.000 1.793
9115.000 1.784
9120.000 1.780
9125.000 1.764
9130.000 1.771
9135.000 1.764
9140.000 1.773
9145.000 1.756
9150.000 1.756
9155.000 1.736
9160.000 1.753
9165.000 1.743
9170.000 1.736
9175.000 1.732
9180.000 1.735
9185.000 1.737
9190.000 1.733
9195.000 1.722
9200.000 1.733
9205.000 1.716
9210.000 1.715
9215.000 1.712
9220.000 1.716
9225.000 1.714
9230.000 1.725
9235.000 1.719
9240.000 1.719
9245.000 1.708
9250.000 1.721
9255.000 1.709
9260.000 1.702
9265.000 1.706
9270.000 1.705
9275.000 1.704
9280.000 1.708
9285.000 1.697
9290.000 1.711
9295.000 1.701
9300.000 1.718
9305.000 1.714
9310.000 1.705
9315.000 1.716
9320.000 1.717
9325.000 1.717
9330.000 1.727
9335.000 1.729
9340.000 1.727
9345.000 1.728
9350.000 1.745
9355.000 1.759
9360.000 1.759
9365.000 1.765
9370.000 1.795
9375.000 1.785
9380.000 1.796
9385.000 1.810
9390.000 1.831
9395.000 1.855
9400.000 1.877
9405.000 1.934
9410.000 1.962
9415.000 2.021
9420.000 2.084
9425.000 2.260
9430.000 2.423
9435.000 2.668
9440.000 3.083
9445.000 4.883
9450.000 6.516
9455.000 8.342
9460.000 8.847
9465.000 9.344
9470.000 12.748
9475.000 11.614
9480.000 3.408
9485.000 2.894
9490.000 2.950
9495.000 2.470
9500.000 2.309
9505.000 2.247
9510.000 2.132
9515.000 2.025
9520.000 1.982
9525.000 1.936
9530.000 1.855
9535.000 1.812
9540.000 1.801
9545.000 1.775
9550.000 1.730
9555.000 1.720
9560.000 1.709
9565.000 1.709
9570.000 1.710
9575.000 1.710
9580.000 1.717
9585.000 1.728
9590.000 1.727
9595.000 1.745
9600.000 1.745
9605.000 1.769
9610.000 1.789
9615.000 1.773
9620.000 1.793
9625.000 1.812
9630.000 1.818
9635.000 1.839
9640.000 1.857
9645.000 1.877
9650.000 1.894
9655.000 1.904
9660.000 1.948
9665.000 1.960
9670.000 1.975
9675.000 2.006
9680.000 2.043
9685.000 2.078
9690.000 2.097
9695.000 2.174
9700.000 2.203
9705.000 2.247
9710.000 2.282
9715.000 2.347
9720.000 2.397
9725.000 2.455
9730.000 2.570
9735.000 2.633
9740.000 2.702
9745.000 2.809
9750.000 3.065
9755.000 3.251
9760.000 3.468
9765.000 3.988
9770.000 4.335
9775.000 4.743
9780.000 5.200
9785.000 5.912
9790.000 5.904
9795.000 5.535
9800.000 4.044
9805.000 3.292
9810.000 2.680
9815.000 2.190
9820.000 1.551
9825.000 1.397
9830.000 1.390
9835.000 1.569
9840.000 2.766
9845.000 3.890
9850.000 5.163
9855.000 6.686
9860.000 6.614
9865.000 5.893
9870.000 5.070
9875.000 3.947
9880.000 3.593
9885.000 3.298
9890.000 2.863
9895.000 2.695
9900.000 2.567
9905.000 2.456
9910.000 2.272
9915.000 2.228
9920.000 2.166
9925.000 2.072
9930.000 2.055
9935.000 2.044
9940.000 2.039
9945.000 2.015
9950.000 2.013
9955.000 1.998
9960.000 1.996
9965.000 1.977
9970.000 1.998
9975.000 1.975
9980.000 1.962
9985.000 1.982
9990.000 1.994
9995.000 1.975
10000.000 1.978
