105.000 0.100
110.000 0.076
115.000 0.293
120.000 0.688
125.000 0.776
130.000 0.635
135.000 0.787
140.000 0.777
145.000 0.986
150.000 0.878
155.000 0.809
160.000 0.826
165.000 0.861
170.000 0.743
175.000 0.728
180.000 0.602
185.000 0.591
190.000 0.535
195.000 0.575
200.000 0.540
205.000 0.416
210.000 0.379
215.000 0.390
220.000 0.339
225.000 0.258
230.000 0.245
235.000 0.219
240.000 0.176
245.000 0.171
250.000 0.128
255.000 0.156
260.000 0.135
265.000 0.228
270.000 0.200
275.000 0.186
280.000 0.354
285.000 0.358
290.000 0.290
295.000 0.400
300.000 0.448
305.000 0.423
310.000 0.288
315.000 0.492
320.000 0.598
325.000 0.716
330.000 0.779
335.000 1.171
340.000 1.138
345.000 1.363
350.000 1.322
355.000 1.611
360.000 1.816
365.000 1.966
370.000 2.443
375.000 2.724
380.000 3.053
385.000 3.286
390.000 3.926
395.000 4.271
400.000 4.750
405.000 5.107
410.000 5.364
415.000 5.762
420.000 6.094
425.000 6.613
430.000 6.382
435.000 6.775
440.000 6.808
445.000 6.640
450.000 6.624
455.000 6.484
460.000 6.241
465.000 5.880
470.000 5.883
475.000 5.506
480.000 5.156
485.000 4.955
490.000 4.835
495.000 4.829
500.000 4.289
505.000 3.958
510.000 3.764
515.000 3.435
520.000 3.234
525.000 3.161
530.000 2.919
535.000 2.516
540.000 2.463
545.000 2.365
550.000 2.111
555.000 2.045
560.000 2.119
565.000 1.895
570.000 1.896
575.000 1.878
580.000 1.835
585.000 1.791
590.000 1.766
595.000 1.737
600.000 1.660
605.000 1.712
610.000 1.660
615.000 1.681
620.000 1.674
625.000 1.649
630.000 1.621
635.000 1.652
640.000 1.602
645.000 1.663
650.000 1.623
655.000 1.626
660.000 1.580
665.000 1.593
670.000 1.571
675.000 1.574
680.000 1.553
685.000 1.493
690.000 1.497
695.000 1.536
700.000 1.475
705.000 1.536
710.000 1.557
715.000 1.591
720.000 1.549
725.000 1.523
730.000 1.450
735.000 1.467
740.000 1.498
745.000 1.464
750.000 1.442
755.000 1.510
760.000 1.463
765.000 1.478
770.000 1.396
775.000 1.423
780.000 1.471
785.000 1.384
790.000 1.398
795.000 1.390
800.000 1.405
805.000 1.408
810.000 1.399
815.000 1.394
820.000 1.373
825.000 1.451
830.000 1.346
835.000 1.420
840.000 1.391
845.000 1.339
850.000 1.415
855.000 1.367
860.000 1.322
865.000 1.453
870.000 1.388
875.000 1.371
880.000 1.319
885.000 1.385
890.000 1.371
895.000 1.344
900.000 1.283
905.000 1.304
910.000 1.304
915.000 1.300
920.000 1.371
925.000 1.362
930.000 1.426
935.000 1.377
940.000 1.285
945.000 1.355
950.000 1.332
955.000 1.335
960.000 1.362
965.000 1.284
970.000 1.244
975.000 1.292
980.000 1.194
985.000 1.212
990.000 1.268
995.000 1.341
1000.000 1.449
1005.000 1.144
1010.000 1.281
1015.000 1.292
1020.000 1.323
1025.000 1.106
1030.000 1.271
1035.000 1.454
1040.000 1.255
1045.000 1.212
1050.000 1.241
1055.000 1.192
1060.000 1.312
1065.000 1.213
1070.000 1.239
1075.000 1.226
1080.000 1.244
1085.000 1.193
1090.000 1.245
1095.000 1.187
1100.000 1.185
1105.000 1.197
1110.000 1.188
1115.000 1.225
1120.000 1.240
1125.000 1.255
1130.000 1.247
1135.000 1.213
1140.000 1.176
1145.000 1.224
1150.000 1.248
1155.000 1.257
1160.000 1.169
1165.000 1.204
1170.000 1.174
1175.000 1.185
1180.000 1.211
1185.000 1.160
1190.000 1.168
1195.000 1.175
1200.000 1.134
1205.000 1.187
1210.000 1.231
1215.000 1.242
1220.000 1.180
1225.000 1.150
1230.000 1.151
1235.000 1.265
1240.000 1.277
1245.000 1.173
1250.000 1.189
1255.000 1.130
1260.000 1.138
1265.000 1.127
1270.000 1.232
1275.000 1.186
1280.000 1.174
1285.000 1.114
1290.000 1.173
1295.000 1.140
1300.000 1.151
1305.000 1.240
1310.000 1.142
1315.000 1.097
1320.000 1.138
1325.000 1.126
1330.000 1.117
1335.000 1.118
1340.000 1.098
1345.000 1.080
1350.000 1.136
1355.000 1.085
1360.000 1.109
1365.000 1.120
1370.000 1.127
1375.000 1.115
1380.000 1.092
1385.000 1.104
1390.000 1.106
1395.000 1.072
1400.000 1.074
1405.000 1.062
1410.000 1.062
1415.000 1.061
1420.000 1.086
1425.000 1.095
1430.000 1.078
1435.000 1.099
1440.000 1.066
1445.000 1.093
1450.000 1.063
1455.000 1.037
1460.000 1.037
1465.000 1.123
1470.000 1.091
1475.000 1.105
1480.000 1.051
1485.000 1.016
1490.000 0.974
1495.000 0.948
1500.000 0.964
1505.000 0.943
1510.000 0.995
1515.000 0.955
1520.000 0.950
1525.000 0.970
1530.000 0.970
1535.000 0.943
1540.000 0.925
1545.000 0.916
1550.000 0.883
1555.000 0.893
1560.000 0.913
1565.000 0.934
1570.000 0.890
1575.000 0.933
1580.000 0.902
1585.000 0.965
1590.000 0.906
1595.000 0.888
1600.000 0.872
1605.000 0.869
1610.000 0.842
1615.000 0.841
1620.000 0.858
1625.000 0.914
1630.000 0.921
1635.000 0.890
1640.000 0.857
1645.000 0.865
1650.000 0.871
1655.000 0.848
1660.000 0.867
1665.000 0.901
1670.000 0.868
1675.000 0.914
1680.000 0.873
1685.000 0.928
1690.000 0.904
1695.000 0.934
1700.000 0.963
1705.000 1.062
1710.000 1.042
1715.000 1.076
1720.000 1.123
1725.000 1.068
1730.000 1.086
1735.000 1.144
1740.000 1.131
1745.000 1.179
1750.000 1.219
1755.000 1.255
1760.000 1.283
1765.000 1.304
1770.000 1.343
1775.000 1.386
1780.000 1.391
1785.000 1.454
1790.000 1.619
1795.000 1.633
1800.000 1.647
1805.000 1.683
1810.000 1.798
1815.000 1.861
1820.000 1.861
1825.000 1.996
1830.000 2.053
1835.000 2.063
1840.000 2.115
1845.000 2.204
1850.000 2.150
1855.000 2.288
1860.000 2.357
1865.000 2.354
1870.000 2.340
1875.000 2.468
1880.000 2.477
1885.000 2.512
1890.000 2.504
1895.000 2.554
1900.000 2.624
1905.000 2.622
1910.000 2.662
1915.000 2.675
1920.000 2.686
1925.000 2.721
1930.000 2.677
1935.000 2.687
1940.000 2.733
1945.000 2.769
1950.000 2.817
1955.000 2.778
1960.000 2.753
1965.000 2.766
1970.000 2.818
1975.000 2.810
1980.000 2.948
1985.000 2.825
1990.000 2.853
1995.000 2.846
2000.000 2.862
2005.000 2.755
2010.000 2.838
2015.000 2.889
2020.000 2.797
2025.000 2.839
2030.000 2.764
2035.000 2.875
2040.000 2.894
2045.000 2.915
2050.000 2.938
2055.000 2.897
2060.000 2.876
2065.000 2.909
2070.000 2.873
2075.000 2.891
2080.000 2.958
2085.000 2.927
2090.000 2.887
2095.000 2.905
2100.000 2.914
2105.000 2.959
2110.000 2.947
2115.000 2.957
2120.000 3.019
2125.000 2.979
2130.000 2.999
2135.000 3.046
2140.000 3.058
2145.000 3.116
2150.000 3.212
2155.000 3.238
2160.000 3.155
2165.000 3.276
2170.000 3.261
2175.000 3.289
2180.000 3.305
2185.000 3.402
2190.000 3.474
2195.000 3.503
2200.000 3.757
2205.000 3.768
2210.000 3.716
2215.000 3.778
2220.000 3.928
2225.000 4.039
2230.000 4.110
2235.000 4.195
2240.000 4.501
2245.000 4.700
2250.000 4.867
2255.000 5.073
2260.000 5.648
2265.000 6.046
2270.000 6.584
2275.000 8.172
2280.000 9.291
2285.000 10.990
2290.000 13.514
2295.000 20.685
2300.000 25.005
2305.000 30.275
2310.000 43.685
2315.000 47.420
2320.000 37.372
2325.000 16.629
2330.000 9.624
2335.000 7.777
2340.000 6.146
2345.000 4.020
2350.000 3.281
2355.000 2.737
2360.000 2.502
2365.000 1.875
2370.000 1.698
2375.000 1.481
2380.000 1.314
2385.000 1.100
2390.000 1.058
2395.000 0.949
2400.000 0.869
2405.000 0.840
2410.000 0.778
2415.000 0.791
2420.000 0.734
2425.000 0.751
2430.000 0.738
2435.000 0.733
2440.000 0.731
2445.000 0.725
2450.000 0.730
2455.000 0.737
2460.000 0.743
2465.000 0.778
2470.000 0.745
2475.000 0.758
2480.000 0.774
2485.000 0.770
2490.000 0.800
2495.000 0.793
2500.000 0.812
2505.000 0.798
2510.000 0.832
2515.000 0.822
2520.000 0.833
2525.000 0.854
2530.000 0.845
2535.000 0.857
2540.000 0.876
2545.000 0.876
2550.000 0.879
2555.000 0.902
2560.000 0.911
2565.000 0.916
2570.000 0.919
2575.000 0.915
2580.000 0.930
2585.000 0.935
2590.000 0.941
2595.000 0.932
2600.000 0.959
2605.000 0.928
2610.000 0.968
2615.000 0.959
2620.000 0.986
2625.000 0.948
2630.000 0.959
2635.000 0.988
2640.000 0.985
2645.000 0.979
2650.000 0.992
2655.000 1.004
2660.000 0.973
2665.000 0.986
2670.000 1.007
2675.000 0.981
2680.000 1.021
2685.000 1.021
2690.000 1.037
2695.000 1.017
2700.000 1.029
2705.000 1.046
2710.000 1.037
2715.000 1.019
2720.000 1.041
2725.000 1.045
2730.000 1.038
2735.000 1.018
2740.000 1.035
2745.000 1.036
2750.000 1.037
2755.000 1.023
2760.000 1.024
2765.000 1.040
2770.000 1.024
2775.000 1.009
2780.000 0.994
2785.000 1.008
2790.000 1.008
2795.000 0.976
2800.000 0.990
2805.000 0.983
2810.000 0.974
2815.000 0.973
2820.000 0.967
2825.000 0.954
2830.000 0.953
2835.000 0.947
2840.000 0.925
2845.000 0.932
2850.000 0.900
2855.000 0.897
2860.000 0.903
2865.000 0.864
2870.000 0.864
2875.000 0.833
2880.000 0.856
2885.000 0.836
2890.000 0.810
2895.000 0.783
2900.000 0.788
2905.000 0.787
2910.000 0.779
2915.000 0.746
2920.000 0.724
2925.000 0.737
2930.000 0.717
2935.000 0.674
2940.000 0.669
2945.000 0.649
2950.000 0.626
2955.000 0.619
2960.000 0.635
2965.000 0.613
2970.000 0.606
2975.000 0.592
2980.000 0.518
2985.000 0.593
2990.000 0.539
2995.000 0.540
3000.000 0.503
3005.000 0.522
3010.000 0.527
3015.000 0.543
3020.000 0.523
3025.000 0.494
3030.000 0.437
3035.000 0.477
3040.000 0.452
3045.000 0.477
3050.000 0.410
3055.000 0.403
3060.000 0.445
3065.000 0.424
3070.000 0.447
3075.000 0.434
3080.000 0.424
3085.000 0.446
3090.000 0.448
3095.000 0.408
3100.000 0.448
3105.000 0.416
3110.000 0.403
3115.000 0.407
3120.000 0.417
3125.000 0.422
3130.000 0.411
3135.000 0.425
3140.000 0.436
3145.000 0.420
3150.000 0.422
3155.000 0.411
3160.000 0.427
3165.000 0.426
3170.000 0.445
3175.000 0.450
3180.000 0.412
3185.000 0.434
3190.000 0.458
3195.000 0.440
3200.000 0.453
3205.000 0.440
3210.000 0.435
3215.000 0.484
3220.000 0.462
3225.000 0.486
3230.000 0.459
3235.000 0.453
3240.000 0.477
3245.000 0.483
3250.000 0.490
3255.000 0.469
3260.000 0.521
3265.000 0.489
3270.000 0.491
3275.000 0.507
3280.000 0.511
3285.000 0.518
3290.000 0.497
3295.000 0.513
3300.000 0.529
3305.000 0.526
3310.000 0.537
3315.000 0.549
3320.000 0.551
3325.000 0.539
3330.000 0.541
3335.000 0.522
3340.000 0.557
3345.000 0.539
3350.000 0.555
3355.000 0.553
3360.000 0.565
3365.000 0.552
3370.000 0.571
3375.000 0.579
3380.000 0.568
3385.000 0.586
3390.000 0.593
3395.000 0.603
3400.000 0.579
3405.000 0.612
3410.000 0.581
3415.000 0.611
3420.000 0.628
3425.000 0.608
3430.000 0.630
3435.000 0.624
3440.000 0.628
3445.000 0.642
3450.000 0.633
3455.000 0.640
3460.000 0.620
3465.000 0.622
3470.000 0.654
3475.000 0.633
3480.000 0.633
3485.000 0.619
3490.000 0.649
3495.000 0.633
3500.000 0.638
3505.000 0.648
3510.000 0.625
3515.000 0.638
3520.000 0.622
3525.000 0.633
3530.000 0.660
3535.000 0.647
3540.000 0.650
3545.000 0.640
3550.000 0.633
3555.000 0.658
3560.000 0.651
3565.000 0.634
3570.000 0.645
3575.000 0.652
3580.000 0.641
3585.000 0.624
3590.000 0.616
3595.000 0.645
3600.000 0.701
3605.000 0.653
3610.000 0.681
3615.000 0.676
3620.000 0.653
3625.000 0.660
3630.000 0.665
3635.000 0.646
3640.000 0.681
3645.000 0.648
3650.000 0.661
3655.000 0.638
3660.000 0.631
3665.000 0.639
3670.000 0.660
3675.000 0.730
3680.000 0.859
3685.000 0.917
3690.000 2.791
3695.000 12.142
3700.000 23.922
3705.000 26.225
3710.000 4.373
3715.000 2.298
3720.000 1.118
3725.000 1.088
3730.000 1.308
3735.000 1.045
3740.000 1.369
3745.000 1.166
3750.000 0.944
3755.000 1.198
3760.000 1.106
3765.000 1.163
3770.000 0.869
3775.000 0.447
3780.000 0.537
3785.000 0.434
3790.000 0.915
3795.000 0.928
3800.000 0.683
3805.000 0.993
3810.000 0.982
3815.000 0.966
3820.000 0.740
3825.000 0.593
3830.000 0.896
3835.000 0.640
3840.000 0.766
3845.000 0.791
3850.000 0.738
3855.000 0.782
3860.000 0.760
3865.000 0.765
3870.000 0.697
3875.000 0.748
3880.000 0.747
3885.000 0.729
3890.000 0.750
3895.000 0.737
3900.000 0.704
3905.000 0.718
3910.000 0.706
3915.000 0.715
3920.000 0.720
3925.000 0.733
3930.000 0.735
3935.000 0.720
3940.000 0.717
3945.000 0.679
3950.000 0.703
3955.000 0.712
3960.000 0.691
3965.000 0.703
3970.000 0.713
3975.000 0.692
3980.000 0.699
3985.000 0.663
3990.000 0.694
3995.000 0.713
4000.000 0.700
4005.000 0.697
4010.000 0.678
4015.000 0.722
4020.000 0.697
4025.000 0.671
4030.000 0.690
4035.000 0.678
4040.000 0.711
4045.000 0.706
4050.000 0.734
4055.000 0.713
4060.000 0.730
4065.000 0.723
4070.000 0.712
4075.000 0.666
4080.000 0.700
4085.000 0.704
4090.000 0.696
4095.000 0.694
4100.000 0.693
4105.000 0.683
4110.000 0.699
4115.000 0.693
4120.000 0.698
4125.000 0.701
4130.000 0.692
4135.000 0.711
4140.000 0.708
4145.000 0.712
4150.000 0.728
4155.000 0.705
4160.000 0.717
4165.000 0.713
4170.000 0.692
4175.000 0.716
4180.000 0.708
4185.000 0.715
4190.000 0.720
4195.000 0.734
4200.000 0.721
4205.000 0.746
4210.000 0.740
4215.000 0.738
4220.000 0.747
4225.000 0.740
4230.000 0.770
4235.000 0.781
4240.000 0.761
4245.000 0.779
4250.000 0.794
4255.000 0.793
4260.000 0.787
4265.000 0.806
4270.000 0.788
4275.000 0.805
4280.000 0.810
4285.000 0.798
4290.000 0.821
4295.000 0.801
4300.000 0.793
4305.000 0.817
4310.000 0.787
4315.000 0.815
4320.000 0.784
4325.000 0.785
4330.000 0.789
4335.000 0.768
4340.000 0.766
4345.000 0.788
4350.000 0.785
4355.000 0.756
4360.000 0.754
4365.000 0.743
4370.000 0.744
4375.000 0.762
4380.000 0.748
4385.000 0.719
4390.000 0.747
4395.000 0.734
4400.000 0.722
4405.000 0.724
4410.000 0.716
4415.000 0.705
4420.000 0.692
4425.000 0.699
4430.000 0.705
4435.000 0.701
4440.000 0.686
4445.000 0.677
4450.000 0.691
4455.000 0.673
4460.000 0.679
4465.000 0.675
4470.000 0.665
4475.000 0.681
4480.000 0.660
4485.000 0.642
4490.000 0.643
4495.000 0.642
4500.000 0.625
4505.000 0.634
4510.000 0.634
4515.000 0.616
4520.000 0.614
4525.000 0.635
4530.000 0.619
4535.000 0.627
4540.000 0.613
4545.000 0.612
4550.000 0.592
4555.000 0.570
4560.000 0.569
4565.000 0.560
4570.000 0.575
4575.000 0.535
4580.000 0.540
4585.000 0.536
4590.000 0.509
4595.000 0.491
4600.000 0.508
4605.000 0.499
4610.000 0.456
4615.000 0.474
4620.000 0.456
4625.000 0.449
4630.000 0.442
4635.000 0.421
4640.000 0.399
4645.000 0.385
4650.000 0.377
4655.000 0.367
4660.000 0.346
4665.000 0.351
4670.000 0.336
4675.000 0.321
4680.000 0.329
4685.000 0.299
4690.000 0.293
4695.000 0.265
4700.000 0.236
4705.000 0.260
4710.000 0.231
4715.000 0.208
4720.000 0.216
4725.000 0.197
4730.000 0.194
4735.000 0.199
4740.000 0.178
4745.000 0.179
4750.000 0.224
4755.000 0.202
4760.000 0.217
4765.000 0.231
4770.000 0.265
4775.000 0.288
4780.000 0.314
4785.000 0.350
4790.000 0.408
4795.000 0.465
4800.000 0.496
4805.000 0.573
4810.000 0.631
4815.000 0.669
4820.000 0.735
4825.000 0.872
4830.000 0.953
4835.000 1.039
4840.000 1.203
4845.000 1.351
4850.000 1.496
4855.000 1.649
4860.000 1.940
4865.000 2.127
4870.000 2.324
4875.000 2.592
4880.000 3.167
4885.000 3.513
4890.000 3.881
4895.000 4.785
4900.000 5.314
4905.000 5.945
4910.000 6.629
4915.000 8.413
4920.000 9.468
4925.000 10.737
4930.000 13.913
4935.000 15.799
4940.000 18.239
4945.000 20.976
4950.000 28.319
4955.000 33.173
4960.000 38.896
4965.000 43.173
4970.000 10.869
4975.000 44.143
4980.000 46.791
4985.000 49.260
4990.000 46.201
4995.000 34.858
5000.000 26.829
5005.000 21.164
5010.000 17.858
5015.000 16.308
5020.000 12.836
5025.000 11.682
5030.000 10.679
5035.000 9.864
5040.000 8.434
5045.000 7.887
5050.000 7.395
5055.000 6.568
5060.000 6.258
5065.000 5.930
5070.000 5.708
5075.000 5.250
5080.000 5.067
5085.000 4.875
5090.000 4.715
5095.000 4.466
5100.000 4.323
5105.000 4.226
5110.000 4.041
5115.000 3.975
5120.000 3.881
5125.000 3.834
5130.000 3.738
5135.000 3.691
5140.000 3.657
5145.000 3.586
5150.000 3.565
5155.000 3.513
5160.000 3.490
5165.000 3.443
5170.000 3.432
5175.000 3.413
5180.000 3.387
5185.000 3.360
5190.000 3.342
5195.000 3.329
5200.000 3.297
5205.000 3.300
5210.000 3.273
5215.000 3.264
5220.000 3.268
5225.000 3.257
5230.000 3.241
5235.000 3.224
5240.000 3.217
5245.000 3.228
5250.000 3.223
5255.000 3.210
5260.000 3.212
5265.000 3.216
5270.000 3.201
5275.000 3.183
5280.000 3.176
5285.000 3.165
5290.000 3.165
5295.000 3.165
5300.000 3.163
5305.000 3.170
5310.000 3.161
5315.000 3.149
5320.000 3.146
5325.000 3.145
5330.000 3.146
5335.000 3.142
5340.000 3.133
5345.000 3.134
5350.000 3.138
5355.000 3.130
5360.000 3.122
5365.000 3.116
5370.000 3.123
5375.000 3.115
5380.000 3.097
5385.000 3.099
5390.000 3.108
5395.000 3.107
5400.000 3.105
5405.000 3.100
5410.000 3.093
5415.000 3.096
5420.000 3.081
5425.000 3.077
5430.000 3.084
5435.000 3.065
5440.000 3.067
5445.000 3.071
5450.000 3.031
5455.000 3.063
5460.000 3.050
5465.000 3.022
5470.000 3.042
5475.000 3.032
5480.000 3.034
5485.000 3.038
5490.000 3.030
5495.000 3.009
5500.000 3.014
5505.000 3.006
5510.000 2.980
5515.000 3.005
5520.000 3.003
5525.000 2.988
5530.000 2.995
5535.000 2.996
5540.000 2.983
5545.000 2.993
5550.000 2.979
5555.000 2.982
5560.000 2.984
5565.000 2.989
5570.000 2.970
5575.000 2.954
5580.000 2.956
5585.000 2.978
5590.000 2.964
5595.000 2.983
5600.000 2.982
5605.000 2.975
5610.000 2.988
5615.000 2.977
5620.000 2.987
5625.000 2.980
5630.000 2.976
5635.000 2.974
5640.000 2.996
5645.000 2.999
5650.000 3.003
5655.000 3.010
5660.000 3.017
5665.000 3.022
5670.000 3.043
5675.000 3.042
5680.000 3.053
5685.000 3.074
5690.000 3.080
5695.000 3.068
5700.000 3.085
5705.000 3.105
5710.000 3.144
5715.000 3.145
5720.000 3.151
5725.000 3.167
5730.000 3.182
5735.000 3.185
5740.000 3.244
5745.000 3.254
5750.000 3.257
5755.000 3.263
5760.000 3.321
5765.000 3.340
5770.000 3.349
5775.000 3.392
5780.000 3.409
5785.000 3.425
5790.000 3.441
5795.000 3.509
5800.000 3.523
5805.000 3.529
5810.000 3.570
5815.000 3.621
5820.000 3.656
5825.000 3.663
5830.000 3.721
5835.000 3.742
5840.000 3.741
5845.000 3.832
5850.000 3.842
5855.000 3.863
5860.000 3.862
5865.000 3.895
5870.000 3.942
5875.000 3.957
5880.000 3.959
5885.000 3.992
5890.000 4.024
5895.000 4.031
5900.000 4.080
5905.000 4.097
5910.000 4.080
5915.000 4.152
5920.000 4.182
5925.000 4.218
5930.000 4.249
5935.000 4.324
5940.000 4.333
5945.000 4.361
5950.000 4.424
5955.000 4.444
5960.000 4.497
5965.000 4.525
5970.000 4.554
5975.000 4.643
5980.000 4.715
5985.000 4.747
5990.000 4.840
5995.000 4.884
6000.000 4.920
6005.000 5.004
6010.000 5.120
6015.000 5.144
6020.000 5.230
6025.000 5.290
6030.000 5.386
6035.000 5.469
6040.000 5.551
6045.000 5.706
6050.000 5.786
6055.000 5.864
6060.000 5.942
6065.000 6.138
6070.000 6.231
6075.000 6.364
6080.000 6.673
6085.000 6.803
6090.000 6.949
6095.000 7.094
6100.000 7.451
6105.000 7.672
6110.000 7.869
6115.000 8.326
6120.000 8.596
6125.000 8.830
6130.000 9.127
6135.000 9.868
6140.000 10.290
6145.000 10.787
6150.000 12.036
6155.000 12.872
6160.000 13.822
6165.000 14.998
6170.000 18.087
6175.000 20.185
6180.000 22.877
6185.000 26.321
6190.000 35.099
6195.000 39.677
6200.000 44.491
6205.000 53.790
6210.000 58.116
6215.000 61.339
6220.000 63.251
6225.000 62.117
6230.000 55.919
6235.000 42.531
6240.000 20.774
6245.000 18.747
6250.000 16.251
6255.000 14.495
6260.000 11.821
6265.000 10.789
6270.000 9.888
6275.000 8.372
6280.000 7.721
6285.000 7.131
6290.000 6.631
6295.000 5.724
6300.000 5.355
6305.000 4.998
6310.000 4.685
6315.000 4.163
6320.000 3.926
6325.000 3.724
6330.000 3.506
6335.000 3.167
6340.000 3.012
6345.000 2.877
6350.000 2.619
6355.000 2.520
6360.000 2.422
6365.000 2.308
6370.000 2.128
6375.000 2.050
6380.000 1.975
6385.000 1.825
6390.000 1.742
6395.000 1.678
6400.000 1.631
6405.000 1.510
6410.000 1.447
6415.000 1.404
6420.000 1.301
6425.000 1.253
6430.000 1.211
6435.000 1.158
6440.000 1.078
6445.000 1.044
6450.000 1.010
6455.000 0.968
6460.000 0.890
6465.000 0.862
6470.000 0.834
6475.000 0.802
6480.000 0.795
6485.000 0.784
6490.000 0.803
6495.000 0.851
6500.000 0.893
6505.000 0.966
6510.000 1.183
6515.000 1.327
6520.000 1.533
6525.000 1.771
6530.000 2.519
6535.000 3.128
6540.000 4.027
6545.000 9.152
6550.000 18.041
6555.000 31.699
6560.000 42.262
6565.000 40.705
6570.000 16.608
6575.000 12.048
6580.000 9.600
6585.000 6.354
6590.000 5.660
6595.000 4.512
6600.000 4.226
6605.000 3.555
6610.000 3.375
6615.000 3.160
6620.000 2.749
6625.000 2.594
6630.000 2.444
6635.000 2.230
6640.000 2.137
6645.000 2.059
6650.000 1.968
6655.000 1.855
6660.000 1.798
6665.000 1.752
6670.000 1.661
6675.000 1.623
6680.000 1.593
6685.000 1.567
6690.000 1.513
6695.000 1.484
6700.000 1.472
6705.000 1.441
6710.000 1.406
6715.000 1.384
6720.000 1.362
6725.000 1.348
6730.000 1.322
6735.000 1.313
6740.000 1.298
6745.000 1.268
6750.000 1.268
6755.000 1.255
6760.000 1.252
6765.000 1.234
6770.000 1.222
6775.000 1.219
6780.000 1.200
6785.000 1.203
6790.000 1.192
6795.000 1.189
6800.000 1.172
6805.000 1.170
6810.000 1.157
6815.000 1.170
6820.000 1.161
6825.000 1.156
6830.000 1.154
6835.000 1.150
6840.000 1.143
6845.000 1.144
6850.000 1.149
6855.000 1.133
6860.000 1.134
6865.000 1.131
6870.000 1.115
6875.000 1.116
6880.000 1.114
6885.000 1.109
6890.000 1.116
6895.000 1.092
6900.000 1.109
6905.000 1.120
6910.000 1.109
6915.000 1.107
6920.000 1.108
6925.000 1.102
6930.000 1.102
6935.000 1.100
6940.000 1.103
6945.000 1.112
6950.000 1.110
6955.000 1.098
6960.000 1.099
6965.000 1.106
6970.000 1.092
6975.000 1.104
6980.000 1.110
6985.000 1.104
6990.000 1.096
6995.000 1.111
7000.000 1.103
7005.000 1.107
7010.000 1.123
7015.000 1.112
7020.000 1.110
7025.000 1.115
7030.000 1.119
7035.000 1.121
7040.000 1.134
7045.000 1.121
7050.000 1.122
7055.000 1.129
7060.000 1.149
7065.000 1.144
7070.000 1.143
7075.000 1.145
7080.000 1.155
7085.000 1.160
7090.000 1.166
7095.000 1.165
7100.000 1.172
7105.000 1.191
7110.000 1.189
7115.000 1.187
7120.000 1.195
7125.000 1.197
7130.000 1.205
7135.000 1.208
7140.000 1.220
7145.000 1.243
7150.000 1.240
7155.000 1.243
7160.000 1.252
7165.000 1.258
7170.000 1.267
7175.000 1.276
7180.000 1.295
7185.000 1.298
7190.000 1.309
7195.000 1.333
7200.000 1.335
7205.000 1.344
7210.000 1.371
7215.000 1.388
7220.000 1.411
7225.000 1.418
7230.000 1.441
7235.000 1.450
7240.000 1.483
7245.000 1.503
7250.000 1.525
7255.000 1.550
7260.000 1.579
7265.000 1.633
7270.000 1.655
7275.000 1.684
7280.000 1.717
7285.000 1.775
7290.000 1.815
7295.000 1.858
7300.000 1.955
7305.000 2.012
7310.000 2.057
7315.000 2.114
7320.000 2.254
7325.000 2.340
7330.000 2.444
7335.000 2.645
7340.000 2.779
7345.000 2.936
7350.000 3.109
7355.000 3.500
7360.000 3.765
7365.000 3.929
7370.000 4.453
7375.000 5.309
7380.000 5.944
7385.000 6.773
7390.000 9.094
7395.000 10.572
7400.000 12.381
7405.000 14.535
7410.000 20.120
7415.000 23.385
7420.000 26.954
7425.000 34.151
7430.000 36.658
7435.000 37.234
7440.000 34.624
7445.000 19.541
7450.000 14.125
7455.000 9.788
7460.000 6.628
7465.000 6.590
7470.000 6.641
7475.000 6.027
7480.000 4.895
7485.000 4.470
7490.000 4.093
7495.000 3.779
7500.000 3.262
7505.000 3.055
7510.000 2.870
7515.000 2.555
7520.000 2.424
7525.000 2.307
7530.000 2.201
7535.000 2.029
7540.000 1.937
7545.000 1.875
7550.000 1.813
7555.000 1.704
7560.000 1.661
7565.000 1.611
7570.000 1.536
7575.000 1.512
7580.000 1.463
7585.000 1.437
7590.000 1.380
7595.000 1.350
7600.000 1.325
7605.000 1.300
7610.000 1.272
7615.000 1.259
7620.000 1.257
7625.000 1.203
7630.000 1.205
7635.000 1.192
7640.000 1.172
7645.000 1.146
7650.000 1.145
7655.000 1.129
7660.000 1.114
7665.000 1.106
7670.000 1.108
7675.000 1.095
7680.000 1.087
7685.000 1.066
7690.000 1.064
7695.000 1.060
7700.000 1.051
7705.000 1.049
7710.000 1.044
7715.000 1.036
7720.000 1.026
7725.000 1.028
7730.000 1.026
7735.000 1.015
7740.000 1.008
7745.000 1.019
7750.000 1.016
7755.000 1.001
7760.000 0.994
7765.000 0.999
7770.000 0.997
7775.000 0.991
7780.000 0.992
7785.000 0.995
7790.000 0.986
7795.000 0.982
7800.000 0.988
7805.000 1.005
7810.000 0.984
7815.000 0.981
7820.000 0.989
7825.000 0.991
7830.000 0.990
7835.000 0.988
7840.000 0.982
7845.000 0.985
7850.000 0.979
7855.000 0.983
7860.000 0.994
7865.000 0.993
7870.000 0.985
7875.000 0.976
7880.000 0.986
7885.000 0.986
7890.000 0.985
7895.000 0.984
7900.000 0.978
7905.000 0.985
7910.000 0.982
7915.000 0.986
7920.000 0.991
7925.000 0.992
7930.000 0.996
7935.000 1.000
7940.000 0.993
7945.000 0.992
7950.000 0.987
7955.000 1.000
7960.000 0.996
7965.000 0.990
7970.000 0.983
7975.000 0.992
7980.000 1.004
7985.000 1.005
7990.000 0.992
7995.000 0.990
8000.000 0.991
8005.000 0.978
8010.000 0.977
8015.000 0.949
8020.000 0.870
8025.000 0.747
8030.000 0.552
8035.000 1.230
8040.000 4.958
8045.000 14.410
8050.000 18.904
8055.000 3.906
8060.000 2.744
8065.000 3.808
8070.000 2.662
8075.000 1.722
8080.000 1.653
8085.000 1.595
8090.000 1.446
8095.000 1.395
8100.000 1.349
8105.000 1.339
8110.000 1.257
8115.000 1.238
8120.000 1.220
8125.000 1.185
8130.000 1.171
8135.000 1.167
8140.000 1.150
8145.000 1.140
8150.000 1.143
8155.000 1.130
8160.000 1.131
8165.000 1.133
8170.000 1.132
8175.000 1.144
8180.000 1.145
8185.000 1.150
8190.000 1.150
8195.000 1.162
8200.000 1.195
8205.000 1.189
8210.000 1.195
8215.000 1.206
8220.000 1.214
8225.000 1.239
8230.000 1.247
8235.000 1.254
8240.000 1.272
8245.000 1.294
8250.000 1.285
8255.000 1.307
8260.000 1.336
8265.000 1.352
8270.000 1.369
8275.000 1.399
8280.000 1.418
8285.000 1.425
8290.000 1.451
8295.000 1.476
8300.000 1.483
8305.000 1.529
8310.000 1.574
8315.000 1.590
8320.000 1.608
8325.000 1.648
8330.000 1.688
8335.000 1.711
8340.000 1.720
8345.000 1.747
8350.000 1.801
8355.000 1.808
8360.000 1.873
8365.000 1.888
8370.000 1.934
8375.000 1.963
8380.000 2.033
8385.000 2.080
8390.000 2.114
8395.000 2.205
8400.000 2.248
8405.000 2.309
8410.000 2.381
8415.000 2.520
8420.000 2.576
8425.000 2.666
8430.000 2.778
8435.000 2.844
8440.000 2.919
8445.000 3.019
8450.000 3.234
8455.000 3.331
8460.000 3.455
8465.000 3.605
8470.000 3.927
8475.000 4.122
8480.000 4.423
8485.000 5.108
8490.000 5.672
8495.000 6.403
8500.000 7.465
8505.000 11.354
8510.000 14.885
8515.000 19.757
8520.000 31.256
8525.000 34.687
8530.000 29.500
8535.000 10.753
8540.000 3.643
8545.000 2.177
8550.000 3.545
8555.000 3.933
8560.000 4.419
8565.000 5.102
8570.000 5.694
8575.000 8.934
8580.000 10.903
8585.000 12.910
8590.000 15.025
8595.000 19.734
8600.000 22.320
8605.000 25.132
8610.000 27.987
8615.000 34.126
8620.000 36.402
8625.000 37.391
8630.000 33.751
8635.000 29.092
8640.000 24.735
8645.000 20.999
8650.000 14.859
8655.000 12.497
8660.000 10.658
8665.000 7.594
8670.000 5.820
8675.000 5.188
8680.000 5.499
8685.000 5.426
8690.000 5.224
8695.000 5.022
8700.000 4.656
8705.000 4.473
8710.000 4.363
8715.000 4.252
8720.000 4.018
8725.000 3.893
8730.000 3.783
8735.000 3.667
8740.000 3.467
8745.000 3.356
8750.000 3.262
8755.000 3.101
8760.000 3.020
8765.000 2.936
8770.000 2.872
8775.000 2.774
8780.000 2.708
8785.000 2.643
8790.000 2.542
8795.000 2.480
8800.000 2.437
8805.000 2.400
8810.000 2.323
8815.000 2.299
8820.000 2.263
8825.000 2.194
8830.000 2.155
8835.000 2.137
8840.000 2.111
8845.000 2.051
8850.000 2.009
8855.000 2.008
8860.000 1.961
8865.000 1.948
8870.000 1.905
8875.000 1.892
8880.000 1.863
8885.000 1.855
8890.000 1.831
8895.000 1.813
8900.000 1.772
8905.000 1.757
8910.000 1.749
8915.000 1.705
8920.000 1.686
8925.000 1.678
8930.000 1.663
8935.000 1.626
8940.000 1.616
8945.000 1.611
8950.000 1.589
8955.000 1.579
8960.000 1.572
8965.000 1.544
8970.000 1.528
8975.000 1.524
8980.000 1.512
8985.000 1.496
8990.000 1.478
8995.000 1.453
9000.000 1.470
9005.000 1.430
9010.000 1.450
9015.000 1.432
9020.000 1.422
9025.000 1.406
9030.000 1.384
9035.000 1.384
9040.000 1.372
9045.000 1.350
9050.000 1.378
9055.000 1.349
9060.000 1.346
9065.000 1.319
9070.000 1.313
9075.000 1.329
9080.000 1.305
9085.000 1.306
9090.000 1.275
9095.000 1.267
9100.000 1.279
9105.000 1.278
9110.000 1.271
9115.000 1.264
9120.000 1.257
9125.000 1.261
9130.000 1.251
9135.000 1.229
9140.000 1.231
9145.000 1.222
9150.000 1.217
9155.000 1.223
9160.000 1.213
9165.000 1.214
9170.000 1.200
9175.000 1.193
9180.000 1.188
9185.000 1.188
9190.000 1.170
9195.000 1.168
9200.000 1.167
9205.000 1.153
9210.000 1.158
9215.000 1.153
9220.000 1.147
9225.000 1.128
9230.000 1.132
9235.000 1.123
9240.000 1.107
9245.000 1.112
9250.000 1.103
9255.000 1.106
9260.000 1.097
9265.000 1.093
9270.000 1.093
9275.000 1.078
9280.000 1.077
9285.000 1.068
9290.000 1.059
9295.000 1.062
9300.000 1.050
9305.000 1.057
9310.000 1.033
9315.000 1.030
9320.000 1.026
9325.000 1.022
9330.000 1.002
9335.000 1.002
9340.000 0.995
9345.000 0.991
9350.000 0.993
9355.000 0.980
9360.000 0.979
9365.000 0.983
9370.000 0.983
9375.000 0.989
9380.000 1.004
9385.000 1.042
9390.000 1.074
9395.000 1.104
9400.000 1.238
9405.000 1.342
9410.000 1.489
9415.000 1.686
9420.000 2.428
9425.000 3.070
9430.000 4.137
9435.000 5.718
9440.000 10.796
9445.000 14.339
9450.000 18.639
9455.000 29.892
9460.000 34.363
9465.000 31.778
9470.000 16.162
9475.000 16.517
9480.000 14.487
9485.000 9.984
9490.000 8.468
9495.000 7.510
9500.000 6.804
9505.000 6.216
9510.000 5.353
9515.000 5.025
9520.000 4.727
9525.000 4.290
9530.000 4.110
9535.000 3.976
9540.000 3.840
9545.000 3.665
9550.000 3.608
9555.000 3.555
9560.000 3.521
9565.000 3.524
9570.000 3.527
9575.000 3.531
9580.000 3.587
9585.000 3.613
9590.000 3.648
9595.000 3.681
9600.000 3.809
9605.000 3.862
9610.000 3.916
9615.000 3.979
9620.000 4.005
9625.000 4.076
9630.000 4.125
9635.000 4.272
9640.000 4.321
9645.000 4.385
9650.000 4.555
9655.000 4.629
9660.000 4.742
9665.000 4.844
9670.000 5.052
9675.000 5.185
9680.000 5.343
9685.000 5.522
9690.000 5.844
9695.000 6.031
9700.000 6.255
9705.000 6.460
9710.000 7.000
9715.000 7.321
9720.000 7.700
9725.000 8.589
9730.000 9.156
9735.000 9.794
9740.000 10.538
9745.000 12.468
9750.000 13.699
9755.000 15.185
9760.000 19.021
9765.000 21.471
9770.000 24.345
9775.000 27.842
9780.000 35.205
9785.000 38.365
9790.000 40.914
9795.000 43.400
9800.000 42.600
9805.000 39.642
9810.000 34.604
9815.000 24.601
9820.000 20.753
9825.000 17.702
9830.000 15.276
9835.000 11.631
9840.000 10.179
9845.000 8.981
9850.000 7.645
9855.000 7.482
9860.000 7.368
9865.000 7.172
9870.000 6.690
9875.000 6.497
9880.000 6.280
9885.000 5.910
9890.000 5.742
9895.000 5.569
9900.000 5.382
9905.000 4.985
9910.000 4.802
9915.000 4.624
9920.000 4.302
9925.000 4.149
9930.000 4.003
9935.000 3.851
9940.000 3.618
9945.000 3.510
9950.000 3.404
9955.000 3.305
9960.000 3.120
9965.000 3.037
9970.000 2.974
9975.000 2.822
9980.000 2.754
9985.000 2.701
9990.000 2.638
9995.000 2.535
10000.000 2.483
