105.000 0.024
110.000 0.065
115.000 0.184
125.000 0.683
130.000 0.684
135.000 0.742
140.000 0.704
145.000 0.746
150.000 0.618
155.000 0.719
160.000 0.737
165.000 0.661
170.000 0.607
175.000 0.535
180.000 0.477
185.000 0.536
190.000 0.426
195.000 0.394
200.000 0.402
205.000 0.476
210.000 0.402
215.000 0.353
220.000 0.292
225.000 0.253
230.000 0.260
235.000 0.207
240.000 0.196
245.000 0.171
250.000 0.160
255.000 0.115
260.000 0.108
265.000 0.109
270.000 0.144
275.000 0.127
280.000 0.193
285.000 0.146
290.000 0.226
295.000 0.204
300.000 0.343
305.000 0.414
310.000 0.471
315.000 0.477
320.000 0.610
325.000 0.705
330.000 0.632
335.000 0.850
340.000 1.148
345.000 1.248
350.000 1.313
355.000 1.501
360.000 1.946
365.000 1.869
370.000 2.259
375.000 2.470
380.000 2.821
385.000 3.326
390.000 3.563
395.000 3.965
400.000 4.227
405.000 4.901
410.000 5.109
415.000 5.564
420.000 5.872
425.000 6.460
430.000 6.338
435.000 6.596
440.000 6.475
445.000 6.336
450.000 6.229
455.000 6.294
460.000 5.969
465.000 5.884
470.000 5.768
475.000 5.298
480.000 5.187
485.000 5.059
490.000 4.894
495.000 4.207
500.000 4.380
505.000 3.965
510.000 3.561
515.000 3.313
520.000 3.120
525.000 3.027
530.000 2.744
535.000 2.597
540.000 2.605
545.000 2.525
550.000 2.346
555.000 2.152
560.000 2.122
565.000 2.062
570.000 1.981
575.000 1.891
580.000 1.798
585.000 1.753
590.000 1.749
595.000 1.784
600.000 1.739
605.000 1.746
610.000 1.677
615.000 1.588
620.000 1.777
625.000 1.685
630.000 1.631
635.000 1.643
640.000 1.607
645.000 1.622
650.000 1.586
655.000 1.593
660.000 1.550
665.000 1.540
670.000 1.574
675.000 1.531
680.000 1.540
685.000 1.547
690.000 1.548
695.000 1.535
700.000 1.536
705.000 1.465
710.000 1.493
715.000 1.512
720.000 1.459
725.000 1.473
730.000 1.517
735.000 1.454
740.000 1.437
745.000 1.495
750.000 1.479
755.000 1.479
760.000 1.504
765.000 1.508
770.000 1.449
775.000 1.424
780.000 1.410
785.000 1.395
790.000 1.342
795.000 1.448
800.000 1.541
805.000 1.399
810.000 1.310
815.000 1.447
820.000 1.328
825.000 1.455
830.000 1.480
835.000 1.343
840.000 1.348
845.000 1.354
850.000 1.461
855.000 1.386
860.000 1.395
865.000 1.367
870.000 1.403
875.000 1.460
880.000 1.402
885.000 1.400
890.000 1.273
895.000 1.316
900.000 1.337
905.000 1.293
910.000 1.283
915.000 1.258
920.000 1.297
925.000 1.380
930.000 1.352
935.000 1.285
940.000 1.328
945.000 1.307
950.000 1.287
955.000 1.254
960.000 1.379
965.000 1.217
970.000 1.345
975.000 1.267
980.000 1.277
985.000 1.316
990.000 1.326
995.000 1.428
1000.000 1.240
1005.000 1.428
1010.000 1.248
1015.000 1.143
1020.000 1.189
1025.000 1.185
1030.000 1.162
1035.000 1.302
1040.000 1.237
1045.000 1.206
1050.000 1.218
1055.000 1.285
1060.000 1.269
1065.000 1.276
1070.000 1.183
1075.000 1.156
1080.000 1.228
1085.000 1.180
1090.000 1.336
1095.000 1.235
1100.000 1.321
1105.000 1.227
1110.000 1.196
1115.000 1.156
1120.000 1.181
1125.000 1.239
1130.000 1.281
1135.000 1.259
1140.000 1.227
1145.000 1.200
1150.000 1.230
1155.000 1.204
1160.000 1.190
1165.000 1.259
1170.000 1.213
1175.000 1.239
1180.000 1.246
1185.000 1.234
1190.000 1.206
1195.000 1.173
1200.000 1.151
1205.000 1.173
1210.000 1.209
1215.000 1.176
1220.000 1.153
1225.000 1.238
1230.000 1.160
1235.000 1.152
1240.000 1.165
1245.000 1.148
1250.000 1.168
1255.000 1.211
1260.000 1.158
1265.000 1.232
1270.000 1.244
1275.000 1.198
1280.000 1.169
1285.000 1.151
1290.000 1.126
1295.000 1.092
1300.000 1.147
1305.000 1.151
1310.000 1.174
1315.000 1.249
1320.000 1.128
1325.000 1.115
1330.000 1.072
1335.000 1.176
1340.000 1.136
1345.000 1.094
1350.000 1.114
1355.000 1.067
1360.000 1.118
1365.000 1.095
1370.000 1.057
1375.000 1.166
1380.000 1.106
1385.000 1.078
1390.000 1.095
1395.000 1.104
1400.000 1.091
1405.000 1.075
1410.000 1.068
1415.000 1.094
1420.000 1.077
1425.000 1.099
1430.000 1.169
1435.000 1.064
1440.000 1.103
1445.000 1.077
1450.000 1.081
1455.000 1.068
1460.000 1.048
1465.000 1.096
1470.000 1.021
1475.000 1.019
1480.000 0.993
1485.000 1.010
1490.000 0.996
1495.000 0.978
1500.000 0.989
1505.000 1.000
1510.000 0.927
1515.000 0.959
1520.000 1.037
1525.000 0.965
1530.000 0.925
1535.000 0.904
1540.000 0.889
1545.000 0.884
1550.000 0.909
1555.000 0.867
1560.000 0.862
1565.000 0.882
1570.000 0.873
1575.000 0.895
1580.000 0.866
1585.000 0.853
1590.000 0.954
1595.000 0.935
1600.000 0.903
1605.000 0.858
1610.000 0.880
1615.000 0.859
1620.000 0.863
1625.000 0.819
1630.000 0.902
1635.000 0.904
1640.000 0.899
1645.000 0.915
1650.000 0.919
1655.000 0.915
1660.000 0.848
1665.000 0.929
1670.000 0.863
1675.000 0.878
1680.000 0.877
1685.000 0.902
1690.000 0.934
1695.000 0.955
1700.000 0.970
1705.000 0.991
1710.000 1.002
1715.000 1.000
1720.000 1.055
1725.000 1.069
1730.000 1.133
1735.000 1.170
1740.000 1.195
1745.000 1.157
1750.000 1.257
1755.000 1.284
1760.000 1.284
1765.000 1.364
1770.000 1.486
1775.000 1.531
1780.000 1.555
1785.000 1.612
1790.000 1.644
1795.000 1.692
1800.000 1.727
1805.000 1.825
1810.000 1.883
1815.000 1.862
1820.000 1.930
1825.000 2.010
1830.000 2.053
1835.000 2.134
1840.000 2.277
1845.000 2.315
1850.000 2.298
1855.000 2.300
1860.000 2.371
1865.000 2.381
1870.000 2.474
1875.000 2.586
1880.000 2.578
1885.000 2.592
1890.000 2.623
1895.000 2.710
1900.000 2.742
1905.000 2.699
1910.000 2.763
1915.000 2.793
1920.000 2.815
1925.000 2.802
1930.000 2.818
1935.000 2.831
1940.000 2.863
1945.000 2.847
1950.000 2.862
1955.000 2.777
1960.000 2.826
1965.000 2.856
1970.000 2.918
1975.000 2.887
1980.000 2.845
1985.000 2.836
1990.000 2.831
1995.000 2.906
2000.000 2.869
2005.000 2.917
2010.000 2.906
2015.000 2.903
2020.000 2.876
2025.000 2.926
2030.000 2.900
2035.000 2.972
2040.000 2.933
2045.000 2.925
2050.000 2.954
2055.000 3.011
2060.000 2.957
2065.000 3.046
2070.000 2.998
2075.000 3.061
2080.000 3.086
2085.000 3.076
2090.000 3.085
2095.000 3.006
2100.000 3.052
2105.000 3.065
2110.000 3.084
2115.000 3.070
2120.000 3.134
2125.000 3.131
2130.000 3.186
2135.000 3.145
2140.000 3.175
2145.000 3.193
2150.000 3.256
2155.000 3.196
2160.000 3.279
2165.000 3.356
2170.000 3.405
2175.000 3.435
2180.000 3.470
2185.000 3.535
2190.000 3.610
2195.000 3.664
2200.000 3.803
2205.000 3.931
2210.000 3.940
2215.000 4.012
2220.000 4.214
2225.000 4.243
2230.000 4.365
2235.000 4.604
2240.000 4.760
2245.000 4.946
2250.000 5.162
2255.000 5.724
2260.000 6.063
2265.000 6.536
2270.000 7.922
2275.000 8.861
2280.000 10.341
2285.000 12.243
2290.000 18.899
2295.000 23.774
2300.000 29.372
2305.000 34.898
2310.000 40.861
2315.000 40.169
2320.000 38.666
2325.000 14.487
2330.000 10.577
2335.000 8.352
2340.000 6.663
2345.000 4.523
2350.000 3.822
2355.000 3.206
2360.000 2.398
2365.000 2.157
2370.000 1.866
2375.000 1.666
2380.000 1.364
2385.000 1.285
2390.000 1.174
2395.000 1.016
2400.000 0.962
2405.000 0.912
2410.000 0.848
2415.000 0.822
2420.000 0.789
2425.000 0.770
2430.000 0.759
2435.000 0.776
2440.000 0.765
2445.000 0.742
2450.000 0.760
2455.000 0.769
2460.000 0.778
2465.000 0.767
2470.000 0.791
2475.000 0.746
2480.000 0.816
2485.000 0.816
2490.000 0.810
2495.000 0.815
2500.000 0.829
2505.000 0.833
2510.000 0.868
2515.000 0.856
2520.000 0.887
2525.000 0.882
2530.000 0.885
2535.000 0.889
2540.000 0.923
2545.000 0.907
2550.000 0.922
2555.000 0.924
2560.000 0.930
2565.000 0.951
2570.000 0.946
2575.000 0.973
2580.000 0.978
2585.000 0.970
2590.000 0.998
2595.000 0.983
2600.000 0.995
2605.000 1.001
2610.000 0.994
2615.000 1.013
2620.000 1.043
2625.000 1.043
2630.000 1.033
2635.000 1.054
2640.000 1.049
2645.000 1.057
2650.000 1.066
2655.000 1.094
2660.000 1.097
2665.000 1.091
2670.000 1.109
2675.000 1.095
2680.000 1.071
2685.000 1.091
2690.000 1.100
2695.000 1.129
2700.000 1.110
2705.000 1.132
2710.000 1.120
2715.000 1.138
2720.000 1.117
2725.000 1.148
2730.000 1.162
2735.000 1.140
2740.000 1.153
2745.000 1.160
2750.000 1.163
2755.000 1.169
2760.000 1.176
2765.000 1.136
2770.000 1.153
2775.000 1.120
2780.000 1.128
2785.000 1.115
2790.000 1.139
2795.000 1.129
2800.000 1.135
2805.000 1.152
2810.000 1.140
2815.000 1.137
2820.000 1.113
2825.000 1.125
2830.000 1.072
2835.000 1.092
2840.000 1.101
2845.000 1.077
2850.000 1.069
2855.000 1.036
2860.000 1.033
2865.000 0.994
2870.000 0.982
2875.000 1.009
2880.000 1.013
2885.000 0.988
2890.000 0.993
2895.000 0.939
2900.000 0.914
2905.000 0.907
2910.000 0.880
2915.000 0.881
2920.000 0.828
2925.000 0.832
2930.000 0.831
2935.000 0.807
2940.000 0.756
2945.000 0.733
2950.000 0.735
2955.000 0.722
2960.000 0.685
2965.000 0.670
2970.000 0.617
2975.000 0.712
2980.000 0.600
2985.000 0.586
2990.000 0.609
2995.000 0.565
3000.000 0.544
3005.000 0.540
3010.000 0.543
3015.000 0.560
3020.000 0.537
3025.000 0.531
3030.000 0.480
3035.000 0.440
3040.000 0.455
3045.000 0.480
3050.000 0.445
3055.000 0.424
3060.000 0.381
3065.000 0.386
3070.000 0.393
3075.000 0.363
3080.000 0.335
3085.000 0.368
3090.000 0.354
3095.000 0.345
3100.000 0.337
3105.000 0.317
3110.000 0.322
3115.000 0.345
3120.000 0.320
3125.000 0.310
3130.000 0.329
3135.000 0.311
3140.000 0.297
3145.000 0.310
3150.000 0.323
3155.000 0.287
3160.000 0.323
3165.000 0.312
3170.000 0.310
3175.000 0.303
3180.000 0.314
3185.000 0.306
3190.000 0.304
3195.000 0.313
3200.000 0.324
3205.000 0.312
3210.000 0.333
3215.000 0.318
3220.000 0.328
3225.000 0.332
3230.000 0.325
3235.000 0.314
3240.000 0.330
3245.000 0.345
3250.000 0.332
3255.000 0.338
3260.000 0.364
3265.000 0.344
3270.000 0.323
3275.000 0.353
3280.000 0.342
3285.000 0.349
3290.000 0.340
3295.000 0.365
3300.000 0.365
3305.000 0.355
3310.000 0.365
3315.000 0.371
3320.000 0.356
3325.000 0.349
3330.000 0.369
3335.000 0.361
3340.000 0.376
3345.000 0.351
3350.000 0.367
3355.000 0.370
3360.000 0.377
3365.000 0.389
3370.000 0.385
3375.000 0.375
3380.000 0.371
3385.000 0.367
3390.000 0.361
3395.000 0.377
3400.000 0.373
3405.000 0.357
3410.000 0.373
3415.000 0.382
3420.000 0.362
3425.000 0.363
3430.000 0.371
3435.000 0.375
3440.000 0.388
3445.000 0.347
3450.000 0.341
3455.000 0.347
3460.000 0.353
3465.000 0.354
3470.000 0.330
3475.000 0.337
3480.000 0.357
3485.000 0.334
3490.000 0.331
3495.000 0.327
3500.000 0.337
3505.000 0.330
3510.000 0.292
3515.000 0.288
3520.000 0.290
3525.000 0.281
3530.000 0.293
3535.000 0.304
3540.000 0.248
3545.000 0.268
3550.000 0.244
3555.000 0.241
3560.000 0.239
3565.000 0.246
3570.000 0.226
3575.000 0.212
3580.000 0.210
3585.000 0.205
3590.000 0.216
3595.000 0.205
3600.000 0.367
3605.000 0.361
3610.000 0.346
3615.000 0.425
3620.000 0.461
3625.000 0.490
3630.000 0.544
3635.000 0.661
3640.000 0.819
3645.000 0.901
3650.000 1.061
3655.000 1.471
3660.000 1.777
3665.000 2.114
3670.000 2.651
3675.000 3.798
3680.000 4.250
3685.000 4.162
3690.000 2.371
3695.000 13.320
3700.000 22.987
3705.000 15.460
3710.000 18.919
3715.000 12.665
3720.000 8.891
3725.000 6.471
3730.000 6.304
3735.000 4.963
3740.000 5.143
3745.000 3.934
3750.000 3.661
3755.000 3.581
3760.000 2.510
3765.000 2.508
3770.000 2.579
3775.000 1.849
3780.000 1.495
3785.000 1.657
3790.000 2.161
3795.000 1.550
3800.000 1.287
3805.000 1.580
3810.000 1.823
3815.000 1.609
3820.000 1.229
3825.000 1.522
3830.000 1.390
3835.000 1.236
3840.000 1.181
3845.000 1.197
3850.000 1.316
3855.000 1.353
3860.000 1.187
3865.000 1.294
3870.000 1.222
3875.000 1.202
3880.000 1.220
3885.000 1.193
3890.000 1.191
3895.000 1.195
3900.000 1.173
3905.000 1.152
3910.000 1.145
3915.000 1.122
3920.000 1.105
3925.000 1.108
3930.000 1.110
3935.000 1.110
3940.000 1.080
3945.000 1.027
3950.000 1.048
3955.000 1.046
3960.000 1.057
3965.000 1.062
3970.000 1.081
3975.000 1.066
3980.000 1.040
3985.000 1.064
3990.000 1.080
3995.000 1.058
4000.000 1.042
4005.000 1.014
4010.000 1.043
4015.000 1.028
4020.000 1.071
4025.000 1.046
4030.000 1.010
4035.000 1.035
4040.000 1.048
4045.000 1.079
4050.000 1.072
4055.000 1.078
4060.000 1.062
4065.000 1.027
4070.000 1.025
4075.000 0.989
4080.000 1.006
4085.000 1.029
4090.000 1.034
4095.000 1.006
4100.000 0.983
4105.000 0.999
4110.000 1.002
4115.000 0.984
4120.000 0.970
4125.000 0.985
4130.000 0.976
4135.000 1.004
4140.000 0.974
4145.000 0.974
4150.000 0.981
4155.000 0.988
4160.000 1.009
4165.000 0.988
4170.000 0.970
4175.000 0.985
4180.000 0.965
4185.000 0.943
4190.000 0.973
4195.000 0.945
4200.000 0.957
4205.000 0.949
4210.000 0.971
4215.000 0.959
4220.000 0.948
4225.000 0.976
4230.000 0.958
4235.000 0.961
4240.000 0.955
4245.000 0.965
4250.000 0.958
4255.000 0.980
4260.000 0.966
4265.000 0.988
4270.000 0.956
4275.000 0.970
4280.000 0.957
4285.000 0.985
4290.000 0.969
4295.000 0.969
4300.000 0.972
4305.000 0.959
4310.000 0.974
4315.000 0.948
4320.000 0.939
4325.000 0.921
4330.000 0.947
4335.000 0.932
4340.000 0.915
4345.000 0.911
4350.000 0.909
4355.000 0.924
4360.000 0.881
4365.000 0.921
4370.000 0.896
4375.000 0.893
4380.000 0.903
4385.000 0.879
4390.000 0.880
4395.000 0.876
4400.000 0.870
4405.000 0.857
4410.000 0.872
4415.000 0.872
4420.000 0.851
4425.000 0.862
4430.000 0.856
4435.000 0.842
4440.000 0.865
4445.000 0.840
4450.000 0.845
4455.000 0.826
4460.000 0.854
4465.000 0.832
4470.000 0.806
4475.000 0.815
4480.000 0.822
4485.000 0.821
4490.000 0.804
4495.000 0.802
4500.000 0.803
4505.000 0.780
4510.000 0.789
4515.000 0.761
4520.000 0.787
4525.000 0.774
4530.000 0.740
4535.000 0.743
4540.000 0.738
4545.000 0.765
4550.000 0.742
4555.000 0.745
4560.000 0.737
4565.000 0.728
4570.000 0.725
4575.000 0.694
4580.000 0.688
4585.000 0.708
4590.000 0.679
4595.000 0.681
4600.000 0.669
4605.000 0.644
4610.000 0.641
4615.000 0.643
4620.000 0.649
4625.000 0.643
4630.000 0.626
4635.000 0.593
4640.000 0.574
4645.000 0.595
4650.000 0.579
4655.000 0.573
4660.000 0.552
4665.000 0.540
4670.000 0.546
4675.000 0.525
4680.000 0.496
4685.000 0.495
4690.000 0.486
4695.000 0.470
4700.000 0.470
4705.000 0.444
4710.000 0.414
4715.000 0.398
4720.000 0.398
4725.000 0.359
4730.000 0.336
4735.000 0.322
4740.000 0.327
4745.000 0.293
4750.000 0.269
4755.000 0.240
4760.000 0.235
4765.000 0.229
4770.000 0.201
4775.000 0.195
4780.000 0.182
4785.000 0.202
4790.000 0.198
4795.000 0.233
4800.000 0.236
4805.000 0.298
4810.000 0.324
4815.000 0.349
4820.000 0.470
4825.000 0.506
4830.000 0.580
4835.000 0.667
4840.000 0.810
4845.000 0.915
4850.000 1.018
4855.000 1.281
4860.000 1.406
4865.000 1.568
4870.000 1.752
4875.000 2.217
4880.000 2.474
4885.000 2.791
4890.000 3.091
4895.000 3.872
4900.000 4.339
4905.000 4.787
4910.000 6.097
4915.000 6.868
4920.000 7.788
4925.000 8.842
4930.000 11.650
4935.000 13.415
4940.000 15.543
4945.000 21.191
4950.000 24.943
4955.000 29.535
4960.000 35.228
4965.000 42.765
4970.000 27.078
4975.000 24.742
4980.000 40.920
4985.000 45.613
4990.000 42.812
4995.000 36.684
5000.000 23.809
5005.000 18.050
5010.000 16.915
5015.000 14.582
5020.000 11.977
5025.000 10.768
5030.000 9.854
5035.000 8.311
5040.000 7.707
5045.000 7.194
5050.000 6.777
5055.000 6.008
5060.000 5.704
5065.000 5.419
5070.000 4.998
5075.000 4.814
5080.000 4.655
5085.000 4.509
5090.000 4.227
5095.000 4.123
5100.000 4.032
5105.000 3.854
5110.000 3.795
5115.000 3.729
5120.000 3.672
5125.000 3.565
5130.000 3.516
5135.000 3.495
5140.000 3.481
5145.000 3.389
5150.000 3.380
5155.000 3.333
5160.000 3.317
5165.000 3.295
5170.000 3.256
5175.000 3.263
5180.000 3.219
5185.000 3.211
5190.000 3.197
5195.000 3.184
5200.000 3.173
5205.000 3.150
5210.000 3.154
5215.000 3.137
5220.000 3.143
5225.000 3.137
5230.000 3.120
5235.000 3.130
5240.000 3.121
5245.000 3.125
5250.000 3.109
5255.000 3.114
5260.000 3.113
5265.000 3.116
5270.000 3.099
5275.000 3.124
5280.000 3.110
5285.000 3.107
5290.000 3.120
5295.000 3.115
5300.000 3.128
5305.000 3.133
5310.000 3.138
5315.000 3.141
5320.000 3.140
5325.000 3.140
5330.000 3.131
5335.000 3.142
5340.000 3.135
5345.000 3.143
5350.000 3.153
5355.000 3.153
5360.000 3.158
5365.000 3.145
5370.000 3.142
5375.000 3.165
5380.000 3.168
5385.000 3.156
5390.000 3.160
5395.000 3.248
5400.000 3.260
5405.000 3.235
5410.000 3.201
5415.000 3.163
5420.000 3.666
5425.000 4.670
5430.000 4.762
5435.000 4.560
5440.000 4.332
5445.000 4.124
5450.000 3.790
5455.000 3.763
5460.000 3.866
5465.000 3.612
5470.000 3.498
5475.000 3.434
5480.000 3.356
5485.000 3.278
5490.000 3.254
5495.000 3.224
5500.000 3.185
5505.000 3.174
5510.000 3.156
5515.000 3.176
5520.000 3.141
5525.000 3.162
5530.000 3.146
5535.000 3.133
5540.000 3.151
5545.000 3.123
5550.000 3.141
5555.000 3.147
5560.000 3.149
5565.000 3.607
5570.000 3.757
5575.000 3.549
5580.000 3.725
5585.000 4.169
5590.000 3.981
5595.000 3.703
5600.000 3.597
5605.000 3.495
5610.000 3.387
5615.000 3.365
5620.000 3.309
5625.000 3.312
5630.000 3.287
5635.000 3.284
5640.000 3.287
5645.000 3.287
5650.000 3.291
5655.000 3.300
5660.000 3.290
5665.000 3.330
5670.000 3.319
5675.000 3.366
5680.000 3.383
5685.000 3.382
5690.000 3.404
5695.000 3.409
5700.000 3.416
5705.000 3.408
5710.000 3.432
5715.000 3.462
5720.000 3.472
5725.000 3.458
5730.000 3.471
5735.000 3.500
5740.000 3.488
5745.000 3.491
5750.000 3.512
5755.000 3.525
5760.000 3.548
5765.000 3.570
5770.000 3.587
5775.000 3.594
5780.000 3.583
5785.000 3.620
5790.000 3.643
5795.000 3.668
5800.000 3.657
5805.000 3.668
5810.000 3.691
5815.000 3.703
5820.000 3.687
5825.000 3.739
5830.000 3.755
5835.000 3.768
5840.000 3.784
5845.000 3.825
5850.000 3.815
5855.000 3.821
5860.000 3.872
5865.000 3.884
5870.000 3.914
5875.000 3.941
5880.000 3.950
5885.000 3.971
5890.000 3.987
5895.000 4.022
5900.000 4.085
5905.000 4.126
5910.000 4.148
5915.000 4.171
5920.000 4.206
5925.000 4.247
5930.000 4.268
5935.000 4.348
5940.000 4.368
5945.000 4.408
5950.000 4.463
5955.000 4.498
5960.000 4.529
5965.000 4.575
5970.000 4.694
5975.000 4.733
5980.000 4.721
5985.000 4.793
5990.000 4.890
5995.000 4.909
6000.000 4.991
6005.000 5.114
6010.000 5.145
6015.000 5.193
6020.000 5.258
6025.000 5.439
6030.000 5.490
6035.000 5.588
6040.000 5.726
6045.000 5.845
6050.000 5.899
6055.000 6.033
6060.000 6.228
6065.000 6.380
6070.000 6.491
6075.000 6.758
6080.000 6.887
6085.000 7.048
6090.000 7.200
6095.000 7.586
6100.000 7.781
6105.000 7.981
6110.000 8.234
6115.000 8.687
6120.000 8.969
6125.000 9.254
6130.000 9.948
6135.000 10.382
6140.000 10.866
6145.000 11.452
6150.000 12.830
6155.000 13.692
6160.000 14.783
6165.000 17.517
6170.000 19.341
6175.000 21.693
6180.000 24.659
6185.000 32.423
6190.000 36.781
6195.000 41.221
6200.000 50.357
6205.000 54.933
6210.000 59.142
6215.000 62.066
6220.000 65.944
6225.000 65.147
6230.000 59.912
6235.000 50.118
6240.000 27.125
6245.000 23.329
6250.000 20.208
6255.000 17.637
6260.000 14.078
6265.000 12.750
6270.000 11.586
6275.000 9.644
6280.000 8.837
6285.000 8.108
6290.000 7.498
6295.000 6.403
6300.000 5.955
6305.000 5.565
6310.000 4.889
6315.000 4.608
6320.000 4.345
6325.000 4.117
6330.000 3.703
6335.000 3.540
6340.000 3.366
6345.000 3.083
6350.000 2.941
6355.000 2.831
6360.000 2.717
6365.000 2.494
6370.000 2.403
6375.000 2.314
6380.000 2.230
6385.000 2.066
6390.000 1.993
6395.000 1.926
6400.000 1.786
6405.000 1.730
6410.000 1.669
6415.000 1.605
6420.000 1.486
6425.000 1.446
6430.000 1.382
6435.000 1.284
6440.000 1.224
6445.000 1.187
6450.000 1.143
6455.000 1.039
6460.000 1.008
6465.000 0.961
6470.000 0.875
6475.000 0.848
6480.000 0.818
6485.000 0.801
6490.000 0.779
6495.000 0.806
6500.000 0.832
6505.000 0.894
6510.000 1.099
6515.000 1.263
6520.000 1.464
6525.000 2.075
6530.000 2.545
6535.000 3.201
6540.000 4.176
6545.000 9.831
6550.000 19.734
6555.000 34.741
6560.000 49.149
6565.000 38.664
6570.000 9.388
6575.000 23.986
6580.000 6.646
6585.000 7.141
6590.000 5.901
6595.000 5.071
6600.000 4.877
6605.000 4.083
6610.000 3.880
6615.000 3.363
6620.000 3.152
6625.000 2.960
6630.000 2.808
6635.000 2.548
6640.000 2.459
6645.000 2.363
6650.000 2.219
6655.000 2.133
6660.000 2.078
6665.000 2.020
6670.000 1.921
6675.000 1.876
6680.000 1.844
6685.000 1.814
6690.000 1.755
6695.000 1.732
6700.000 1.699
6705.000 1.651
6710.000 1.634
6715.000 1.621
6720.000 1.589
6725.000 1.562
6730.000 1.556
6735.000 1.530
6740.000 1.504
6745.000 1.505
6750.000 1.499
6755.000 1.475
6760.000 1.450
6765.000 1.440
6770.000 1.440
6775.000 1.412
6780.000 1.418
6785.000 1.413
6790.000 1.413
6795.000 1.385
6800.000 1.383
6805.000 1.379
6810.000 1.377
6815.000 1.361
6820.000 1.353
6825.000 1.349
6830.000 1.349
6835.000 1.344
6840.000 1.351
6845.000 1.346
6850.000 1.338
6855.000 1.336
6860.000 1.327
6865.000 1.339
6870.000 1.330
6875.000 1.332
6880.000 1.326
6885.000 1.319
6890.000 1.320
6895.000 1.321
6900.000 1.312
6905.000 1.328
6910.000 1.326
6915.000 1.321
6920.000 1.321
6925.000 1.320
6930.000 1.320
6935.000 1.326
6940.000 1.337
6945.000 1.329
6950.000 1.337
6955.000 1.335
6960.000 1.328
6965.000 1.341
6970.000 1.344
6975.000 1.346
6980.000 1.346
6985.000 1.348
6990.000 1.347
6995.000 1.365
7000.000 1.353
7005.000 1.361
7010.000 1.378
7015.000 1.383
7020.000 1.395
7025.000 1.373
7030.000 1.397
7035.000 1.402
7040.000 1.403
7045.000 1.407
7050.000 1.423
7055.000 1.421
7060.000 1.433
7065.000 1.464
7070.000 1.457
7075.000 1.455
7080.000 1.477
7085.000 1.499
7090.000 1.496
7095.000 1.511
7100.000 1.529
7105.000 1.529
7110.000 1.540
7115.000 1.563
7120.000 1.577
7125.000 1.581
7130.000 1.595
7135.000 1.614
7140.000 1.635
7145.000 1.640
7150.000 1.656
7155.000 1.699
7160.000 1.711
7165.000 1.715
7170.000 1.754
7175.000 1.766
7180.000 1.798
7185.000 1.800
7190.000 1.837
7195.000 1.875
7200.000 1.892
7205.000 1.922
7210.000 1.968
7215.000 2.005
7220.000 2.038
7225.000 2.095
7230.000 2.115
7235.000 2.160
7240.000 2.207
7245.000 2.305
7250.000 2.343
7255.000 2.394
7260.000 2.511
7265.000 2.581
7270.000 2.628
7275.000 2.701
7280.000 2.874
7285.000 2.969
7290.000 3.053
7295.000 3.273
7300.000 3.434
7305.000 3.575
7310.000 3.727
7315.000 4.063
7320.000 4.228
7325.000 4.433
7330.000 4.648
7335.000 5.175
7340.000 5.484
7345.000 5.820
7350.000 6.495
7355.000 6.836
7360.000 7.360
7365.000 8.110
7370.000 9.226
7375.000 10.166
7380.000 11.241
7385.000 12.499
7390.000 15.928
7395.000 18.233
7400.000 20.965
7405.000 27.643
7410.000 31.888
7415.000 36.338
7420.000 40.716
7425.000 48.497
7430.000 51.277
7435.000 52.470
7440.000 45.039
7445.000 36.130
7450.000 27.573
7455.000 19.404
7460.000 10.733
7465.000 10.072
7470.000 9.764
7475.000 9.264
7480.000 7.969
7485.000 7.370
7490.000 6.862
7495.000 5.952
7500.000 5.570
7505.000 5.227
7510.000 4.910
7515.000 4.386
7520.000 4.161
7525.000 3.958
7530.000 3.596
7535.000 3.439
7540.000 3.292
7545.000 3.192
7550.000 2.955
7555.000 2.857
7560.000 2.766
7565.000 2.605
7570.000 2.532
7575.000 2.457
7580.000 2.391
7585.000 2.271
7590.000 2.205
7595.000 2.166
7600.000 2.111
7605.000 2.025
7610.000 1.987
7615.000 1.939
7620.000 1.860
7625.000 1.839
7630.000 1.801
7635.000 1.778
7640.000 1.714
7645.000 1.694
7650.000 1.668
7655.000 1.616
7660.000 1.594
7665.000 1.569
7670.000 1.559
7675.000 1.527
7680.000 1.498
7685.000 1.487
7690.000 1.451
7695.000 1.443
7700.000 1.415
7705.000 1.403
7710.000 1.385
7715.000 1.364
7720.000 1.353
7725.000 1.354
7730.000 1.314
7735.000 1.301
7740.000 1.298
7745.000 1.284
7750.000 1.271
7755.000 1.261
7760.000 1.245
7765.000 1.217
7770.000 1.215
7775.000 1.207
7780.000 1.192
7785.000 1.183
7790.000 1.177
7795.000 1.169
7800.000 1.161
7805.000 1.144
7810.000 1.147
7815.000 1.144
7820.000 1.125
7825.000 1.119
7830.000 1.114
7835.000 1.104
7840.000 1.087
7845.000 1.094
7850.000 1.094
7855.000 1.077
7860.000 1.064
7865.000 1.062
7870.000 1.064
7875.000 1.058
7880.000 1.052
7885.000 1.046
7890.000 1.041
7895.000 1.035
7900.000 1.034
7905.000 1.029
7910.000 1.026
7915.000 1.021
7920.000 1.013
7925.000 0.994
7930.000 1.010
7935.000 0.989
7940.000 0.991
7945.000 1.038
7950.000 1.024
7955.000 1.018
7960.000 1.328
7965.000 1.525
7970.000 6.167
7975.000 6.056
7980.000 4.331
7985.000 2.745
7990.000 2.229
7995.000 1.520
8000.000 1.518
8005.000 1.339
8010.000 1.352
8015.000 1.399
8020.000 1.388
8025.000 1.418
8030.000 1.420
8035.000 1.608
8040.000 3.373
8045.000 8.294
8050.000 21.185
8055.000 6.097
8060.000 6.379
8065.000 3.882
8070.000 3.232
8075.000 2.895
8080.000 2.265
8085.000 1.810
8090.000 1.655
8095.000 1.586
8100.000 1.518
8105.000 1.396
8110.000 1.342
8115.000 1.311
8120.000 1.260
8125.000 1.214
8130.000 1.181
8135.000 1.154
8140.000 1.118
8145.000 1.113
8150.000 1.096
8155.000 1.088
8160.000 1.068
8165.000 1.056
8170.000 1.037
8175.000 1.043
8180.000 1.029
8185.000 1.022
8190.000 1.012
8195.000 1.010
8200.000 1.018
8205.000 1.004
8210.000 0.996
8215.000 0.982
8220.000 0.977
8225.000 0.983
8230.000 0.974
8235.000 0.981
8240.000 0.978
8245.000 0.980
8250.000 0.961
8255.000 0.975
8260.000 0.977
8265.000 0.975
8270.000 0.958
8275.000 0.977
8280.000 0.975
8285.000 0.963
8290.000 0.970
8295.000 0.966
8300.000 0.964
8305.000 0.967
8310.000 0.963
8315.000 0.973
8320.000 0.974
8325.000 0.973
8330.000 0.968
8335.000 0.981
8340.000 0.979
8345.000 0.983
8350.000 0.992
8355.000 0.987
8360.000 1.004
8365.000 0.999
8370.000 1.000
8375.000 1.013
8380.000 1.016
8385.000 1.030
8390.000 1.039
8395.000 1.051
8400.000 1.054
8405.000 1.066
8410.000 1.090
8415.000 1.096
8420.000 1.108
8425.000 1.130
8430.000 1.174
8435.000 1.192
8440.000 1.210
8445.000 1.264
8450.000 1.299
8455.000 1.343
8460.000 1.385
8465.000 1.487
8470.000 1.561
8475.000 1.668
8480.000 1.779
8485.000 2.069
8490.000 2.291
8495.000 2.597
8500.000 3.755
8505.000 4.961
8510.000 7.080
8515.000 10.734
8520.000 25.221
8525.000 31.708
8530.000 31.935
8535.000 8.271
8540.000 6.184
8545.000 5.922
8550.000 3.367
8555.000 2.071
8560.000 1.870
8565.000 1.425
8570.000 1.457
8575.000 1.520
8580.000 1.601
8585.000 1.743
8590.000 2.156
8595.000 2.453
8600.000 2.814
8605.000 3.320
8610.000 5.328
8615.000 6.674
8620.000 8.129
8625.000 9.451
8630.000 8.758
8635.000 7.425
8640.000 6.104
8645.000 3.972
8650.000 3.422
8655.000 3.556
8660.000 4.267
8665.000 3.760
8670.000 2.619
8675.000 1.590
8680.000 2.317
8685.000 2.421
8690.000 2.410
8695.000 2.386
8700.000 2.274
8705.000 2.215
8710.000 2.166
8715.000 2.055
8720.000 2.011
8725.000 1.969
8730.000 1.924
8735.000 1.855
8740.000 1.820
8745.000 1.794
8750.000 1.737
8755.000 1.711
8760.000 1.699
8765.000 1.678
8770.000 1.639
8775.000 1.622
8780.000 1.603
8785.000 1.574
8790.000 1.568
8795.000 1.543
8800.000 1.526
8805.000 1.513
8810.000 1.497
8815.000 1.486
8820.000 1.469
8825.000 1.455
8830.000 1.445
8835.000 1.438
8840.000 1.412
8845.000 1.401
8850.000 1.397
8855.000 1.382
8860.000 1.372
8865.000 1.358
8870.000 1.362
8875.000 1.350
8880.000 1.329
8885.000 1.333
8890.000 1.330
8895.000 1.302
8900.000 1.299
8905.000 1.294
8910.000 1.275
8915.000 1.273
8920.000 1.273
8925.000 1.257
8930.000 1.258
8935.000 1.243
8940.000 1.230
8945.000 1.240
8950.000 1.220
8955.000 1.211
8960.000 1.212
8965.000 1.216
8970.000 1.195
8975.000 1.210
8980.000 1.187
8985.000 1.190
8990.000 1.170
8995.000 1.165
9000.000 1.183
9005.000 1.157
9010.000 1.154
9015.000 1.164
9020.000 1.137
9025.000 1.131
9030.000 1.134
9035.000 1.143
9040.000 1.136
9045.000 1.137
9050.000 1.122
9055.000 1.130
9060.000 1.127
9065.000 1.125
9070.000 1.117
9075.000 1.111
9080.000 1.105
9085.000 1.117
9090.000 1.108
9095.000 1.090
9100.000 1.098
9105.000 1.095
9110.000 1.082
9115.000 1.073
9120.000 1.079
9125.000 1.081
9130.000 1.080
9135.000 1.060
9140.000 1.074
9145.000 1.077
9150.000 1.066
9155.000 1.060
9160.000 1.059
9165.000 1.048
9170.000 1.053
9175.000 1.060
9180.000 1.051
9185.000 1.040
9190.000 1.050
9195.000 1.039
9200.000 1.042
9205.000 1.042
9210.000 1.033
9215.000 1.035
9220.000 1.032
9225.000 1.031
9230.000 1.028
9235.000 1.015
9240.000 1.029
9245.000 1.030
9250.000 1.003
9255.000 1.013
9260.000 1.019
9265.000 1.019
9270.000 1.009
9275.000 0.998
9280.000 1.007
9285.000 0.989
9290.000 1.001
9295.000 0.995
9300.000 0.999
9305.000 0.993
9310.000 0.987
9315.000 0.983
9320.000 0.982
9325.000 0.980
9330.000 0.976
9335.000 0.968
9340.000 0.980
9345.000 0.979
9350.000 0.974
9355.000 0.978
9360.000 0.996
9365.000 1.013
9370.000 1.007
9375.000 1.014
9380.000 1.064
9385.000 1.101
9390.000 1.123
9395.000 1.172
9400.000 1.329
9405.000 1.418
9410.000 1.565
9415.000 2.025
9420.000 2.349
9425.000 2.819
9430.000 3.509
9435.000 5.750
9440.000 7.731
9445.000 10.806
9450.000 21.592
9455.000 27.953
9460.000 33.995
9465.000 36.026
9470.000 3.877
9475.000 12.965
9480.000 11.729
9485.000 6.513
9490.000 6.385
9495.000 5.794
9500.000 5.104
9505.000 4.288
9510.000 4.026
9515.000 3.751
9520.000 3.568
9525.000 3.263
9530.000 3.126
9535.000 3.030
9540.000 2.866
9545.000 2.797
9550.000 2.741
9555.000 2.686
9560.000 2.629
9565.000 2.593
9570.000 2.581
9575.000 2.575
9580.000 2.579
9585.000 2.601
9590.000 2.607
9595.000 2.672
9600.000 2.706
9605.000 2.738
9610.000 2.796
9615.000 2.901
9620.000 2.944
9625.000 3.008
9630.000 3.173
9635.000 3.249
9640.000 3.336
9645.000 3.434
9650.000 3.675
9655.000 3.811
9660.000 3.969
9665.000 4.095
9670.000 4.301
9675.000 4.433
9680.000 4.584
9685.000 4.838
9690.000 4.988
9695.000 5.178
9700.000 5.353
9705.000 5.788
9710.000 6.048
9715.000 6.349
9720.000 7.060
9725.000 7.515
9730.000 7.998
9735.000 8.576
9740.000 10.052
9745.000 11.012
9750.000 12.131
9755.000 15.040
9760.000 16.938
9765.000 19.168
9770.000 21.699
9775.000 27.863
9780.000 31.316
9785.000 34.713
9790.000 39.845
9795.000 41.184
9800.000 41.122
9810.000 29.693
9815.000 24.794
9820.000 20.839
9825.000 17.755
9830.000 13.260
9835.000 11.538
9840.000 10.054
9845.000 8.765
9850.000 7.304
9855.000 7.216
9860.000 7.165
9865.000 6.716
9870.000 6.456
9875.000 6.259
9880.000 6.076
9885.000 5.701
9890.000 5.538
9895.000 5.363
9900.000 5.079
9905.000 4.905
9910.000 4.731
9915.000 4.564
9920.000 4.257
9925.000 4.112
9930.000 3.981
9935.000 3.832
9940.000 3.601
9945.000 3.495
9950.000 3.399
9955.000 3.205
9960.000 3.134
9965.000 3.044
9970.000 2.971
9975.000 2.836
9980.000 2.777
9985.000 2.704
9990.000 2.655
9995.000 2.551
10000.000 2.495
