105.000 0.046
110.000 0.073
115.000 0.636
120.000 0.744
125.000 0.694
130.000 0.830
135.000 0.723
140.000 0.813
145.000 0.810
150.000 0.884
155.000 0.779
160.000 0.766
165.000 0.552
170.000 0.574
175.000 0.544
180.000 0.511
185.000 0.520
190.000 0.483
195.000 0.534
200.000 0.491
205.000 0.467
210.000 0.425
215.000 0.359
220.000 0.325
225.000 0.222
230.000 0.333
235.000 0.291
240.000 0.254
245.000 0.208
250.000 0.186
255.000 0.109
260.000 0.154
265.000 0.121
270.000 0.127
275.000 0.176
280.000 0.191
285.000 0.252
290.000 0.192
295.000 0.220
300.000 0.328
305.000 0.391
310.000 0.461
315.000 0.518
320.000 0.613
325.000 0.726
330.000 0.985
335.000 1.074
340.000 1.312
345.000 1.343
350.000 1.496
355.000 1.660
360.000 1.700
365.000 2.120
370.000 2.593
375.000 2.722
380.000 3.240
385.000 3.467
390.000 3.812
395.000 4.247
400.000 5.024
405.000 5.261
410.000 5.576
415.000 6.119
420.000 6.414
425.000 6.797
430.000 6.820
435.000 6.718
440.000 6.931
445.000 6.887
450.000 6.732
455.000 6.485
460.000 6.380
465.000 6.203
470.000 5.961
475.000 5.756
480.000 5.634
485.000 5.432
490.000 4.946
495.000 4.557
500.000 4.818
505.000 4.394
510.000 3.874
515.000 3.691
520.000 3.480
525.000 3.180
530.000 2.943
535.000 2.852
540.000 2.728
545.000 2.444
550.000 2.381
555.000 2.344
560.000 2.135
565.000 2.044
570.000 2.067
575.000 1.960
580.000 1.855
585.000 1.878
590.000 1.843
595.000 1.837
600.000 1.815
605.000 1.779
610.000 1.700
615.000 1.771
620.000 1.816
625.000 1.790
630.000 1.676
635.000 1.670
640.000 1.650
645.000 1.665
650.000 1.664
655.000 1.680
660.000 1.621
665.000 1.601
670.000 1.724
675.000 1.697
680.000 1.604
685.000 1.576
690.000 1.582
695.000 1.510
700.000 1.541
705.000 1.600
710.000 1.567
715.000 1.512
720.000 1.602
725.000 1.539
730.000 1.472
735.000 1.478
740.000 1.586
745.000 1.559
750.000 1.477
755.000 1.475
760.000 1.454
765.000 1.481
770.000 1.439
775.000 1.495
780.000 1.432
785.000 1.430
790.000 1.442
795.000 1.403
800.000 1.459
805.000 1.407
810.000 1.414
815.000 1.415
820.000 1.358
825.000 1.378
830.000 1.378
835.000 1.389
840.000 1.528
845.000 1.523
850.000 1.411
855.000 1.380
860.000 1.384
865.000 1.375
870.000 1.369
875.000 1.308
880.000 1.430
885.000 1.458
890.000 1.388
895.000 1.380
900.000 1.328
905.000 1.411
910.000 1.314
915.000 1.281
920.000 1.310
925.000 1.342
930.000 1.353
935.000 1.404
940.000 1.340
945.000 1.299
950.000 1.385
955.000 1.384
960.000 1.270
965.000 1.349
970.000 1.301
975.000 1.253
980.000 1.211
985.000 1.313
990.000 1.258
995.000 1.392
1000.000 1.238
1005.000 1.434
1010.000 1.165
1015.000 1.215
1020.000 1.229
1025.000 1.306
1030.000 1.392
1035.000 1.244
1040.000 1.318
1045.000 1.382
1050.000 1.345
1055.000 1.285
1060.000 1.233
1065.000 1.215
1070.000 1.316
1075.000 1.305
1080.000 1.229
1085.000 1.224
1090.000 1.209
1095.000 1.215
1100.000 1.179
1105.000 1.280
1110.000 1.259
1115.000 1.276
1120.000 1.259
1125.000 1.253
1130.000 1.226
1135.000 1.191
1140.000 1.191
1145.000 1.191
1150.000 1.188
1155.000 1.229
1160.000 1.199
1165.000 1.206
1170.000 1.195
1175.000 1.205
1180.000 1.212
1185.000 1.244
1190.000 1.214
1195.000 1.253
1200.000 1.196
1205.000 1.227
1210.000 1.190
1215.000 1.167
1220.000 1.178
1225.000 1.150
1230.000 1.189
1235.000 1.182
1240.000 1.180
1245.000 1.252
1250.000 1.198
1255.000 1.251
1260.000 1.157
1265.000 1.124
1270.000 1.261
1275.000 1.214
1280.000 1.191
1285.000 1.164
1290.000 1.146
1295.000 1.104
1300.000 1.173
1305.000 1.104
1310.000 1.133
1315.000 1.125
1320.000 1.129
1325.000 1.128
1330.000 1.155
1335.000 1.217
1340.000 1.116
1345.000 1.151
1350.000 1.123
1355.000 1.098
1360.000 1.120
1365.000 1.101
1370.000 1.103
1375.000 1.151
1380.000 1.079
1385.000 1.121
1390.000 1.095
1395.000 1.087
1400.000 1.096
1405.000 1.176
1410.000 1.116
1415.000 1.084
1420.000 1.083
1425.000 1.069
1430.000 1.095
1435.000 1.129
1440.000 1.097
1445.000 1.111
1450.000 1.076
1455.000 1.072
1460.000 1.029
1465.000 1.071
1470.000 1.116
1475.000 0.993
1480.000 0.982
1485.000 0.992
1490.000 1.060
1495.000 0.970
1500.000 0.970
1505.000 0.966
1510.000 0.923
1515.000 0.904
1520.000 0.916
1525.000 0.906
1530.000 0.917
1535.000 0.892
1540.000 0.892
1545.000 0.901
1550.000 0.896
1555.000 0.938
1560.000 0.931
1565.000 0.956
1570.000 0.895
1575.000 0.856
1580.000 0.880
1585.000 0.874
1590.000 0.865
1595.000 0.873
1600.000 0.837
1605.000 0.887
1610.000 0.866
1615.000 0.826
1620.000 0.819
1625.000 0.827
1630.000 0.811
1635.000 0.829
1640.000 0.821
1645.000 0.836
1650.000 0.849
1655.000 0.847
1660.000 0.870
1665.000 0.850
1670.000 0.843
1675.000 0.841
1680.000 0.873
1685.000 0.902
1690.000 0.927
1695.000 0.941
1700.000 0.998
1705.000 0.972
1710.000 0.979
1715.000 1.032
1720.000 1.109
1725.000 1.059
1730.000 1.124
1735.000 1.152
1740.000 1.110
1745.000 1.259
1750.000 1.206
1755.000 1.256
1760.000 1.275
1765.000 1.347
1770.000 1.416
1775.000 1.460
1780.000 1.517
1785.000 1.544
1790.000 1.568
1795.000 1.639
1800.000 1.777
1805.000 1.769
1810.000 1.822
1815.000 1.886
1820.000 1.928
1825.000 1.986
1830.000 2.055
1835.000 2.119
1840.000 2.189
1845.000 2.214
1850.000 2.257
1855.000 2.296
1860.000 2.354
1865.000 2.364
1870.000 2.460
1875.000 2.528
1880.000 2.584
1885.000 2.608
1890.000 2.610
1895.000 2.627
1900.000 2.646
1905.000 2.828
1910.000 2.770
1915.000 2.820
1920.000 2.843
1925.000 2.790
1930.000 2.885
1935.000 2.894
1940.000 2.820
1945.000 2.874
1950.000 2.861
1955.000 2.854
1960.000 2.932
1965.000 2.920
1970.000 2.899
1975.000 2.847
1980.000 2.848
1985.000 2.821
1990.000 2.872
1995.000 2.908
2000.000 2.902
2005.000 2.839
2010.000 2.925
2015.000 2.892
2020.000 2.979
2025.000 2.937
2030.000 3.001
2035.000 2.952
2040.000 3.003
2045.000 2.966
2050.000 2.908
2055.000 2.969
2060.000 2.973
2065.000 2.978
2070.000 2.950
2075.000 3.029
2080.000 2.975
2085.000 2.969
2090.000 3.030
2095.000 2.997
2100.000 3.055
2105.000 3.111
2110.000 3.050
2115.000 3.091
2120.000 3.101
2125.000 3.157
2130.000 3.113
2135.000 3.157
2140.000 3.214
2145.000 3.247
2150.000 3.247
2155.000 3.290
2160.000 3.317
2165.000 3.326
2170.000 3.391
2175.000 3.458
2180.000 3.570
2185.000 3.512
2190.000 3.612
2195.000 3.701
2200.000 3.779
2205.000 3.845
2210.000 3.932
2215.000 4.042
2220.000 4.060
2225.000 4.195
2230.000 4.415
2235.000 4.587
2240.000 4.739
2245.000 4.929
2250.000 5.289
2255.000 5.496
2260.000 5.824
2265.000 6.806
2270.000 7.403
2275.000 8.327
2280.000 9.403
2285.000 13.088
2290.000 16.071
2295.000 19.796
2300.000 29.593
2305.000 35.439
2310.000 42.331
2315.000 48.731
2320.000 27.635
2325.000 17.036
2330.000 12.714
2335.000 9.421
2340.000 6.080
2345.000 5.098
2350.000 4.282
2355.000 3.083
2360.000 2.717
2365.000 2.375
2370.000 2.094
2375.000 1.688
2380.000 1.532
2385.000 1.394
2390.000 1.292
2395.000 1.104
2400.000 1.029
2405.000 0.991
2410.000 0.862
2415.000 0.845
2420.000 0.820
2425.000 0.811
2430.000 0.786
2435.000 0.785
2440.000 0.758
2445.000 0.756
2450.000 0.788
2455.000 0.760
2460.000 0.767
2465.000 0.758
2470.000 0.775
2475.000 0.795
2480.000 0.805
2485.000 0.804
2490.000 0.822
2495.000 0.817
2500.000 0.819
2505.000 0.847
2510.000 0.841
2515.000 0.849
2520.000 0.862
2525.000 0.876
2530.000 0.891
2535.000 0.884
2540.000 0.909
2545.000 0.901
2550.000 0.922
2555.000 0.912
2560.000 0.930
2565.000 0.934
2570.000 0.957
2575.000 0.943
2580.000 0.983
2585.000 0.969
2590.000 0.963
2595.000 0.982
2600.000 0.996
2605.000 0.997
2610.000 0.994
2615.000 0.992
2620.000 1.017
2625.000 1.025
2630.000 1.012
2635.000 1.039
2640.000 1.046
2645.000 1.058
2650.000 1.037
2655.000 1.068
2660.000 1.082
2665.000 1.053
2670.000 1.077
2675.000 1.092
2680.000 1.076
2685.000 1.072
2690.000 1.093
2695.000 1.098
2700.000 1.133
2705.000 1.098
2710.000 1.117
2715.000 1.133
2720.000 1.125
2725.000 1.122
2730.000 1.119
2735.000 1.130
2740.000 1.109
2745.000 1.109
2750.000 1.150
2755.000 1.103
2760.000 1.111
2765.000 1.138
2770.000 1.119
2775.000 1.125
2780.000 1.109
2785.000 1.099
2790.000 1.123
2795.000 1.112
2800.000 1.113
2805.000 1.093
2810.000 1.086
2815.000 1.069
2820.000 1.089
2825.000 1.081
2830.000 1.088
2835.000 1.091
2840.000 1.047
2845.000 1.029
2850.000 1.038
2855.000 1.037
2860.000 1.016
2865.000 1.018
2870.000 0.987
2875.000 0.993
2880.000 0.974
2885.000 0.961
2890.000 0.932
2895.000 0.911
2900.000 0.902
2905.000 0.886
2910.000 0.876
2915.000 0.859
2920.000 0.851
2925.000 0.841
2930.000 0.786
2935.000 0.797
2940.000 0.764
2945.000 0.756
2950.000 0.770
2955.000 0.725
2960.000 0.713
2965.000 0.658
2970.000 0.637
2975.000 0.666
2980.000 0.650
2985.000 0.644
2990.000 0.625
2995.000 0.577
3000.000 0.578
3005.000 0.519
3010.000 0.574
3015.000 0.538
3020.000 0.522
3025.000 0.499
3030.000 0.477
3035.000 0.424
3040.000 0.413
3045.000 0.477
3050.000 0.461
3055.000 0.401
3060.000 0.404
3065.000 0.339
3070.000 0.375
3075.000 0.397
3080.000 0.357
3085.000 0.346
3090.000 0.350
3095.000 0.330
3100.000 0.301
3105.000 0.318
3110.000 0.307
3115.000 0.300
3120.000 0.317
3125.000 0.267
3130.000 0.241
3135.000 0.259
3140.000 0.260
3145.000 0.248
3150.000 0.236
3155.000 0.250
3160.000 0.231
3165.000 0.244
3170.000 0.211
3175.000 0.214
3180.000 0.213
3185.000 0.201
3190.000 0.194
3195.000 0.186
3200.000 0.191
3205.000 0.183
3210.000 0.191
3215.000 0.183
3220.000 0.181
3225.000 0.174
3230.000 0.183
3235.000 0.179
3240.000 0.164
3245.000 0.188
3250.000 0.180
3255.000 0.168
3260.000 0.175
3265.000 0.170
3270.000 0.159
3275.000 0.163
3280.000 0.173
3285.000 0.159
3290.000 0.168
3295.000 0.168
3300.000 0.165
3305.000 0.166
3310.000 0.158
3315.000 0.177
3320.000 0.173
3325.000 0.161
3330.000 0.171
3335.000 0.163
3340.000 0.154
3345.000 0.158
3350.000 0.144
3355.000 0.171
3360.000 0.147
3365.000 0.163
3370.000 0.142
3375.000 0.147
3380.000 0.136
3385.000 0.157
3390.000 0.143
3395.000 0.144
3400.000 0.121
3405.000 0.140
3410.000 0.143
3415.000 0.125
3420.000 0.134
3425.000 0.128
3430.000 0.125
3435.000 0.107
3440.000 0.120
3445.000 0.093
3450.000 0.113
3455.000 0.104
3460.000 0.112
3465.000 0.087
3470.000 0.089
3475.000 0.088
3480.000 0.099
3485.000 0.097
3490.000 0.093
3495.000 0.103
3500.000 0.096
3505.000 0.098
3510.000 0.117
3515.000 0.097
3520.000 0.116
3525.000 0.130
3530.000 0.150
3535.000 0.170
3540.000 0.189
3545.000 0.201
3550.000 0.217
3555.000 0.253
3560.000 0.296
3565.000 0.316
3570.000 0.338
3575.000 0.422
3580.000 0.441
3585.000 0.491
3590.000 0.543
3595.000 0.663
3600.000 0.776
3605.000 0.868
3610.000 0.930
3615.000 1.083
3620.000 1.197
3625.000 1.343
3630.000 1.597
3635.000 1.766
3640.000 1.986
3645.000 2.268
3650.000 2.906
3655.000 3.318
3660.000 3.818
3665.000 5.249
3670.000 6.514
3675.000 7.854
3680.000 9.714
3685.000 13.644
3690.000 14.818
3695.000 15.550
3700.000 32.057
3705.000 39.181
3710.000 30.687
3715.000 18.741
3720.000 12.302
3725.000 10.824
3730.000 8.472
3735.000 7.905
3740.000 5.297
3745.000 4.713
3750.000 4.109
3755.000 4.131
3760.000 3.096
3765.000 3.521
3770.000 2.587
3775.000 2.468
3780.000 2.232
3785.000 1.921
3790.000 2.158
3795.000 1.987
3800.000 1.590
3805.000 1.791
3810.000 1.770
3815.000 1.526
3820.000 1.519
3825.000 1.785
3830.000 1.578
3835.000 1.623
3840.000 1.534
3845.000 1.516
3850.000 1.398
3855.000 1.305
3860.000 1.395
3865.000 1.259
3870.000 1.292
3875.000 1.271
3880.000 1.245
3885.000 1.262
3890.000 1.231
3895.000 1.235
3900.000 1.169
3905.000 1.165
3910.000 1.174
3915.000 1.156
3920.000 1.148
3925.000 1.140
3930.000 1.128
3935.000 1.100
3940.000 1.100
3945.000 1.078
3950.000 1.061
3955.000 1.064
3960.000 1.070
3965.000 1.044
3970.000 1.037
3975.000 1.020
3980.000 1.011
3985.000 0.994
3990.000 1.038
3995.000 1.000
4000.000 0.996
4005.000 0.994
4010.000 0.988
4015.000 0.979
4020.000 0.987
4025.000 1.011
4030.000 0.959
4035.000 0.951
4040.000 0.982
4045.000 0.977
4050.000 0.977
4055.000 0.961
4060.000 0.957
4065.000 0.943
4070.000 0.935
4075.000 0.955
4080.000 0.933
4085.000 0.935
4090.000 0.934
4095.000 0.919
4100.000 0.932
4105.000 0.928
4110.000 0.936
4115.000 0.916
4120.000 0.908
4125.000 0.912
4130.000 0.908
4135.000 0.921
4140.000 0.908
4145.000 0.917
4150.000 0.914
4155.000 0.904
4160.000 0.887
4165.000 0.894
4170.000 0.910
4175.000 0.890
4180.000 0.887
4185.000 0.892
4190.000 0.891
4195.000 0.886
4200.000 0.891
4205.000 0.878
4210.000 0.878
4215.000 0.876
4220.000 0.891
4225.000 0.875
4230.000 0.877
4235.000 0.883
4240.000 0.884
4245.000 0.877
4250.000 0.911
4255.000 0.887
4260.000 0.890
4265.000 0.899
4270.000 0.878
4275.000 0.889
4280.000 0.893
4285.000 0.884
4290.000 0.902
4295.000 0.867
4300.000 0.883
4305.000 0.889
4310.000 0.863
4315.000 0.877
4320.000 0.872
4325.000 0.865
4330.000 0.845
4335.000 0.876
4340.000 0.850
4345.000 0.869
4350.000 0.843
4355.000 0.856
4360.000 0.868
4365.000 0.855
4370.000 0.844
4375.000 0.837
4380.000 0.858
4385.000 0.836
4390.000 0.847
4395.000 0.813
4400.000 0.826
4405.000 0.844
4410.000 0.821
4415.000 0.825
4420.000 0.798
4425.000 0.810
4430.000 0.805
4435.000 0.800
4440.000 0.824
4445.000 0.803
4450.000 0.806
4455.000 0.786
4460.000 0.791
4465.000 0.792
4470.000 0.777
4475.000 0.781
4480.000 0.771
4485.000 0.773
4490.000 0.767
4495.000 0.766
4500.000 0.763
4505.000 0.763
4510.000 0.764
4515.000 0.762
4520.000 0.749
4525.000 0.732
4530.000 0.744
4535.000 0.750
4540.000 0.744
4545.000 0.722
4550.000 0.709
4555.000 0.723
4560.000 0.722
4565.000 0.721
4570.000 0.722
4575.000 0.709
4580.000 0.697
4585.000 0.707
4590.000 0.696
4595.000 0.696
4600.000 0.685
4605.000 0.669
4610.000 0.667
4615.000 0.660
4620.000 0.652
4625.000 0.636
4630.000 0.632
4635.000 0.634
4640.000 0.612
4645.000 0.614
4650.000 0.623
4655.000 0.601
4660.000 0.605
4665.000 0.580
4670.000 0.581
4675.000 0.561
4680.000 0.534
4685.000 0.548
4690.000 0.527
4695.000 0.512
4700.000 0.530
4705.000 0.515
4710.000 0.488
4715.000 0.478
4720.000 0.454
4725.000 0.427
4730.000 0.418
4735.000 0.411
4740.000 0.406
4745.000 0.380
4750.000 0.357
4755.000 0.353
4760.000 0.324
4765.000 0.327
4770.000 0.288
4775.000 0.288
4780.000 0.264
4785.000 0.248
4790.000 0.215
4795.000 0.223
4800.000 0.184
4805.000 0.187
4810.000 0.168
4815.000 0.161
4820.000 0.159
4825.000 0.166
4830.000 0.188
4835.000 0.249
4840.000 0.273
4845.000 0.293
4850.000 0.386
4855.000 0.429
4860.000 0.479
4865.000 0.541
4870.000 0.714
4875.000 0.808
4880.000 0.949
4885.000 1.302
4890.000 1.551
4895.000 1.852
4900.000 2.193
4905.000 3.134
4910.000 3.710
4915.000 4.472
4920.000 5.220
4925.000 7.132
4930.000 8.297
4935.000 9.823
4940.000 13.791
4945.000 16.400
4950.000 19.680
4955.000 23.856
4960.000 34.452
4965.000 38.287
4970.000 32.003
4975.000 8.038
4980.000 26.766
4985.000 44.692
4990.000 44.463
4995.000 25.358
5000.000 23.236
5005.000 20.088
5010.000 16.446
5015.000 13.040
5020.000 11.751
5025.000 10.607
5030.000 8.711
5035.000 7.993
5040.000 7.413
5045.000 6.872
5050.000 6.054
5055.000 5.716
5060.000 5.387
5065.000 4.909
5070.000 4.700
5075.000 4.499
5080.000 4.361
5085.000 4.093
5090.000 3.965
5095.000 3.882
5100.000 3.806
5105.000 3.659
5110.000 3.591
5115.000 3.524
5120.000 3.439
5125.000 3.388
5130.000 3.351
5135.000 3.322
5140.000 3.264
5145.000 3.225
5150.000 3.200
5155.000 3.163
5160.000 3.157
5165.000 3.126
5170.000 3.118
5175.000 3.113
5180.000 3.073
5185.000 3.044
5190.000 3.053
5195.000 3.029
5200.000 3.042
5205.000 3.037
5210.000 3.015
5215.000 3.009
5220.000 2.995
5225.000 2.993
5230.000 3.022
5235.000 3.019
5240.000 3.031
5245.000 3.025
5250.000 3.017
5255.000 3.018
5260.000 3.014
5265.000 3.036
5270.000 3.039
5275.000 3.014
5280.000 3.036
5285.000 3.027
5290.000 3.035
5295.000 3.042
5300.000 3.032
5305.000 3.087
5310.000 3.119
5315.000 3.120
5320.000 3.097
5325.000 3.100
5330.000 3.105
5335.000 3.088
5340.000 3.115
5345.000 3.116
5350.000 3.103
5355.000 3.094
5360.000 3.118
5365.000 3.121
5370.000 3.145
5375.000 3.152
5380.000 3.154
5385.000 3.152
5390.000 3.153
5395.000 3.159
5400.000 3.161
5405.000 3.171
5410.000 3.196
5415.000 3.187
5420.000 3.190
5425.000 3.204
5430.000 3.203
5435.000 3.221
5440.000 3.232
5445.000 3.221
5450.000 3.210
5455.000 3.207
5460.000 3.224
5465.000 3.252
5470.000 3.231
5475.000 3.258
5480.000 3.270
5485.000 3.268
5490.000 3.257
5495.000 3.254
5500.000 3.259
5505.000 3.295
5510.000 3.280
5515.000 3.265
5520.000 3.264
5525.000 3.275
5530.000 3.265
5535.000 3.277
5540.000 3.297
5545.000 3.313
5550.000 3.308
5555.000 3.335
5560.000 3.327
5565.000 3.342
5570.000 3.344
5575.000 3.352
5580.000 3.349
5585.000 3.374
5590.000 3.354
5595.000 3.378
5600.000 3.346
5605.000 3.363
5610.000 3.356
5615.000 3.383
5620.000 3.377
5625.000 3.371
5630.000 3.387
5635.000 3.352
5640.000 3.363
5645.000 3.394
5650.000 3.384
5655.000 3.397
5660.000 3.362
5665.000 3.387
5670.000 3.368
5675.000 3.396
5680.000 3.426
5685.000 3.391
5690.000 3.381
5695.000 3.407
5700.000 3.388
5705.000 3.389
5710.000 3.389
5715.000 3.389
5720.000 3.415
5725.000 3.420
5730.000 3.454
5735.000 3.444
5740.000 3.444
5745.000 3.445
5750.000 3.471
5755.000 3.475
5760.000 3.475
5765.000 3.461
5770.000 3.500
5775.000 3.568
5780.000 3.579
5785.000 3.558
5790.000 3.565
5795.000 3.572
5800.000 3.576
5805.000 3.592
5810.000 3.615
5815.000 3.632
5820.000 3.646
5825.000 3.639
5830.000 3.636
5835.000 3.682
5840.000 3.719
5845.000 3.735
5850.000 3.745
5855.000 3.783
5860.000 3.794
5865.000 3.833
5870.000 3.822
5875.000 3.874
5880.000 3.876
5885.000 3.901
5890.000 3.917
5895.000 3.940
5900.000 3.977
5905.000 4.033
5910.000 4.061
5915.000 4.090
5920.000 4.132
5925.000 4.157
5930.000 4.210
5935.000 4.268
5940.000 4.277
5945.000 4.337
5950.000 4.354
5955.000 4.395
5960.000 4.465
5965.000 4.516
5970.000 4.564
5975.000 4.597
5980.000 4.659
5985.000 4.718
5990.000 4.794
5995.000 4.892
6000.000 4.978
6005.000 5.014
6010.000 5.075
6015.000 5.139
6020.000 5.283
6025.000 5.366
6030.000 5.417
6035.000 5.500
6040.000 5.648
6045.000 5.758
6050.000 5.818
6055.000 6.057
6060.000 6.174
6065.000 6.311
6070.000 6.387
6075.000 6.689
6080.000 6.806
6085.000 6.993
6090.000 7.271
6095.000 7.450
6100.000 7.664
6105.000 7.915
6110.000 8.375
6115.000 8.615
6120.000 8.904
6125.000 9.578
6130.000 9.986
6135.000 10.405
6140.000 10.869
6145.000 12.052
6150.000 12.800
6155.000 13.682
6160.000 14.720
6165.000 17.476
6170.000 19.239
6175.000 21.457
6180.000 27.754
6185.000 31.840
6190.000 36.124
6195.000 40.445
6200.000 49.434
6205.000 53.935
6210.000 58.254
6215.000 63.799
6220.000 65.815
6225.000 65.976
6230.000 62.505
6235.000 44.774
6240.000 33.459
6245.000 27.319
6250.000 20.698
6255.000 18.094
6260.000 16.003
6265.000 14.321
6270.000 11.666
6275.000 10.603
6280.000 9.646
6285.000 8.036
6290.000 7.398
6295.000 6.839
6300.000 6.326
6305.000 5.485
6310.000 5.142
6315.000 4.836
6320.000 4.559
6325.000 4.082
6330.000 3.884
6335.000 3.684
6340.000 3.359
6345.000 3.201
6350.000 3.071
6355.000 2.933
6360.000 2.720
6365.000 2.615
6370.000 2.502
6375.000 2.321
6380.000 2.237
6385.000 2.158
6390.000 2.082
6395.000 1.927
6400.000 1.861
6405.000 1.801
6410.000 1.734
6415.000 1.620
6420.000 1.564
6425.000 1.509
6430.000 1.387
6435.000 1.337
6440.000 1.294
6445.000 1.249
6450.000 1.145
6455.000 1.095
6460.000 1.044
6465.000 1.013
6470.000 0.928
6475.000 0.885
6480.000 0.850
6485.000 0.810
6490.000 0.799
6495.000 0.786
6500.000 0.825
6505.000 0.938
6510.000 1.050
6515.000 1.191
6520.000 1.609
6525.000 1.909
6530.000 2.302
6535.000 2.837
6540.000 4.788
6545.000 7.044
6550.000 12.551
6555.000 38.564
6560.000 47.121
6565.000 50.083
6570.000 43.939
6575.000 16.277
6580.000 8.681
6585.000 8.830
6590.000 7.122
6595.000 6.047
6600.000 5.575
6605.000 4.629
6610.000 4.028
6615.000 3.766
6620.000 3.527
6625.000 3.331
6630.000 2.986
6635.000 2.850
6640.000 2.723
6645.000 2.533
6650.000 2.441
6655.000 2.378
6660.000 2.298
6665.000 2.183
6670.000 2.141
6675.000 2.095
6680.000 2.005
6685.000 1.963
6690.000 1.927
6695.000 1.911
6700.000 1.845
6705.000 1.820
6710.000 1.786
6715.000 1.774
6720.000 1.742
6725.000 1.701
6730.000 1.697
6735.000 1.675
6740.000 1.649
6745.000 1.642
6750.000 1.612
6755.000 1.607
6760.000 1.600
6765.000 1.594
6770.000 1.572
6775.000 1.563
6780.000 1.548
6785.000 1.546
6790.000 1.531
6795.000 1.519
6800.000 1.522
6805.000 1.504
6810.000 1.503
6815.000 1.502
6820.000 1.501
6825.000 1.495
6830.000 1.495
6835.000 1.487
6840.000 1.484
6845.000 1.468
6850.000 1.464
6855.000 1.471
6860.000 1.471
6865.000 1.465
6870.000 1.468
6875.000 1.462
6880.000 1.471
6885.000 1.468
6890.000 1.473
6895.000 1.479
6900.000 1.466
6905.000 1.471
6910.000 1.466
6915.000 1.471
6920.000 1.486
6925.000 1.464
6930.000 1.471
6935.000 1.483
6940.000 1.482
6945.000 1.473
6950.000 1.490
6955.000 1.477
6960.000 1.486
6965.000 1.492
6970.000 1.502
6975.000 1.500
6980.000 1.511
6985.000 1.503
6990.000 1.511
6995.000 1.513
7000.000 1.528
7005.000 1.534
7010.000 1.545
7015.000 1.566
7020.000 1.546
7025.000 1.579
7030.000 1.581
7035.000 1.590
7040.000 1.593
7045.000 1.599
7050.000 1.617
7055.000 1.617
7060.000 1.638
7065.000 1.650
7070.000 1.652
7075.000 1.694
7080.000 1.693
7085.000 1.722
7090.000 1.720
7095.000 1.747
7100.000 1.744
7105.000 1.774
7110.000 1.783
7115.000 1.799
7120.000 1.826
7125.000 1.824
7130.000 1.871
7135.000 1.886
7140.000 1.902
7145.000 1.926
7150.000 1.967
7155.000 1.982
7160.000 1.999
7165.000 2.035
7170.000 2.089
7175.000 2.118
7180.000 2.150
7185.000 2.187
7190.000 2.236
7195.000 2.269
7200.000 2.285
7205.000 2.377
7210.000 2.426
7215.000 2.456
7220.000 2.550
7225.000 2.609
7230.000 2.669
7235.000 2.720
7240.000 2.831
7245.000 2.899
7250.000 2.983
7255.000 3.072
7260.000 3.237
7265.000 3.338
7270.000 3.441
7275.000 3.684
7280.000 3.843
7285.000 3.981
7290.000 4.109
7295.000 4.428
7300.000 4.596
7305.000 4.763
7310.000 5.195
7315.000 5.434
7320.000 5.679
7325.000 5.910
7330.000 6.362
7335.000 6.646
7340.000 6.900
7345.000 7.556
7350.000 8.002
7355.000 8.458
7360.000 9.054
7365.000 9.953
7370.000 11.169
7375.000 12.348
7380.000 13.504
7385.000 16.664
7390.000 18.730
7395.000 21.206
7400.000 27.535
7405.000 31.576
7410.000 35.859
7415.000 40.093
7420.000 48.323
7425.000 52.102
7430.000 55.204
7435.000 56.584
7440.000 52.445
7445.000 43.272
7450.000 33.927
7455.000 20.106
7460.000 16.453
7465.000 14.851
7470.000 12.862
7475.000 11.871
7480.000 10.932
7485.000 10.109
7490.000 8.724
7495.000 8.150
7500.000 7.645
7505.000 7.178
7510.000 6.388
7515.000 6.014
7520.000 5.685
7525.000 5.394
7530.000 4.902
7535.000 4.685
7540.000 4.486
7545.000 4.148
7550.000 3.985
7555.000 3.851
7560.000 3.703
7565.000 3.473
7570.000 3.364
7575.000 3.270
7580.000 3.079
7585.000 3.007
7590.000 2.925
7595.000 2.843
7600.000 2.716
7605.000 2.654
7610.000 2.602
7615.000 2.480
7620.000 2.432
7625.000 2.388
7630.000 2.348
7635.000 2.272
7640.000 2.222
7645.000 2.184
7650.000 2.117
7655.000 2.080
7660.000 2.049
7665.000 2.021
7670.000 1.968
7675.000 1.938
7680.000 1.922
7685.000 1.893
7690.000 1.833
7695.000 1.808
7700.000 1.790
7705.000 1.757
7710.000 1.735
7715.000 1.729
7720.000 1.693
7725.000 1.658
7730.000 1.641
7735.000 1.627
7740.000 1.595
7745.000 1.574
7750.000 1.563
7755.000 1.547
7760.000 1.520
7765.000 1.513
7770.000 1.490
7775.000 1.471
7780.000 1.446
7785.000 1.447
7790.000 1.424
7795.000 1.418
7800.000 1.396
7805.000 1.400
7810.000 1.371
7815.000 1.352
7820.000 1.347
7825.000 1.341
7830.000 1.324
7835.000 1.315
7840.000 1.308
7845.000 1.293
7850.000 1.269
7855.000 1.263
7860.000 1.252
7865.000 1.240
7870.000 1.223
7875.000 1.216
7880.000 1.211
7885.000 1.172
7890.000 1.169
7895.000 1.168
7900.000 1.159
7905.000 1.152
7910.000 1.135
7915.000 1.135
7920.000 1.127
7925.000 1.105
7930.000 1.099
7935.000 1.089
7940.000 1.062
7945.000 1.075
7950.000 1.058
7955.000 1.057
7960.000 1.033
7965.000 1.024
7970.000 1.020
7975.000 1.013
7980.000 0.992
7985.000 0.983
7990.000 1.005
7995.000 1.021
8000.000 1.030
8005.000 1.069
8010.000 1.167
8015.000 1.271
8020.000 1.413
8025.000 1.664
8030.000 2.562
8035.000 3.552
8040.000 6.019
8045.000 23.465
8050.000 25.858
8055.000 10.059
8060.000 11.550
8065.000 6.766
8070.000 5.526
8075.000 4.137
8080.000 3.499
8085.000 2.682
8090.000 2.527
8095.000 2.336
8100.000 2.085
8105.000 2.008
8110.000 1.881
8115.000 1.823
8120.000 1.700
8125.000 1.641
8130.000 1.609
8135.000 1.532
8140.000 1.488
8145.000 1.477
8150.000 1.446
8155.000 1.393
8160.000 1.373
8165.000 1.352
8170.000 1.330
8175.000 1.307
8180.000 1.296
8185.000 1.290
8190.000 1.257
8195.000 1.255
8200.000 1.251
8205.000 1.246
8210.000 1.218
8215.000 1.212
8220.000 1.199
8225.000 1.204
8230.000 1.194
8235.000 1.173
8240.000 1.186
8245.000 1.180
8250.000 1.167
8255.000 1.159
8260.000 1.164
8265.000 1.150
8270.000 1.139
8275.000 1.144
8280.000 1.146
8285.000 1.130
8290.000 1.130
8295.000 1.123
8300.000 1.112
8305.000 1.112
8310.000 1.119
8315.000 1.107
8320.000 1.103
8325.000 1.105
8330.000 1.090
8335.000 1.087
8340.000 1.094
8345.000 1.092
8350.000 1.085
8355.000 1.079
8360.000 1.074
8365.000 1.069
8370.000 1.066
8375.000 1.060
8380.000 1.055
8385.000 1.044
8390.000 1.043
8395.000 1.040
8400.000 1.040
8405.000 1.022
8410.000 1.015
8415.000 1.010
8420.000 1.003
8425.000 1.002
8430.000 0.997
8435.000 0.994
8440.000 0.977
8445.000 0.969
8450.000 0.968
8455.000 0.961
8460.000 0.965
8465.000 0.974
8470.000 0.987
8475.000 0.994
8480.000 1.063
8485.000 1.130
8490.000 1.248
8495.000 1.625
8500.000 2.031
8505.000 2.774
8510.000 4.370
8515.000 14.402
8520.000 22.769
8525.000 30.837
8530.000 30.851
8535.000 4.654
8540.000 15.364
8545.000 5.473
8550.000 6.432
8555.000 5.704
8560.000 4.935
8565.000 4.604
8570.000 4.272
8575.000 4.265
8580.000 4.153
8585.000 4.175
8590.000 4.255
8595.000 4.464
8600.000 4.923
8605.000 6.462
8610.000 7.491
8615.000 8.683
8620.000 10.375
8625.000 10.142
8630.000 8.919
8635.000 7.435
8640.000 4.959
8645.000 4.169
8650.000 3.668
8655.000 3.334
8660.000 2.897
8665.000 2.549
8670.000 2.355
8675.000 2.558
8680.000 2.358
8685.000 2.160
8690.000 2.018
8695.000 1.770
8700.000 1.704
8705.000 1.629
8710.000 1.524
8715.000 1.484
8720.000 1.448
8725.000 1.413
8730.000 1.351
8735.000 1.332
8740.000 1.317
8745.000 1.301
8750.000 1.283
8755.000 1.261
8760.000 1.245
8765.000 1.244
8770.000 1.227
8775.000 1.219
8780.000 1.207
8785.000 1.192
8790.000 1.190
8795.000 1.174
8800.000 1.177
8805.000 1.169
8810.000 1.163
8815.000 1.167
8820.000 1.158
8825.000 1.154
8830.000 1.149
8835.000 1.142
8840.000 1.134
8845.000 1.143
8850.000 1.131
8855.000 1.127
8860.000 1.123
8865.000 1.123
8870.000 1.109
8875.000 1.110
8880.000 1.111
8885.000 1.097
8890.000 1.099
8895.000 1.095
8900.000 1.104
8905.000 1.084
8910.000 1.078
8915.000 1.088
8920.000 1.084
8925.000 1.079
8930.000 1.069
8935.000 1.076
8940.000 1.065
8945.000 1.079
8950.000 1.052
8955.000 1.067
8960.000 1.073
8965.000 1.047
8970.000 1.044
8975.000 1.051
8980.000 1.039
8985.000 1.050
8990.000 1.043
8995.000 1.033
9000.000 1.046
9005.000 1.049
9010.000 1.033
9015.000 1.035
9020.000 1.027
9025.000 1.031
9030.000 1.043
9035.000 1.028
9040.000 1.036
9045.000 1.048
9050.000 1.026
9055.000 1.025
9060.000 1.017
9065.000 1.032
9070.000 1.041
9075.000 1.030
9080.000 1.032
9085.000 1.033
9090.000 1.018
9095.000 1.035
9100.000 1.021
9105.000 1.008
9110.000 1.020
9115.000 1.006
9120.000 1.013
9125.000 1.018
9130.000 1.023
9135.000 1.016
9140.000 1.019
9145.000 1.006
9150.000 1.006
9155.000 1.010
9160.000 1.017
9165.000 1.014
9170.000 1.013
9175.000 1.016
9180.000 1.008
9185.000 1.013
9190.000 1.010
9195.000 1.006
9200.000 1.004
9205.000 1.000
9210.000 1.005
9215.000 1.012
9220.000 0.996
9225.000 0.999
9230.000 1.006
9235.000 1.008
9240.000 1.003
9245.000 1.001
9250.000 0.994
9255.000 1.000
9260.000 1.001
9265.000 0.999
9270.000 0.999
9275.000 0.990
9280.000 1.000
9285.000 1.011
9290.000 1.005
9295.000 1.000
9300.000 1.007
9305.000 1.011
9310.000 1.016
9315.000 1.013
9320.000 1.020
9325.000 1.012
9330.000 1.023
9335.000 1.032
9340.000 1.024
9345.000 1.046
9350.000 1.051
9355.000 1.065
9360.000 1.070
9365.000 1.088
9370.000 1.097
9375.000 1.143
9380.000 1.166
9385.000 1.195
9390.000 1.223
9395.000 1.328
9400.000 1.405
9405.000 1.480
9410.000 1.714
9415.000 1.885
9420.000 2.157
9425.000 2.461
9430.000 3.496
9435.000 4.437
9440.000 5.891
9445.000 7.993
9450.000 14.331
9455.000 18.409
9460.000 22.219
9465.000 18.661
9470.000 9.624
9475.000 17.526
9480.000 17.212
9485.000 7.871
9490.000 6.932
9495.000 5.994
9500.000 4.558
9505.000 4.118
9510.000 3.787
9515.000 3.492
9520.000 3.059
9525.000 2.892
9530.000 2.750
9535.000 2.552
9540.000 2.488
9545.000 2.434
9550.000 2.419
9555.000 2.349
9560.000 2.340
9565.000 2.337
9570.000 2.330
9575.000 2.343
9580.000 2.330
9585.000 2.358
9590.000 2.358
9595.000 2.385
9600.000 2.384
9605.000 2.420
9610.000 2.458
9615.000 2.473
9620.000 2.489
9625.000 2.568
9630.000 2.592
9635.000 2.625
9640.000 2.673
9645.000 2.755
9650.000 2.811
9655.000 2.864
9660.000 2.968
9665.000 3.046
9670.000 3.103
9675.000 3.187
9680.000 3.356
9685.000 3.485
9690.000 3.613
9695.000 3.737
9700.000 3.997
9705.000 4.148
9710.000 4.304
9715.000 4.741
9720.000 4.992
9725.000 5.297
9730.000 5.623
9735.000 6.476
9740.000 7.044
9745.000 7.751
9750.000 8.558
9755.000 10.625
9760.000 11.934
9765.000 13.536
9770.000 17.626
9775.000 20.014
9780.000 22.648
9785.000 25.428
9790.000 30.367
9795.000 32.043
9800.000 32.405
9805.000 27.771
9810.000 23.535
9815.000 19.676
9820.000 16.393
9825.000 11.460
9830.000 9.649
9835.000 8.186
9840.000 6.953
9845.000 5.551
9850.000 5.567
9855.000 6.083
9860.000 8.328
9865.000 8.622
9870.000 8.118
9875.000 7.516
9880.000 6.402
9885.000 5.964
9890.000 5.587
9895.000 5.026
9900.000 4.806
9905.000 4.617
9910.000 4.472
9915.000 4.192
9920.000 4.074
9925.000 3.976
9930.000 3.794
9935.000 3.711
9940.000 3.635
9945.000 3.583
9950.000 3.366
9955.000 3.299
9960.000 3.205
9965.000 3.113
9970.000 2.952
9975.000 2.891
9980.000 2.813
9985.000 2.694
9990.000 2.650
9995.000 2.587
10000.000 2.517
