105.000 0.063
110.000 0.205
115.000 0.572
125.000 0.734
130.000 0.795
135.000 0.979
140.000 0.839
145.000 0.768
150.000 0.678
155.000 0.752
160.000 0.893
165.000 0.739
170.000 0.833
175.000 0.778
180.000 0.620
185.000 0.518
190.000 0.704
195.000 0.584
200.000 0.562
205.000 0.634
210.000 0.481
215.000 0.533
220.000 0.359
225.000 0.200
230.000 0.383
235.000 0.334
240.000 0.270
245.000 0.310
250.000 0.284
255.000 0.126
260.000 0.304
265.000 0.142
270.000 0.215
275.000 0.137
280.000 0.252
285.000 0.274
290.000 0.234
295.000 0.287
300.000 0.415
305.000 0.382
310.000 0.351
315.000 0.403
320.000 0.500
325.000 0.715
330.000 0.911
335.000 0.938
340.000 1.128
345.000 1.302
350.000 1.545
355.000 1.606
360.000 1.835
365.000 2.238
370.000 2.439
375.000 2.574
380.000 3.073
385.000 3.415
390.000 3.837
395.000 4.300
400.000 4.410
405.000 5.100
410.000 5.333
415.000 5.761
420.000 6.224
425.000 6.608
430.000 6.493
435.000 6.714
440.000 6.621
445.000 6.647
450.000 6.351
455.000 6.400
460.000 6.021
465.000 6.231
470.000 5.853
475.000 5.670
480.000 5.445
485.000 5.097
490.000 4.832
495.000 4.569
500.000 4.445
505.000 3.955
510.000 3.665
515.000 3.479
520.000 3.238
525.000 3.238
530.000 2.967
535.000 2.836
540.000 2.699
545.000 2.522
550.000 2.309
555.000 2.199
560.000 2.269
565.000 2.160
570.000 2.026
575.000 1.963
580.000 1.895
585.000 1.866
590.000 1.872
595.000 1.759
600.000 1.740
605.000 1.862
610.000 1.728
615.000 1.799
620.000 1.778
625.000 1.697
630.000 1.738
635.000 1.810
640.000 1.720
645.000 1.633
650.000 1.603
655.000 1.556
660.000 1.607
665.000 1.546
670.000 1.694
675.000 1.544
680.000 1.525
685.000 1.600
690.000 1.536
695.000 1.518
700.000 1.563
705.000 1.571
710.000 1.573
715.000 1.560
720.000 1.452
725.000 1.449
730.000 1.559
735.000 1.476
740.000 1.484
745.000 1.494
750.000 1.473
755.000 1.534
760.000 1.457
765.000 1.512
770.000 1.505
775.000 1.440
780.000 1.573
785.000 1.567
790.000 1.514
795.000 1.482
800.000 1.496
805.000 1.386
810.000 1.451
815.000 1.405
820.000 1.496
825.000 1.414
830.000 1.347
835.000 1.505
840.000 1.436
845.000 1.375
850.000 1.305
855.000 1.395
860.000 1.494
865.000 1.477
870.000 1.364
875.000 1.357
880.000 1.388
885.000 1.397
890.000 1.454
895.000 1.398
900.000 1.324
905.000 1.412
910.000 2.292
915.000 2.022
920.000 1.821
925.000 1.848
930.000 1.794
935.000 1.572
940.000 1.829
945.000 2.697
950.000 2.639
955.000 2.160
960.000 1.905
965.000 1.734
970.000 1.577
975.000 1.444
980.000 1.408
985.000 1.394
990.000 1.330
995.000 1.426
1000.000 1.262
1005.000 1.413
1010.000 1.149
1015.000 1.060
1020.000 1.014
1025.000 1.184
1030.000 1.058
1035.000 1.250
1040.000 1.095
1045.000 1.095
1050.000 1.013
1055.000 1.084
1060.000 1.128
1065.000 1.201
1070.000 1.067
1075.000 0.988
1080.000 1.110
1085.000 1.035
1090.000 1.114
1095.000 1.119
1100.000 1.175
1105.000 1.106
1110.000 1.103
1115.000 1.064
1120.000 1.039
1125.000 1.106
1130.000 1.079
1135.000 1.049
1140.000 1.035
1145.000 1.040
1150.000 1.050
1155.000 1.044
1160.000 0.995
1165.000 1.015
1170.000 1.031
1175.000 1.032
1180.000 1.026
1185.000 1.036
1190.000 0.993
1195.000 0.984
1200.000 1.049
1205.000 1.043
1210.000 1.008
1215.000 1.008
1220.000 1.008
1225.000 1.009
1230.000 1.064
1235.000 1.010
1240.000 1.063
1245.000 1.020
1250.000 0.968
1255.000 0.977
1260.000 1.037
1265.000 1.029
1270.000 1.065
1275.000 1.021
1280.000 1.004
1285.000 1.001
1290.000 0.972
1295.000 1.041
1300.000 0.999
1305.000 0.993
1310.000 0.994
1315.000 1.004
1320.000 0.998
1325.000 0.935
1330.000 1.004
1335.000 1.001
1340.000 0.996
1345.000 1.000
1350.000 1.016
1355.000 1.020
1360.000 1.005
1365.000 1.046
1370.000 1.007
1375.000 1.004
1380.000 0.974
1385.000 0.958
1390.000 1.007
1395.000 0.986
1400.000 0.986
1405.000 0.981
1410.000 0.961
1415.000 0.964
1420.000 1.009
1425.000 0.965
1430.000 0.991
1435.000 0.982
1440.000 1.024
1445.000 1.005
1450.000 1.067
1455.000 0.975
1460.000 1.013
1465.000 0.971
1470.000 0.980
1475.000 1.012
1480.000 0.953
1485.000 0.956
1490.000 0.906
1495.000 0.939
1500.000 0.887
1505.000 0.897
1510.000 0.852
1515.000 0.860
1520.000 0.871
1525.000 0.832
1530.000 0.804
1535.000 0.815
1540.000 0.820
1545.000 0.794
1550.000 0.793
1555.000 0.759
1560.000 0.748
1565.000 0.800
1570.000 0.762
1575.000 0.757
1580.000 0.738
1585.000 0.769
1590.000 0.732
1595.000 0.762
1600.000 0.729
1605.000 0.725
1610.000 0.762
1615.000 0.722
1620.000 0.722
1625.000 0.757
1630.000 0.758
1635.000 0.757
1640.000 0.774
1645.000 0.765
1650.000 0.757
1655.000 0.776
1660.000 0.783
1665.000 0.776
1670.000 0.879
1675.000 0.879
1680.000 0.881
1685.000 1.055
1690.000 1.754
1695.000 1.948
1700.000 1.643
1705.000 1.507
1710.000 1.362
1715.000 1.336
1720.000 1.312
1725.000 1.198
1730.000 1.196
1735.000 1.167
1740.000 1.212
1745.000 1.236
1750.000 1.229
1755.000 1.270
1760.000 1.358
1765.000 1.366
1770.000 1.362
1775.000 1.467
1780.000 1.508
1785.000 1.568
1790.000 1.607
1795.000 1.639
1800.000 1.677
1805.000 1.791
1810.000 1.810
1815.000 1.922
1820.000 2.008
1825.000 2.057
1830.000 2.008
1835.000 2.168
1840.000 2.227
1845.000 2.265
1850.000 2.321
1855.000 2.357
1860.000 2.435
1865.000 2.442
1870.000 2.512
1875.000 2.512
1880.000 2.553
1885.000 2.507
1890.000 2.665
1895.000 2.697
1900.000 2.709
1905.000 2.788
1910.000 2.870
1915.000 2.812
1920.000 2.808
1925.000 2.898
1930.000 2.855
1935.000 2.893
1940.000 2.823
1945.000 2.928
1950.000 2.824
1955.000 2.906
1960.000 2.842
1965.000 2.861
1970.000 2.954
1975.000 2.906
1980.000 2.959
1985.000 2.974
1990.000 2.942
1995.000 2.871
2000.000 2.951
2005.000 2.945
2010.000 2.903
2015.000 2.921
2020.000 2.874
2025.000 3.008
2030.000 3.031
2035.000 3.044
2040.000 2.996
2045.000 2.990
2050.000 3.033
2055.000 2.939
2060.000 2.989
2065.000 3.047
2070.000 3.023
2075.000 3.029
2080.000 3.004
2085.000 3.015
2090.000 3.083
2095.000 3.039
2100.000 3.130
2105.000 3.216
2110.000 3.166
2115.000 3.237
2120.000 3.207
2125.000 3.276
2130.000 3.227
2135.000 3.198
2140.000 3.295
2145.000 3.267
2150.000 3.338
2155.000 3.396
2160.000 3.422
2165.000 3.477
2170.000 3.446
2175.000 3.550
2180.000 3.607
2185.000 3.647
2190.000 3.743
2195.000 3.916
2200.000 3.951
2205.000 3.950
2210.000 4.088
2215.000 4.196
2220.000 4.291
2225.000 4.387
2230.000 4.591
2235.000 4.862
2240.000 4.974
2245.000 5.375
2250.000 5.626
2255.000 5.925
2260.000 6.278
2265.000 7.295
2270.000 8.092
2275.000 9.054
2280.000 10.451
2285.000 14.738
2290.000 18.194
2295.000 22.562
2300.000 33.536
2305.000 39.642
2310.000 45.558
2315.000 50.011
2320.000 26.154
2325.000 16.826
2330.000 12.557
2335.000 7.678
2340.000 6.252
2345.000 5.238
2350.000 4.446
2355.000 3.242
2360.000 2.842
2365.000 2.476
2370.000 2.201
2375.000 1.757
2380.000 1.618
2385.000 1.487
2390.000 1.222
2395.000 1.190
2400.000 1.085
2405.000 0.979
2410.000 0.979
2415.000 0.933
2420.000 0.893
2425.000 0.875
2430.000 0.823
2435.000 0.796
2440.000 0.782
2445.000 0.797
2450.000 0.799
2455.000 0.788
2460.000 0.790
2465.000 0.806
2470.000 0.798
2475.000 0.800
2480.000 0.809
2485.000 0.827
2490.000 0.804
2495.000 0.805
2500.000 0.841
2505.000 0.842
2510.000 0.836
2515.000 0.856
2520.000 0.900
2525.000 0.881
2530.000 0.899
2535.000 0.906
2540.000 0.911
2545.000 0.896
2550.000 0.937
2555.000 0.948
2560.000 0.953
2565.000 0.961
2570.000 0.971
2575.000 0.969
2580.000 0.990
2585.000 0.998
2590.000 0.998
2595.000 1.018
2600.000 1.029
2605.000 1.036
2610.000 1.030
2615.000 1.042
2620.000 1.040
2625.000 1.047
2630.000 1.056
2635.000 1.049
2640.000 1.093
2645.000 1.088
2650.000 1.109
2655.000 1.114
2660.000 1.095
2665.000 1.093
2670.000 1.105
2675.000 1.126
2680.000 1.137
2685.000 1.143
2690.000 1.119
2695.000 1.145
2700.000 1.170
2705.000 1.136
2710.000 1.138
2715.000 1.162
2720.000 1.158
2725.000 1.188
2730.000 1.195
2735.000 1.168
2740.000 1.188
2745.000 1.185
2750.000 1.194
2755.000 1.180
2760.000 1.217
2765.000 1.168
2770.000 1.192
2775.000 1.186
2780.000 1.186
2785.000 1.197
2790.000 1.185
2795.000 1.156
2800.000 1.179
2805.000 1.184
2810.000 1.177
2815.000 1.170
2820.000 1.165
2825.000 1.169
2830.000 1.139
2835.000 1.166
2840.000 1.153
2845.000 1.132
2850.000 1.109
2855.000 1.122
2860.000 1.078
2865.000 1.090
2870.000 1.123
2875.000 1.072
2880.000 1.040
2885.000 1.037
2890.000 1.033
2895.000 1.028
2900.000 1.012
2905.000 0.989
2910.000 0.975
2915.000 0.949
2920.000 0.968
2925.000 0.963
2930.000 0.900
2935.000 0.859
2940.000 0.870
2945.000 0.847
2950.000 0.799
2955.000 0.788
2960.000 0.780
2965.000 0.771
2970.000 0.807
2975.000 0.702
2980.000 0.719
2985.000 0.695
2990.000 0.727
2995.000 0.705
3000.000 0.650
3005.000 0.670
3010.000 0.613
3015.000 0.587
3020.000 0.575
3025.000 0.523
3030.000 0.516
3035.000 0.569
3040.000 0.566
3045.000 0.507
3050.000 0.478
3055.000 0.464
3060.000 0.451
3065.000 0.481
3070.000 0.418
3075.000 0.419
3080.000 0.398
3085.000 0.383
3090.000 0.394
3095.000 0.392
3100.000 0.324
3105.000 0.333
3110.000 0.344
3115.000 0.329
3120.000 0.311
3125.000 0.316
3130.000 0.299
3135.000 0.298
3140.000 0.299
3145.000 0.262
3150.000 0.270
3155.000 0.243
3160.000 0.254
3165.000 0.211
3170.000 0.196
3175.000 0.197
3180.000 0.202
3185.000 0.208
3190.000 0.210
3195.000 0.179
3200.000 0.169
3205.000 0.173
3210.000 0.166
3215.000 0.158
3220.000 0.158
3225.000 0.147
3230.000 0.157
3235.000 0.129
3240.000 0.161
3245.000 0.112
3250.000 0.105
3255.000 0.104
3260.000 0.109
3265.000 0.108
3270.000 0.115
3275.000 0.075
3280.000 0.076
3285.000 0.088
3290.000 0.082
3295.000 0.064
3300.000 0.070
3305.000 0.068
3310.000 0.055
3315.000 0.064
3320.000 0.053
3325.000 0.053
3330.000 0.070
3335.000 0.042
3340.000 0.056
3345.000 0.061
3350.000 0.064
3355.000 0.062
3360.000 0.066
3365.000 0.076
3370.000 0.064
3375.000 0.063
3380.000 0.066
3385.000 0.089
3390.000 0.081
3395.000 0.087
3400.000 0.090
3405.000 0.121
3410.000 0.114
3415.000 0.143
3420.000 0.122
3425.000 0.158
3430.000 0.162
3435.000 0.162
3440.000 0.173
3445.000 0.174
3450.000 0.202
3455.000 0.202
3460.000 0.219
3465.000 0.236
3470.000 0.246
3475.000 0.281
3480.000 0.293
3485.000 0.297
3490.000 0.344
3495.000 0.335
3500.000 0.363
3505.000 0.408
3510.000 0.422
3515.000 0.458
3520.000 0.483
3525.000 0.536
3530.000 0.559
3535.000 0.588
3540.000 0.626
3545.000 0.706
3550.000 0.748
3555.000 0.770
3560.000 0.880
3565.000 0.933
3570.000 0.975
3575.000 1.095
3580.000 1.146
3585.000 1.225
3590.000 1.293
3595.000 1.481
3600.000 1.647
3605.000 1.740
3610.000 1.888
3615.000 2.206
3620.000 2.407
3625.000 2.622
3630.000 2.893
3635.000 3.691
3640.000 4.198
3645.000 5.693
3650.000 6.725
3655.000 8.073
3660.000 9.694
3665.000 14.302
3670.000 17.214
3675.000 20.495
3680.000 24.350
3685.000 33.478
3690.000 38.625
3695.000 42.749
3700.000 35.875
3705.000 32.651
3710.000 31.349
3715.000 20.151
3720.000 17.807
3725.000 13.118
3730.000 10.913
3735.000 8.713
3740.000 7.596
3745.000 6.929
3750.000 6.483
3755.000 4.922
3760.000 4.735
3765.000 4.622
3770.000 3.391
3775.000 3.198
3780.000 3.284
3785.000 3.489
3790.000 3.113
3795.000 2.402
3800.000 2.615
3805.000 2.593
3810.000 2.593
3815.000 2.021
3820.000 2.304
3825.000 2.042
3830.000 1.919
3835.000 1.820
3840.000 1.782
3845.000 1.854
3850.000 1.828
3855.000 1.692
3860.000 1.702
3865.000 1.651
3870.000 1.617
3875.000 1.605
3880.000 1.585
3885.000 1.543
3890.000 1.516
3895.000 1.488
3900.000 1.446
3905.000 1.431
3910.000 1.420
3915.000 1.405
3920.000 1.401
3925.000 1.399
3930.000 1.362
3935.000 1.342
3940.000 1.316
3945.000 1.327
3950.000 1.273
3955.000 1.288
3960.000 1.281
3965.000 1.280
3970.000 1.251
3975.000 1.256
3980.000 1.253
3985.000 1.206
3990.000 1.214
3995.000 1.184
4000.000 1.180
4005.000 1.189
4010.000 1.194
4015.000 1.157
4020.000 1.148
4025.000 2.431
4030.000 2.639
4035.000 2.503
4040.000 2.193
4045.000 2.039
4050.000 3.313
4055.000 3.086
4060.000 2.561
4065.000 2.302
4070.000 2.209
4075.000 1.992
4080.000 1.768
4085.000 1.682
4090.000 1.592
4095.000 1.555
4100.000 1.411
4105.000 1.379
4110.000 1.343
4115.000 1.259
4120.000 1.231
4125.000 1.200
4130.000 1.179
4135.000 1.118
4140.000 1.115
4145.000 1.096
4150.000 1.085
4155.000 1.080
4160.000 1.059
4165.000 1.022
4170.000 1.018
4175.000 1.014
4180.000 1.004
4185.000 0.998
4190.000 0.988
4195.000 0.992
4200.000 0.979
4205.000 0.977
4210.000 0.977
4215.000 0.977
4220.000 0.958
4225.000 0.974
4230.000 0.953
4235.000 0.961
4240.000 0.969
4245.000 0.951
4250.000 0.944
4255.000 0.946
4260.000 0.947
4265.000 0.936
4270.000 0.942
4275.000 0.934
4280.000 0.956
4285.000 0.935
4290.000 0.935
4295.000 0.927
4300.000 0.935
4305.000 0.928
4310.000 0.920
4315.000 0.929
4320.000 0.922
4325.000 0.915
4330.000 0.927
4335.000 0.922
4340.000 0.915
4345.000 0.907
4350.000 0.923
4355.000 0.917
4360.000 0.912
4365.000 0.895
4370.000 0.906
4375.000 0.898
4380.000 0.901
4385.000 0.892
4390.000 0.894
4395.000 0.881
4400.000 0.884
4405.000 0.892
4410.000 0.893
4415.000 0.886
4420.000 0.883
4425.000 0.875
4430.000 0.875
4435.000 0.867
4440.000 0.882
4445.000 0.890
4450.000 0.880
4455.000 0.880
4460.000 0.861
4465.000 0.863
4470.000 0.871
4475.000 0.858
4480.000 0.860
4485.000 0.852
4490.000 0.852
4495.000 0.829
4500.000 0.856
4505.000 0.847
4510.000 0.841
4515.000 0.829
4520.000 0.847
4525.000 0.833
4530.000 0.838
4535.000 0.834
4540.000 0.827
4545.000 0.820
4550.000 0.825
4555.000 0.827
4560.000 0.824
4565.000 0.815
4570.000 0.807
4575.000 0.813
4580.000 0.805
4585.000 0.805
4590.000 0.798
4595.000 0.802
4600.000 0.802
4605.000 0.790
4610.000 0.793
4615.000 0.795
4620.000 0.765
4625.000 0.787
4630.000 0.764
4635.000 0.767
4640.000 0.758
4645.000 0.750
4650.000 0.736
4655.000 0.741
4660.000 0.734
4665.000 0.732
4670.000 0.727
4675.000 0.711
4680.000 0.724
4685.000 0.713
4690.000 0.702
4695.000 0.693
4700.000 0.702
4705.000 0.668
4710.000 0.666
4715.000 0.647
4720.000 0.653
4725.000 0.662
4730.000 0.642
4735.000 0.632
4740.000 0.615
4745.000 0.615
4750.000 0.576
4755.000 0.585
4760.000 0.589
4765.000 0.569
4770.000 0.554
4775.000 0.522
4780.000 0.511
4785.000 0.500
4790.000 0.484
4795.000 0.460
4800.000 0.436
4805.000 0.432
4810.000 0.414
4815.000 0.394
4820.000 0.363
4825.000 0.350
4830.000 0.297
4835.000 0.284
4840.000 0.260
4845.000 0.238
4850.000 0.183
4855.000 0.170
4860.000 0.151
4865.000 0.147
4870.000 0.165
4875.000 0.181
4880.000 0.221
4885.000 0.329
4890.000 0.384
4895.000 0.474
4900.000 0.570
4905.000 0.672
4910.000 0.966
4915.000 1.190
4920.000 1.971
4925.000 2.613
4930.000 3.548
4935.000 4.685
4940.000 6.133
4945.000 9.857
4950.000 12.571
4955.000 16.700
4960.000 30.504
4965.000 36.057
4970.000 33.040
4975.000 28.698
4980.000 11.080
4985.000 31.065
4990.000 32.389
4995.000 25.707
5000.000 18.139
5005.000 14.391
5010.000 11.830
5015.000 9.782
5020.000 8.633
5025.000 7.845
5030.000 7.179
5035.000 6.132
5040.000 5.697
5045.000 4.977
5050.000 4.717
5055.000 4.456
5060.000 4.297
5065.000 3.933
5070.000 3.791
5075.000 3.672
5080.000 3.572
5085.000 3.474
5090.000 3.309
5095.000 3.234
5100.000 3.150
5105.000 3.071
5110.000 3.037
5115.000 3.001
5120.000 2.953
5125.000 2.926
5130.000 2.881
5135.000 2.877
5140.000 2.843
5145.000 2.836
5150.000 2.833
5155.000 2.798
5160.000 2.795
5165.000 2.783
5170.000 2.770
5175.000 2.770
5180.000 2.747
5185.000 2.770
5190.000 2.756
5195.000 2.740
5200.000 2.753
5205.000 2.753
5210.000 2.740
5215.000 2.781
5220.000 2.799
5225.000 2.799
5230.000 2.781
5235.000 2.782
5240.000 2.795
5245.000 2.802
5250.000 2.806
5255.000 2.812
5260.000 2.813
5265.000 2.814
5270.000 2.814
5275.000 2.819
5280.000 2.823
5285.000 2.824
5290.000 2.860
5295.000 2.866
5300.000 2.863
5305.000 2.858
5310.000 2.866
5315.000 2.868
5320.000 2.859
5325.000 2.915
5330.000 2.902
5335.000 2.888
5340.000 2.910
5345.000 2.904
5350.000 2.917
5355.000 2.893
5360.000 2.895
5365.000 2.906
5370.000 2.906
5375.000 2.889
5380.000 2.917
5385.000 2.922
5390.000 2.892
5395.000 2.911
5400.000 2.900
5405.000 2.905
5410.000 2.880
5415.000 2.895
5420.000 2.886
5425.000 2.933
5430.000 2.912
5435.000 2.919
5440.000 2.911
5445.000 2.884
5450.000 2.911
5455.000 2.894
5460.000 2.887
5465.000 2.881
5470.000 2.888
5475.000 2.890
5480.000 2.891
5485.000 2.910
5490.000 2.907
5495.000 2.890
5500.000 2.892
5505.000 2.896
5510.000 2.909
5515.000 2.892
5520.000 2.909
5525.000 2.900
5530.000 2.921
5535.000 2.889
5540.000 2.884
5545.000 2.888
5550.000 2.871
5555.000 2.886
5560.000 2.897
5565.000 2.870
5570.000 2.869
5575.000 2.868
5580.000 2.881
5585.000 2.905
5590.000 2.892
5595.000 2.899
5600.000 2.908
5605.000 2.914
5610.000 2.896
5615.000 2.899
5620.000 2.885
5625.000 2.900
5630.000 2.893
5635.000 2.880
5640.000 2.891
5645.000 2.910
5650.000 2.899
5655.000 2.901
5660.000 2.908
5665.000 2.910
5670.000 2.934
5675.000 2.919
5680.000 2.919
5685.000 2.941
5690.000 2.949
5695.000 2.957
5700.000 2.960
5705.000 2.934
5710.000 2.988
5715.000 2.976
5720.000 2.993
5725.000 2.978
5730.000 3.012
5735.000 3.004
5740.000 3.023
5745.000 3.032
5750.000 3.032
5755.000 3.040
5760.000 3.038
5765.000 3.111
5770.000 3.108
5775.000 3.141
5780.000 3.142
5785.000 3.164
5790.000 3.149
5795.000 3.144
5800.000 3.172
5805.000 3.177
5810.000 3.188
5815.000 3.196
5820.000 3.224
5825.000 3.248
5830.000 3.239
5835.000 3.256
5840.000 3.283
5845.000 3.318
5850.000 3.318
5855.000 3.339
5860.000 3.372
5865.000 3.385
5870.000 3.396
5875.000 3.455
5880.000 3.482
5885.000 3.477
5890.000 3.515
5895.000 3.541
5900.000 3.563
5905.000 3.588
5910.000 3.600
5915.000 3.673
5920.000 3.695
5925.000 3.731
5930.000 3.825
5935.000 3.815
5940.000 3.835
5945.000 3.880
5950.000 3.933
5955.000 3.971
5960.000 4.045
5965.000 4.110
5970.000 4.133
5975.000 4.181
5980.000 4.379
5985.000 4.394
5990.000 4.419
5995.000 4.489
6000.000 4.487
6005.000 4.615
6010.000 4.692
6015.000 4.704
6020.000 4.867
6025.000 4.915
6030.000 4.973
6035.000 5.183
6040.000 5.266
6045.000 5.290
6050.000 5.511
6055.000 5.589
6060.000 5.696
6065.000 5.817
6070.000 6.072
6075.000 6.236
6080.000 6.367
6085.000 6.657
6090.000 6.795
6095.000 7.007
6100.000 7.191
6105.000 7.401
6110.000 7.887
6115.000 8.061
6120.000 8.346
6125.000 8.998
6130.000 9.357
6135.000 9.807
6140.000 10.837
6145.000 11.463
6150.000 12.210
6155.000 13.096
6160.000 15.307
6165.000 16.800
6170.000 18.626
6175.000 23.515
6180.000 26.969
6185.000 30.983
6190.000 35.851
6195.000 40.281
6200.000 49.153
6205.000 53.601
6210.000 57.998
6215.000 63.349
6220.000 64.569
6225.000 63.855
6230.000 52.655
6235.000 52.655
6240.000 34.265
6245.000 28.734
6250.000 21.239
6255.000 18.405
6260.000 16.146
6265.000 14.342
6270.000 11.464
6275.000 10.307
6280.000 9.297
6285.000 7.626
6290.000 6.950
6295.000 6.347
6300.000 5.848
6305.000 5.036
6310.000 4.696
6315.000 4.400
6320.000 4.127
6325.000 3.689
6330.000 3.498
6335.000 3.330
6340.000 3.018
6345.000 2.893
6350.000 2.769
6355.000 2.545
6360.000 2.445
6365.000 2.340
6370.000 2.257
6375.000 2.101
6380.000 2.028
6385.000 1.942
6390.000 1.876
6395.000 1.737
6400.000 1.702
6405.000 1.632
6410.000 1.509
6415.000 1.466
6420.000 1.407
6425.000 1.373
6430.000 1.268
6435.000 1.221
6440.000 1.163
6445.000 1.077
6450.000 1.039
6455.000 0.996
6460.000 0.948
6465.000 0.895
6470.000 0.863
6475.000 0.829
6480.000 0.811
6485.000 0.792
6490.000 0.817
6495.000 0.839
6500.000 0.973
6505.000 1.078
6510.000 1.213
6515.000 1.593
6520.000 1.869
6525.000 2.218
6530.000 2.682
6535.000 4.265
6540.000 5.917
6545.000 9.473
6550.000 18.082
6555.000 31.722
6560.000 49.318
6565.000 48.267
6570.000 36.479
6575.000 16.459
6580.000 9.406
6585.000 8.936
6590.000 7.234
6595.000 6.468
6600.000 5.123
6605.000 4.877
6610.000 4.101
6615.000 3.837
6620.000 3.586
6625.000 3.192
6630.000 3.044
6635.000 2.904
6640.000 2.797
6645.000 2.570
6650.000 2.497
6655.000 2.425
6660.000 2.352
6665.000 2.282
6670.000 2.185
6675.000 2.135
6680.000 2.054
6685.000 2.022
6690.000 1.981
6695.000 1.943
6700.000 1.926
6705.000 1.867
6710.000 1.843
6715.000 1.815
6720.000 1.778
6725.000 1.770
6730.000 1.760
6735.000 1.743
6740.000 1.702
6745.000 1.702
6750.000 1.668
6755.000 1.673
6760.000 1.661
6765.000 1.659
6770.000 1.644
6775.000 1.613
6780.000 1.623
6785.000 1.612
6790.000 1.597
6795.000 1.591
6800.000 1.584
6805.000 1.581
6810.000 1.575
6815.000 1.564
6820.000 1.568
6825.000 1.565
6830.000 1.547
6835.000 1.558
6840.000 1.557
6845.000 1.549
6850.000 1.544
6855.000 1.553
6860.000 1.539
6865.000 1.549
6870.000 1.548
6875.000 1.546
6880.000 1.546
6885.000 1.554
6890.000 1.553
6895.000 1.550
6900.000 1.550
6905.000 1.545
6910.000 1.556
6915.000 1.568
6920.000 1.563
6925.000 1.563
6930.000 1.576
6935.000 1.570
6940.000 1.584
6945.000 1.572
6950.000 1.588
6955.000 1.595
6960.000 1.598
6965.000 1.602
6970.000 1.595
6975.000 1.612
6980.000 1.623
6985.000 1.643
6990.000 1.638
6995.000 1.639
7000.000 1.646
7005.000 1.662
7010.000 1.689
7015.000 1.678
7020.000 1.714
7025.000 1.714
7030.000 1.729
7035.000 1.739
7040.000 1.741
7045.000 1.763
7050.000 1.763
7055.000 1.791
7060.000 1.811
7065.000 1.822
7070.000 1.839
7075.000 1.849
7080.000 1.882
7085.000 1.884
7090.000 1.909
7095.000 1.944
7100.000 1.963
7105.000 1.981
7110.000 2.014
7115.000 2.039
7120.000 2.055
7125.000 2.086
7130.000 2.113
7135.000 2.146
7140.000 2.176
7145.000 2.202
7150.000 2.254
7155.000 2.283
7160.000 2.323
7165.000 2.383
7170.000 2.432
7175.000 2.465
7180.000 2.549
7185.000 2.578
7190.000 2.641
7195.000 2.680
7200.000 2.728
7205.000 2.852
7210.000 2.916
7215.000 2.970
7220.000 3.123
7225.000 3.196
7230.000 3.289
7235.000 3.356
7240.000 3.561
7245.000 3.672
7250.000 3.774
7255.000 3.997
7260.000 4.105
7265.000 4.244
7270.000 4.368
7275.000 4.653
7280.000 4.841
7285.000 5.056
7290.000 5.210
7295.000 5.603
7300.000 5.783
7305.000 5.952
7310.000 6.327
7315.000 6.531
7320.000 6.780
7325.000 7.263
7330.000 7.539
7335.000 7.851
7340.000 8.192
7345.000 9.057
7350.000 9.572
7355.000 10.131
7360.000 10.747
7365.000 11.902
7370.000 13.756
7375.000 15.099
7380.000 16.672
7385.000 20.650
7390.000 23.221
7395.000 26.412
7400.000 33.721
7405.000 37.674
7410.000 41.659
7415.000 49.803
7420.000 53.671
7425.000 57.035
7430.000 59.112
7435.000 58.678
7440.000 53.745
7445.000 44.021
7450.000 35.276
7455.000 28.144
7460.000 18.434
7465.000 16.947
7470.000 15.625
7475.000 13.356
7480.000 12.359
7485.000 11.472
7490.000 10.012
7495.000 9.404
7500.000 8.841
7505.000 7.952
7510.000 7.564
7515.000 7.181
7520.000 6.836
7525.000 6.196
7530.000 5.921
7535.000 5.666
7540.000 5.430
7545.000 5.013
7550.000 4.830
7555.000 4.643
7560.000 4.355
7565.000 4.211
7570.000 4.083
7575.000 3.851
7580.000 3.723
7585.000 3.656
7590.000 3.550
7595.000 3.376
7600.000 3.306
7605.000 3.221
7610.000 3.154
7615.000 3.080
7620.000 2.981
7625.000 2.906
7630.000 2.796
7635.000 2.753
7640.000 2.699
7645.000 2.650
7650.000 2.577
7655.000 2.539
7660.000 2.481
7665.000 2.460
7670.000 2.379
7675.000 2.340
7680.000 2.305
7685.000 2.280
7690.000 2.215
7695.000 2.197
7700.000 2.151
7705.000 2.111
7710.000 2.078
7715.000 2.060
7720.000 2.033
7725.000 2.010
7730.000 1.965
7735.000 1.951
7740.000 1.928
7745.000 1.892
7750.000 1.862
7755.000 1.842
7760.000 1.807
7765.000 1.807
7770.000 1.778
7775.000 1.746
7780.000 1.739
7785.000 1.708
7790.000 1.697
7795.000 1.667
7800.000 1.654
7805.000 1.639
7810.000 1.623
7815.000 1.589
7820.000 1.581
7825.000 1.568
7830.000 1.550
7835.000 1.518
7840.000 1.517
7845.000 1.498
7850.000 1.472
7855.000 1.452
7860.000 1.450
7865.000 1.423
7870.000 1.399
7875.000 1.409
7880.000 1.388
7885.000 1.357
7890.000 1.343
7895.000 1.342
7900.000 1.306
7905.000 1.297
7910.000 1.287
7915.000 1.275
7920.000 1.252
7925.000 1.226
7930.000 1.229
7935.000 1.205
7940.000 1.172
7945.000 1.144
7950.000 1.142
7955.000 1.105
7960.000 1.096
7965.000 1.071
7970.000 1.038
7975.000 1.047
7980.000 1.032
7985.000 1.016
7990.000 1.007
7995.000 1.039
8000.000 1.078
8005.000 1.137
8010.000 1.227
8015.000 1.575
8020.000 1.901
8025.000 3.139
8030.000 4.555
8035.000 7.792
8040.000 14.535
8045.000 23.045
8050.000 28.804
8055.000 11.612
8060.000 13.506
8065.000 8.099
8070.000 7.312
8075.000 5.870
8080.000 4.949
8085.000 3.751
8090.000 3.529
8095.000 3.242
8100.000 2.917
8105.000 2.775
8110.000 2.649
8115.000 2.532
8120.000 2.345
8125.000 2.281
8130.000 2.211
8135.000 2.109
8140.000 2.072
8145.000 2.023
8150.000 1.964
8155.000 1.933
8160.000 1.909
8165.000 1.873
8170.000 1.823
8175.000 1.807
8180.000 1.799
8185.000 1.757
8190.000 1.763
8195.000 1.725
8200.000 1.707
8205.000 1.711
8210.000 1.679
8215.000 1.684
8220.000 1.670
8225.000 1.665
8230.000 1.656
8235.000 1.663
8240.000 1.649
8245.000 1.653
8250.000 1.632
8255.000 1.638
8260.000 1.649
8265.000 1.637
8270.000 1.627
8275.000 1.639
8280.000 1.634
8285.000 1.625
8290.000 1.626
8295.000 1.623
8300.000 1.621
8305.000 1.623
8310.000 1.617
8315.000 1.631
8320.000 1.622
8325.000 1.621
8330.000 1.644
8335.000 1.638
8340.000 1.632
8345.000 1.634
8350.000 1.655
8355.000 1.644
8360.000 1.649
8365.000 1.653
8370.000 1.650
8375.000 1.663
8380.000 1.668
8385.000 1.667
8390.000 1.677
8395.000 1.681
8400.000 1.697
8405.000 1.697
8410.000 1.706
8415.000 1.713
8420.000 1.708
8425.000 1.720
8430.000 1.722
8435.000 1.726
8440.000 1.724
8445.000 1.723
8450.000 1.720
8455.000 1.723
8460.000 1.698
8465.000 1.671
8470.000 1.663
8475.000 1.639
8480.000 1.553
8485.000 1.492
8490.000 1.422
8495.000 1.254
8500.000 1.218
8505.000 1.352
8510.000 1.913
8515.000 9.495
8520.000 20.587
8525.000 30.923
8530.000 30.339
8535.000 7.136
8540.000 19.587
8545.000 10.815
8550.000 10.815
8555.000 11.600
8560.000 11.860
8565.000 13.627
8570.000 14.509
8575.000 15.699
8580.000 17.188
8585.000 18.721
8590.000 21.847
8595.000 23.613
8600.000 25.611
8605.000 30.285
8610.000 32.961
8615.000 35.722
8620.000 38.970
8625.000 38.774
8630.000 36.405
8635.000 31.683
8640.000 23.171
8645.000 19.998
8650.000 17.271
8655.000 12.396
8660.000 10.206
8665.000 8.642
8670.000 7.730
8675.000 7.081
8680.000 6.314
8685.000 5.698
8690.000 5.210
8695.000 4.444
8700.000 4.144
8705.000 3.883
8710.000 3.496
8715.000 3.318
8720.000 3.126
8725.000 2.827
8730.000 2.704
8735.000 2.588
8740.000 2.500
8745.000 2.387
8750.000 2.232
8755.000 2.174
8760.000 2.038
8765.000 1.994
8770.000 1.941
8775.000 1.903
8780.000 1.824
8785.000 1.772
8790.000 1.755
8795.000 1.702
8800.000 1.685
8805.000 1.635
8810.000 1.618
8815.000 1.571
8820.000 1.549
8825.000 1.537
8830.000 1.513
8835.000 1.499
8840.000 1.461
8845.000 1.459
8850.000 1.436
8855.000 1.425
8860.000 1.410
8865.000 1.394
8870.000 1.397
8875.000 1.382
8880.000 1.349
8885.000 1.352
8890.000 1.338
8895.000 1.329
8900.000 1.323
8905.000 1.299
8910.000 1.297
8915.000 1.291
8920.000 1.285
8925.000 1.280
8930.000 1.261
8935.000 1.268
8940.000 1.265
8945.000 1.237
8950.000 1.242
8955.000 1.247
8960.000 1.231
8965.000 1.223
8970.000 1.230
8975.000 1.230
8980.000 1.223
8985.000 1.207
8990.000 1.203
8995.000 1.202
9000.000 1.208
9005.000 1.216
9010.000 1.201
9015.000 1.184
9020.000 1.195
9025.000 1.170
9030.000 1.179
9035.000 1.198
9040.000 1.193
9045.000 1.163
9050.000 1.182
9055.000 1.159
9060.000 1.172
9065.000 1.170
9070.000 1.173
9075.000 1.171
9080.000 1.159
9085.000 1.164
9090.000 1.167
9095.000 1.154
9100.000 1.157
9105.000 1.160
9110.000 1.158
9115.000 1.151
9120.000 1.146
9125.000 1.149
9130.000 1.147
9135.000 1.138
9140.000 1.152
9145.000 1.143
9150.000 1.146
9155.000 1.141
9160.000 1.142
9165.000 1.150
9170.000 1.147
9175.000 1.144
9180.000 1.149
9185.000 1.143
9190.000 1.133
9195.000 1.152
9200.000 1.148
9205.000 1.152
9210.000 1.149
9215.000 1.159
9220.000 1.144
9225.000 1.151
9230.000 1.147
9235.000 1.153
9240.000 1.151
9245.000 1.158
9250.000 1.158
9255.000 1.156
9260.000 1.159
9265.000 1.162
9270.000 1.165
9275.000 1.161
9280.000 1.162
9285.000 1.165
9290.000 1.171
9295.000 1.177
9300.000 1.184
9305.000 1.186
9310.000 1.196
9315.000 1.196
9320.000 1.211
9325.000 1.212
9330.000 1.220
9335.000 1.243
9340.000 1.251
9345.000 1.258
9350.000 1.258
9355.000 1.288
9360.000 1.301
9365.000 1.318
9370.000 1.372
9375.000 1.372
9380.000 1.392
9385.000 1.442
9390.000 1.504
9395.000 1.546
9400.000 1.605
9405.000 1.679
9410.000 1.845
9415.000 1.968
9420.000 2.136
9425.000 2.682
9430.000 3.089
9435.000 3.699
9440.000 4.602
9445.000 8.339
9450.000 11.368
9455.000 14.866
9460.000 17.666
9465.000 10.253
9470.000 4.284
9475.000 12.710
9480.000 13.158
9485.000 4.461
9490.000 3.717
9495.000 3.144
9500.000 2.310
9505.000 2.077
9510.000 1.907
9515.000 1.631
9520.000 1.524
9525.000 1.456
9530.000 1.387
9535.000 1.284
9540.000 1.233
9545.000 1.210
9550.000 1.178
9555.000 1.144
9560.000 1.105
9565.000 1.071
9570.000 1.055
9575.000 1.035
9580.000 1.024
9585.000 1.012
9590.000 0.984
9595.000 0.989
9600.000 0.976
9605.000 0.978
9610.000 0.975
9615.000 0.976
9620.000 0.974
9625.000 0.981
9630.000 0.978
9635.000 0.974
9640.000 0.986
9645.000 0.974
9650.000 0.986
9655.000 0.993
9660.000 0.997
9665.000 1.005
9670.000 1.007
9675.000 1.026
9680.000 1.047
9685.000 1.058
9690.000 1.072
9695.000 1.117
9700.000 1.142
9705.000 1.172
9710.000 1.213
9715.000 1.301
9720.000 1.366
9725.000 1.432
9730.000 1.613
9735.000 1.738
9740.000 1.870
9745.000 2.011
9750.000 2.203
9755.000 2.717
9760.000 3.090
9765.000 3.558
9770.000 4.815
9775.000 5.721
9780.000 6.691
9785.000 9.119
9790.000 10.190
9795.000 10.921
9800.000 11.086
9805.000 9.046
9810.000 7.477
9815.000 6.109
9820.000 3.961
9825.000 3.181
9830.000 2.542
9835.000 2.035
9840.000 1.692
9845.000 2.002
9850.000 2.847
9855.000 6.212
9860.000 7.604
9865.000 8.002
9870.000 7.643
9875.000 6.354
9880.000 5.745
9885.000 5.223
9890.000 4.339
9895.000 3.995
9900.000 3.683
9905.000 3.405
9910.000 3.001
9915.000 2.843
9920.000 2.706
9925.000 2.565
9930.000 2.469
9935.000 2.291
9940.000 2.241
9945.000 2.174
9950.000 2.137
9955.000 2.071
9960.000 2.054
9965.000 1.999
9970.000 1.963
9975.000 1.956
9980.000 1.926
9985.000 1.871
9990.000 1.853
9995.000 1.824
10000.000 1.778
