105.000 0.074
110.000 0.157
115.000 0.582
120.000 0.849
125.000 0.772
130.000 0.899
135.000 0.731
140.000 0.946
145.000 1.019
150.000 0.822
155.000 0.907
160.000 0.720
165.000 0.624
170.000 0.647
175.000 0.766
180.000 0.704
185.000 0.561
190.000 0.567
195.000 0.588
200.000 0.440
205.000 0.599
210.000 0.528
215.000 0.375
220.000 0.402
225.000 0.410
230.000 0.357
235.000 0.354
240.000 0.248
245.000 0.361
250.000 0.276
255.000 0.196
260.000 0.158
265.000 0.163
270.000 0.262
275.000 0.218
280.000 0.223
285.000 0.560
290.000 0.451
295.000 0.267
300.000 0.381
305.000 0.343
310.000 0.352
315.000 0.342
320.000 0.560
325.000 0.859
330.000 0.777
335.000 1.072
340.000 1.133
345.000 1.333
350.000 1.496
355.000 1.627
360.000 2.146
365.000 2.084
370.000 2.507
375.000 2.580
380.000 3.067
385.000 3.703
390.000 4.116
395.000 4.463
400.000 4.874
405.000 5.101
410.000 5.394
415.000 5.662
420.000 6.159
425.000 6.620
430.000 6.462
435.000 6.570
440.000 6.605
445.000 6.690
450.000 6.451
455.000 6.204
460.000 6.045
465.000 5.971
470.000 5.543
475.000 5.581
480.000 5.359
485.000 4.934
490.000 4.584
495.000 4.507
500.000 4.302
505.000 3.636
510.000 3.426
515.000 3.213
520.000 3.106
525.000 2.984
530.000 2.564
535.000 2.744
540.000 2.372
545.000 2.280
550.000 2.252
555.000 2.187
560.000 2.116
565.000 1.902
570.000 1.941
575.000 1.860
580.000 1.924
585.000 1.868
590.000 1.880
595.000 1.691
600.000 1.730
605.000 1.765
610.000 1.728
615.000 1.671
620.000 1.794
625.000 1.786
630.000 1.690
635.000 1.744
640.000 1.690
645.000 1.550
650.000 1.663
655.000 2.283
660.000 2.068
665.000 1.910
670.000 1.825
675.000 1.775
680.000 1.671
685.000 1.716
690.000 1.634
695.000 1.512
700.000 1.499
705.000 1.563
710.000 1.601
715.000 1.564
720.000 1.473
725.000 1.526
730.000 1.485
735.000 1.493
740.000 1.525
745.000 1.397
750.000 1.393
755.000 1.413
760.000 1.396
765.000 1.367
770.000 1.402
775.000 1.412
780.000 1.445
785.000 1.452
790.000 1.541
795.000 1.393
800.000 1.510
805.000 1.426
810.000 1.321
815.000 1.295
820.000 1.343
825.000 1.385
830.000 1.437
835.000 1.384
840.000 1.473
845.000 1.419
850.000 1.359
855.000 1.373
860.000 1.400
865.000 1.376
870.000 1.387
875.000 1.267
880.000 1.269
885.000 1.375
890.000 1.400
895.000 1.409
900.000 1.431
905.000 1.377
910.000 1.252
915.000 1.387
920.000 1.461
925.000 1.392
930.000 1.400
935.000 1.497
940.000 1.476
945.000 1.423
950.000 1.423
955.000 1.309
960.000 1.251
965.000 1.235
970.000 1.355
975.000 1.153
980.000 1.220
985.000 1.370
990.000 1.175
995.000 1.306
1000.000 1.237
1005.000 1.244
1010.000 1.139
1015.000 1.121
1020.000 1.093
1025.000 1.323
1030.000 1.157
1035.000 1.388
1040.000 1.197
1045.000 1.224
1050.000 1.185
1055.000 1.265
1060.000 1.224
1065.000 1.301
1070.000 1.186
1075.000 1.216
1080.000 1.253
1085.000 1.182
1090.000 1.187
1095.000 1.175
1100.000 1.266
1105.000 1.327
1110.000 1.262
1115.000 1.182
1120.000 1.222
1125.000 1.264
1130.000 1.227
1135.000 1.179
1140.000 1.244
1145.000 1.234
1150.000 1.223
1155.000 1.201
1160.000 1.195
1165.000 1.179
1170.000 1.188
1175.000 1.142
1180.000 1.171
1185.000 1.238
1190.000 1.237
1195.000 1.181
1200.000 1.229
1205.000 1.224
1210.000 1.143
1215.000 1.221
1220.000 1.173
1225.000 1.122
1230.000 1.138
1235.000 1.159
1240.000 1.134
1245.000 1.157
1250.000 1.121
1255.000 1.178
1260.000 1.157
1265.000 1.210
1270.000 1.144
1275.000 1.208
1280.000 1.219
1285.000 1.192
1290.000 1.083
1295.000 1.114
1300.000 1.102
1305.000 1.109
1310.000 1.126
1315.000 1.132
1320.000 1.089
1325.000 1.109
1330.000 1.098
1335.000 1.103
1340.000 1.184
1345.000 1.101
1350.000 1.085
1355.000 1.066
1360.000 1.113
1365.000 1.079
1370.000 1.066
1375.000 1.063
1380.000 1.106
1385.000 1.098
1390.000 1.085
1395.000 1.055
1400.000 1.103
1405.000 1.041
1410.000 1.072
1415.000 1.059
1420.000 1.050
1425.000 1.061
1430.000 1.089
1435.000 1.083
1440.000 1.091
1445.000 1.092
1450.000 1.078
1455.000 1.054
1460.000 1.066
1465.000 1.008
1470.000 1.045
1475.000 0.974
1480.000 1.019
1485.000 0.975
1490.000 0.998
1495.000 1.008
1500.000 0.970
1505.000 0.958
1510.000 0.895
1515.000 0.907
1520.000 0.887
1525.000 0.911
1530.000 0.874
1535.000 0.897
1540.000 0.866
1545.000 0.927
1550.000 0.851
1555.000 0.905
1560.000 0.897
1565.000 0.878
1570.000 0.900
1575.000 0.867
1580.000 0.843
1585.000 0.853
1590.000 0.841
1595.000 0.931
1600.000 0.860
1605.000 0.841
1610.000 0.844
1615.000 0.839
1620.000 0.859
1625.000 0.797
1630.000 0.872
1635.000 0.856
1640.000 0.830
1645.000 0.851
1650.000 0.841
1655.000 0.903
1660.000 0.836
1665.000 0.889
1670.000 0.922
1675.000 0.899
1680.000 0.894
1685.000 0.905
1690.000 0.911
1695.000 0.967
1700.000 1.009
1705.000 1.067
1710.000 1.027
1715.000 1.019
1720.000 1.103
1725.000 1.156
1730.000 1.202
1735.000 1.174
1740.000 1.285
1745.000 1.257
1750.000 1.315
1755.000 1.281
1760.000 1.379
1765.000 1.406
1770.000 1.460
1775.000 1.516
1780.000 1.612
1785.000 1.681
1790.000 1.722
1795.000 1.850
1800.000 1.846
1805.000 1.864
1810.000 1.921
1815.000 1.993
1820.000 2.118
1825.000 2.205
1830.000 2.288
1835.000 2.353
1840.000 2.388
1845.000 2.464
1850.000 2.485
1855.000 2.541
1860.000 2.543
1865.000 2.604
1870.000 2.729
1875.000 2.742
1880.000 2.735
1885.000 2.843
1890.000 2.853
1895.000 2.884
1900.000 2.893
1905.000 2.828
1910.000 2.982
1915.000 2.909
1920.000 2.962
1925.000 3.049
1930.000 3.013
1935.000 3.043
1940.000 3.058
1945.000 3.045
1950.000 3.095
1955.000 3.060
1960.000 3.078
1965.000 3.056
1970.000 3.010
1975.000 3.101
1980.000 3.180
1985.000 3.101
1990.000 3.092
1995.000 3.152
2000.000 3.180
2005.000 3.113
2010.000 3.154
2015.000 3.152
2020.000 3.179
2025.000 3.175
2030.000 3.239
2035.000 3.178
2040.000 3.224
2045.000 3.178
2050.000 3.252
2055.000 3.254
2060.000 3.235
2065.000 3.229
2070.000 3.179
2075.000 3.245
2080.000 3.259
2085.000 3.344
2090.000 3.290
2095.000 3.314
2100.000 3.299
2105.000 3.328
2110.000 3.399
2115.000 3.363
2120.000 3.405
2125.000 3.431
2130.000 3.452
2135.000 3.525
2140.000 3.520
2145.000 3.522
2150.000 3.564
2155.000 3.592
2160.000 3.616
2165.000 3.680
2170.000 3.708
2175.000 3.828
2180.000 3.848
2185.000 3.904
2190.000 3.986
2195.000 4.067
2200.000 4.114
2205.000 4.213
2210.000 4.323
2215.000 4.450
2220.000 4.513
2225.000 4.654
2230.000 4.865
2235.000 5.114
2240.000 5.239
2245.000 5.624
2250.000 5.888
2255.000 6.306
2260.000 6.703
2265.000 7.788
2270.000 8.634
2275.000 9.662
2280.000 13.128
2285.000 15.999
2290.000 19.595
2295.000 24.250
2300.000 35.727
2305.000 41.843
2310.000 46.841
2315.000 50.454
2320.000 31.625
2325.000 17.804
2330.000 14.040
2335.000 8.494
2340.000 6.937
2345.000 5.827
2350.000 4.971
2355.000 3.619
2360.000 3.173
2365.000 2.755
2370.000 2.202
2375.000 1.971
2380.000 1.816
2385.000 1.657
2390.000 1.397
2395.000 1.305
2400.000 1.246
2405.000 1.070
2410.000 1.049
2415.000 1.001
2420.000 0.959
2425.000 0.895
2430.000 0.876
2435.000 0.851
2440.000 0.860
2445.000 0.829
2450.000 0.862
2455.000 0.838
2460.000 0.819
2465.000 0.822
2470.000 0.804
2475.000 0.846
2480.000 0.846
2485.000 0.864
2490.000 0.869
2495.000 0.841
2500.000 0.882
2505.000 0.879
2510.000 0.881
2515.000 0.892
2520.000 0.911
2525.000 0.926
2530.000 0.890
2535.000 0.929
2540.000 0.955
2545.000 0.952
2550.000 0.956
2555.000 0.980
2560.000 1.001
2565.000 0.972
2570.000 0.977
2575.000 0.986
2580.000 1.021
2585.000 1.012
2590.000 1.030
2595.000 1.054
2600.000 1.064
2605.000 1.072
2610.000 1.075
2615.000 1.064
2620.000 1.073
2625.000 1.099
2630.000 1.078
2635.000 1.117
2640.000 1.109
2645.000 1.113
2650.000 1.126
2655.000 1.142
2660.000 1.165
2665.000 1.155
2670.000 1.155
2675.000 1.167
2680.000 1.188
2685.000 1.167
2690.000 1.158
2695.000 1.189
2700.000 1.199
2705.000 1.216
2710.000 1.203
2715.000 1.222
2720.000 1.193
2725.000 1.223
2730.000 1.233
2735.000 1.215
2740.000 1.238
2745.000 1.239
2750.000 1.245
2755.000 1.251
2760.000 1.235
2765.000 1.242
2770.000 1.268
2775.000 1.255
2780.000 1.254
2785.000 1.289
2790.000 1.242
2795.000 1.237
2800.000 1.240
2805.000 1.247
2810.000 1.271
2815.000 1.251
2820.000 1.239
2825.000 1.264
2830.000 1.244
2835.000 1.227
2840.000 1.237
2845.000 1.214
2850.000 1.215
2855.000 1.212
2860.000 1.185
2865.000 1.177
2870.000 1.159
2875.000 1.185
2880.000 1.127
2885.000 1.170
2890.000 1.113
2895.000 1.093
2900.000 1.101
2905.000 1.087
2910.000 1.084
2915.000 1.060
2920.000 1.054
2925.000 1.009
2930.000 1.012
2935.000 0.992
2940.000 0.970
2945.000 0.943
2950.000 0.928
2955.000 0.946
2960.000 0.900
2965.000 0.826
2970.000 0.880
2975.000 0.836
2980.000 0.830
2985.000 0.772
2990.000 0.747
2995.000 0.767
3000.000 0.696
3005.000 0.744
3010.000 0.711
3015.000 0.731
3020.000 0.716
3025.000 0.716
3030.000 0.671
3035.000 0.632
3040.000 0.602
3045.000 0.627
3050.000 0.595
3055.000 0.600
3060.000 0.544
3065.000 0.506
3070.000 0.508
3075.000 0.518
3080.000 0.527
3085.000 0.507
3090.000 0.495
3095.000 0.454
3100.000 0.482
3105.000 0.424
3110.000 0.409
3115.000 0.425
3120.000 0.406
3125.000 0.387
3130.000 0.396
3135.000 0.361
3140.000 0.380
3145.000 0.349
3150.000 0.352
3155.000 0.344
3160.000 0.322
3165.000 0.336
3170.000 0.318
3175.000 0.302
3180.000 0.319
3185.000 0.299
3190.000 0.304
3195.000 0.296
3200.000 0.263
3205.000 0.274
3210.000 0.251
3215.000 0.247
3220.000 0.267
3225.000 0.251
3230.000 0.243
3235.000 0.243
3240.000 0.233
3245.000 0.235
3250.000 0.242
3255.000 0.230
3260.000 0.209
3265.000 0.221
3270.000 0.229
3275.000 0.216
3280.000 0.216
3285.000 0.214
3290.000 0.228
3295.000 0.211
3300.000 0.234
3305.000 0.213
3310.000 0.220
3315.000 0.223
3320.000 0.211
3325.000 0.218
3330.000 0.230
3335.000 0.237
3340.000 0.229
3345.000 0.238
3350.000 0.242
3355.000 0.235
3360.000 0.267
3365.000 0.246
3370.000 0.272
3375.000 0.268
3380.000 0.298
3385.000 0.282
3390.000 0.305
3395.000 0.294
3400.000 0.304
3405.000 0.321
3410.000 0.329
3415.000 0.338
3420.000 0.356
3425.000 0.389
3430.000 0.374
3435.000 0.397
3440.000 0.409
3445.000 0.421
3450.000 0.475
3455.000 0.478
3460.000 0.499
3465.000 0.531
3470.000 0.564
3475.000 0.589
3480.000 0.624
3485.000 0.669
3490.000 0.673
3495.000 0.708
3500.000 0.762
3505.000 0.803
3510.000 0.823
3515.000 0.863
3520.000 0.906
3525.000 0.967
3530.000 0.987
3535.000 1.045
3540.000 1.117
3545.000 1.169
3550.000 1.239
3555.000 1.350
3560.000 1.374
3565.000 1.433
3570.000 1.517
3575.000 1.682
3580.000 1.752
3585.000 1.829
3590.000 2.024
3595.000 2.174
3600.000 2.335
3605.000 2.515
3610.000 2.888
3615.000 3.126
3620.000 3.488
3625.000 4.230
3630.000 4.754
3635.000 5.418
3640.000 6.154
3645.000 8.320
3650.000 9.793
3655.000 11.446
3660.000 13.381
3665.000 18.294
3670.000 21.234
3675.000 24.786
3680.000 33.250
3685.000 38.745
3690.000 44.600
3695.000 49.741
3700.000 48.939
3705.000 40.991
3710.000 38.935
3715.000 23.161
3720.000 18.393
3725.000 15.806
3730.000 13.149
3735.000 10.572
3740.000 9.467
3745.000 8.174
3750.000 7.007
3755.000 5.887
3760.000 6.064
3765.000 5.272
3770.000 4.270
3775.000 4.278
3780.000 4.388
3785.000 3.711
3790.000 3.186
3795.000 3.523
3800.000 3.426
3805.000 3.267
3810.000 2.863
3815.000 2.529
3820.000 2.819
3825.000 2.470
3830.000 2.546
3835.000 2.482
3840.000 2.388
3845.000 2.130
3850.000 2.210
3855.000 2.055
3860.000 2.061
3865.000 2.030
3870.000 1.960
3875.000 1.930
3880.000 1.847
3885.000 1.816
3890.000 1.794
3895.000 1.744
3900.000 1.692
3905.000 1.685
3910.000 1.665
3915.000 1.623
3920.000 1.614
3925.000 1.604
3930.000 1.563
3935.000 1.545
3940.000 1.514
3945.000 1.510
3950.000 1.482
3955.000 1.467
3960.000 1.436
3965.000 1.432
3970.000 1.435
3975.000 1.408
3980.000 1.416
3985.000 1.384
3990.000 1.363
3995.000 1.355
4000.000 1.375
4005.000 1.338
4010.000 1.388
4015.000 1.330
4020.000 1.308
4025.000 1.300
4030.000 1.290
4035.000 1.332
4040.000 1.291
4045.000 1.281
4050.000 1.314
4055.000 1.313
4060.000 1.285
4065.000 1.241
4070.000 1.291
4075.000 1.259
4080.000 1.248
4085.000 1.241
4090.000 1.251
4095.000 1.269
4100.000 1.229
4105.000 1.231
4110.000 1.236
4115.000 1.219
4120.000 1.199
4125.000 1.209
4130.000 1.202
4135.000 1.179
4140.000 1.172
4145.000 1.177
4150.000 1.184
4155.000 1.177
4160.000 1.161
4165.000 1.153
4170.000 1.143
4175.000 1.161
4180.000 1.137
4185.000 1.145
4190.000 1.151
4195.000 1.134
4200.000 1.124
4205.000 1.123
4210.000 1.119
4215.000 1.114
4220.000 1.105
4225.000 1.112
4230.000 1.085
4235.000 1.115
4240.000 1.081
4245.000 1.090
4250.000 1.087
4255.000 1.071
4260.000 1.072
4265.000 1.071
4270.000 1.086
4275.000 1.069
4280.000 1.077
4285.000 1.067
4290.000 1.044
4295.000 1.057
4300.000 1.047
4305.000 1.053
4310.000 1.058
4315.000 1.058
4320.000 1.048
4325.000 1.047
4330.000 1.049
4335.000 1.044
4340.000 1.048
4345.000 1.048
4350.000 1.032
4355.000 1.029
4360.000 1.035
4365.000 1.020
4370.000 1.038
4375.000 1.037
4380.000 1.037
4385.000 1.034
4390.000 1.013
4395.000 1.030
4400.000 1.019
4405.000 1.034
4410.000 1.035
4415.000 1.032
4420.000 1.029
4425.000 1.033
4430.000 1.013
4435.000 1.000
4440.000 1.016
4445.000 0.999
4450.000 1.010
4455.000 0.991
4460.000 1.009
4465.000 1.017
4470.000 1.004
4475.000 0.998
4480.000 1.010
4485.000 1.013
4490.000 0.993
4495.000 1.007
4500.000 1.008
4505.000 0.994
4510.000 1.003
4515.000 0.981
4520.000 0.997
4525.000 0.984
4530.000 0.994
4535.000 0.983
4540.000 0.996
4545.000 0.987
4550.000 0.976
4555.000 0.980
4560.000 0.986
4565.000 0.975
4570.000 0.982
4575.000 0.975
4580.000 0.961
4585.000 0.977
4590.000 0.968
4595.000 0.978
4600.000 0.978
4605.000 0.982
4610.000 0.962
4615.000 0.968
4620.000 0.952
4625.000 0.950
4630.000 0.952
4635.000 0.939
4640.000 0.957
4645.000 0.954
4650.000 0.943
4655.000 0.948
4660.000 0.936
4665.000 0.939
4670.000 0.938
4675.000 0.939
4680.000 0.930
4685.000 0.925
4690.000 0.946
4695.000 0.929
4700.000 0.913
4705.000 0.913
4710.000 0.911
4715.000 0.906
4720.000 0.906
4725.000 0.914
4730.000 0.900
4735.000 0.905
4740.000 0.889
4745.000 0.875
4750.000 0.891
4755.000 0.868
4760.000 0.863
4765.000 0.856
4770.000 0.849
4775.000 0.842
4780.000 0.842
4785.000 0.841
4790.000 0.828
4795.000 0.812
4800.000 0.814
4805.000 0.806
4810.000 0.785
4815.000 0.770
4820.000 0.748
4825.000 0.750
4830.000 0.718
4835.000 0.710
4840.000 0.692
4845.000 0.663
4850.000 0.648
4855.000 0.611
4860.000 0.594
4865.000 0.562
4870.000 0.537
4875.000 0.518
4880.000 0.496
4885.000 0.425
4890.000 0.391
4895.000 0.342
4900.000 0.311
4905.000 0.231
4910.000 0.203
4915.000 0.193
4920.000 0.294
4925.000 0.408
4930.000 0.572
4935.000 0.791
4940.000 1.717
4945.000 2.965
4950.000 5.664
4955.000 16.142
4960.000 24.932
4965.000 33.414
4970.000 38.122
4975.000 11.802
4980.000 11.775
4985.000 12.483
4990.000 10.571
4995.000 7.775
5000.000 8.410
5005.000 7.625
5010.000 5.565
5015.000 4.518
5020.000 4.299
5025.000 3.978
5030.000 3.376
5035.000 3.151
5040.000 3.002
5045.000 2.698
5050.000 2.599
5055.000 2.497
5060.000 2.442
5065.000 2.289
5070.000 2.207
5075.000 2.155
5080.000 2.069
5085.000 2.037
5090.000 1.983
5095.000 1.968
5100.000 1.931
5105.000 1.898
5110.000 1.904
5115.000 1.872
5120.000 1.881
5125.000 1.871
5130.000 1.866
5135.000 1.844
5140.000 1.838
5145.000 1.851
5150.000 1.843
5155.000 1.850
5160.000 1.847
5165.000 1.847
5170.000 1.848
5175.000 1.840
5180.000 1.865
5185.000 1.836
5190.000 1.856
5195.000 1.885
5200.000 1.853
5205.000 1.865
5210.000 1.876
5215.000 1.884
5220.000 1.877
5225.000 1.899
5230.000 1.895
5235.000 1.893
5240.000 1.916
5245.000 1.926
5250.000 1.926
5255.000 1.940
5260.000 1.955
5265.000 1.976
5270.000 1.986
5275.000 1.992
5280.000 2.005
5285.000 2.011
5290.000 2.016
5295.000 2.026
5300.000 2.029
5305.000 2.045
5310.000 2.061
5315.000 2.076
5320.000 2.070
5325.000 2.089
5330.000 2.105
5335.000 2.127
5340.000 2.136
5345.000 2.129
5350.000 2.138
5355.000 2.160
5360.000 2.177
5365.000 2.172
5370.000 2.196
5375.000 2.217
5380.000 2.214
5385.000 2.229
5390.000 2.247
5395.000 2.254
5400.000 2.257
5405.000 2.280
5410.000 2.288
5415.000 2.296
5420.000 2.313
5425.000 2.340
5430.000 2.338
5435.000 2.367
5440.000 2.374
5445.000 2.378
5450.000 2.399
5455.000 2.414
5460.000 2.431
5465.000 2.428
5470.000 2.437
5475.000 2.464
5480.000 2.469
5485.000 2.480
5490.000 2.492
5495.000 2.511
5500.000 2.506
5505.000 2.473
5510.000 2.489
5515.000 2.517
5520.000 2.494
5525.000 2.519
5530.000 2.530
5535.000 2.526
5540.000 2.513
5545.000 2.514
5550.000 2.510
5555.000 2.519
5560.000 2.519
5565.000 2.510
5570.000 2.516
5575.000 2.518
5580.000 2.533
5585.000 2.525
5590.000 2.524
5595.000 2.523
5600.000 2.531
5605.000 2.528
5610.000 2.549
5615.000 2.549
5620.000 2.546
5625.000 2.561
5630.000 2.534
5635.000 2.546
5640.000 2.546
5645.000 2.580
5650.000 2.594
5655.000 2.599
5660.000 2.613
5665.000 2.591
5670.000 2.569
5675.000 2.574
5680.000 2.597
5685.000 2.578
5690.000 2.605
5695.000 2.626
5700.000 2.617
5705.000 2.616
5710.000 2.641
5715.000 2.647
5720.000 2.638
5725.000 2.658
5730.000 2.659
5735.000 2.680
5740.000 2.692
5745.000 2.690
5750.000 2.711
5755.000 2.710
5760.000 2.724
5765.000 2.752
5770.000 2.734
5775.000 2.796
5780.000 2.836
5785.000 2.827
5790.000 2.831
5795.000 2.826
5800.000 2.841
5805.000 2.823
5810.000 2.830
5815.000 2.855
5820.000 2.876
5825.000 2.885
5830.000 2.878
5835.000 2.898
5840.000 2.924
5845.000 2.951
5850.000 2.964
5855.000 3.013
5860.000 2.984
5865.000 2.995
5870.000 3.048
5875.000 3.076
5880.000 3.077
5885.000 3.075
5890.000 3.121
5895.000 3.153
5900.000 3.160
5905.000 3.201
5910.000 3.224
5915.000 3.227
5920.000 3.260
5925.000 3.295
5930.000 3.332
5935.000 3.357
5940.000 3.383
5945.000 3.440
5950.000 3.438
5955.000 3.493
5960.000 3.555
5965.000 3.583
5970.000 3.640
5975.000 3.655
5980.000 3.744
5985.000 3.758
5990.000 3.843
5995.000 3.881
6000.000 3.984
6005.000 4.043
6010.000 4.105
6015.000 4.153
6020.000 4.196
6025.000 4.297
6030.000 4.360
6035.000 4.456
6040.000 4.496
6045.000 4.608
6050.000 4.786
6055.000 4.883
6060.000 5.012
6065.000 5.095
6070.000 5.290
6075.000 5.400
6080.000 5.489
6085.000 5.743
6090.000 5.889
6095.000 6.042
6100.000 6.209
6105.000 6.625
6110.000 6.823
6115.000 7.009
6120.000 7.310
6125.000 7.865
6130.000 8.189
6135.000 8.566
6140.000 9.479
6145.000 10.033
6150.000 10.680
6155.000 11.444
6160.000 13.419
6165.000 14.713
6170.000 16.290
6175.000 20.471
6180.000 23.233
6185.000 26.720
6190.000 30.924
6195.000 40.061
6200.000 44.563
6205.000 49.141
6210.000 57.763
6215.000 60.956
6220.000 62.724
6225.000 62.870
6230.000 55.101
6235.000 47.828
6240.000 38.098
6245.000 30.703
6250.000 22.344
6255.000 19.086
6260.000 16.549
6265.000 12.807
6270.000 11.325
6275.000 10.051
6280.000 8.932
6285.000 7.088
6290.000 6.341
6295.000 5.741
6300.000 5.156
6305.000 4.335
6310.000 4.015
6315.000 3.728
6320.000 3.280
6325.000 3.093
6330.000 2.914
6335.000 2.766
6340.000 2.490
6345.000 2.387
6350.000 2.297
6355.000 2.090
6360.000 1.993
6365.000 1.923
6370.000 1.845
6375.000 1.707
6380.000 1.655
6385.000 1.596
6390.000 1.529
6395.000 1.427
6400.000 1.368
6405.000 1.331
6410.000 1.231
6415.000 1.196
6420.000 1.137
6425.000 1.126
6430.000 1.046
6435.000 1.015
6440.000 0.975
6445.000 0.928
6450.000 0.906
6455.000 0.879
6460.000 0.851
6465.000 0.824
6470.000 0.834
6475.000 0.831
6480.000 0.872
6485.000 0.906
6490.000 0.956
6495.000 1.010
6500.000 1.190
6505.000 1.330
6510.000 1.488
6515.000 1.679
6520.000 2.216
6525.000 2.594
6530.000 3.091
6535.000 4.932
6540.000 6.992
6545.000 11.678
6550.000 21.514
6555.000 43.961
6560.000 49.539
6565.000 48.983
6570.000 19.352
6575.000 14.168
6580.000 10.061
6585.000 9.346
6590.000 6.146
6595.000 6.150
6600.000 5.901
6605.000 4.622
6610.000 4.219
6615.000 3.890
6620.000 3.627
6625.000 3.227
6630.000 3.071
6635.000 2.925
6640.000 2.782
6645.000 2.564
6650.000 2.492
6655.000 2.402
6660.000 2.261
6665.000 2.206
6670.000 2.148
6675.000 2.095
6680.000 2.022
6685.000 1.979
6690.000 1.951
6695.000 1.921
6700.000 1.864
6705.000 1.827
6710.000 1.824
6715.000 1.775
6720.000 1.753
6725.000 1.742
6730.000 1.714
6735.000 1.691
6740.000 1.678
6745.000 1.665
6750.000 1.642
6755.000 1.630
6760.000 1.623
6765.000 1.614
6770.000 1.585
6775.000 1.597
6780.000 1.580
6785.000 1.569
6790.000 1.570
6795.000 1.555
6800.000 1.552
6805.000 1.544
6810.000 1.545
6815.000 1.545
6820.000 1.528
6825.000 1.537
6830.000 1.533
6835.000 1.526
6840.000 1.522
6845.000 1.519
6850.000 1.521
6855.000 1.524
6860.000 1.518
6865.000 1.518
6870.000 1.528
6875.000 1.526
6880.000 1.529
6885.000 1.538
6890.000 1.528
6895.000 1.532
6900.000 1.529
6905.000 1.530
6910.000 1.533
6915.000 1.553
6920.000 1.554
6925.000 1.551
6930.000 1.562
6935.000 1.557
6940.000 1.574
6945.000 1.583
6950.000 1.570
6955.000 1.587
6960.000 1.588
6965.000 1.597
6970.000 1.602
6975.000 1.616
6980.000 1.617
6985.000 1.636
6990.000 1.632
6995.000 1.630
7000.000 1.664
7005.000 1.668
7010.000 1.676
7015.000 1.705
7020.000 1.694
7025.000 1.712
7030.000 1.736
7035.000 1.748
7040.000 1.755
7045.000 1.771
7050.000 1.777
7055.000 1.821
7060.000 1.822
7065.000 1.847
7070.000 1.859
7075.000 1.883
7080.000 1.907
7085.000 1.926
7090.000 1.947
7095.000 1.998
7100.000 1.987
7105.000 2.014
7110.000 2.067
7115.000 2.069
7120.000 2.090
7125.000 2.115
7130.000 2.188
7135.000 2.213
7140.000 2.236
7145.000 2.310
7150.000 2.341
7155.000 2.373
7160.000 2.420
7165.000 2.481
7170.000 2.535
7175.000 2.583
7180.000 2.660
7185.000 2.713
7190.000 2.786
7195.000 2.825
7200.000 2.971
7205.000 3.025
7210.000 3.098
7215.000 3.176
7220.000 3.354
7225.000 3.445
7230.000 3.533
7235.000 3.733
7240.000 3.838
7245.000 3.927
7250.000 4.037
7255.000 4.265
7260.000 4.399
7265.000 4.549
7270.000 4.846
7275.000 5.058
7280.000 5.203
7285.000 5.354
7290.000 5.667
7295.000 5.796
7300.000 5.989
7305.000 6.317
7310.000 6.499
7315.000 6.728
7320.000 6.965
7325.000 7.496
7330.000 7.777
7335.000 8.098
7340.000 8.481
7345.000 9.363
7350.000 9.879
7355.000 10.454
7360.000 11.821
7365.000 12.775
7370.000 13.899
7375.000 15.207
7380.000 18.546
7385.000 20.631
7390.000 23.224
7395.000 29.969
7400.000 33.968
7405.000 38.018
7410.000 42.038
7415.000 50.545
7420.000 54.394
7425.000 57.709
7430.000 59.742
7435.000 60.073
7440.000 56.526
7445.000 48.001
7450.000 30.409
7455.000 23.623
7460.000 19.538
7465.000 18.153
7470.000 15.564
7475.000 14.381
7480.000 13.258
7485.000 12.300
7490.000 10.712
7495.000 10.055
7500.000 9.485
7505.000 8.535
7510.000 8.153
7515.000 7.771
7520.000 7.393
7525.000 6.718
7530.000 6.436
7535.000 6.158
7540.000 5.669
7545.000 5.437
7550.000 5.238
7555.000 5.064
7560.000 4.721
7565.000 4.558
7570.000 4.433
7575.000 4.166
7580.000 4.053
7585.000 3.954
7590.000 3.843
7595.000 3.650
7600.000 3.580
7605.000 3.495
7610.000 3.418
7615.000 3.278
7620.000 3.220
7625.000 3.159
7630.000 3.035
7635.000 2.982
7640.000 2.914
7645.000 2.873
7650.000 2.783
7655.000 2.736
7660.000 2.691
7665.000 2.609
7670.000 2.575
7675.000 2.537
7680.000 2.516
7685.000 2.435
7690.000 2.406
7695.000 2.379
7700.000 2.336
7705.000 2.275
7710.000 2.258
7715.000 2.240
7720.000 2.190
7725.000 2.151
7730.000 2.140
7735.000 2.098
7740.000 2.061
7745.000 2.050
7750.000 2.021
7755.000 1.984
7760.000 1.968
7765.000 1.944
7770.000 1.919
7775.000 1.885
7780.000 1.873
7785.000 1.849
7790.000 1.826
7795.000 1.803
7800.000 1.776
7805.000 1.767
7810.000 1.730
7815.000 1.719
7820.000 1.700
7825.000 1.683
7830.000 1.650
7835.000 1.641
7840.000 1.632
7845.000 1.599
7850.000 1.586
7855.000 1.565
7860.000 1.545
7865.000 1.516
7870.000 1.511
7875.000 1.501
7880.000 1.478
7885.000 1.458
7890.000 1.436
7895.000 1.428
7900.000 1.400
7905.000 1.377
7910.000 1.347
7915.000 1.336
7920.000 1.285
7925.000 1.275
7930.000 1.262
7935.000 1.223
7940.000 1.210
7945.000 1.182
7950.000 1.159
7955.000 1.119
7960.000 1.108
7965.000 1.076
7970.000 1.042
7975.000 1.036
7980.000 1.017
7985.000 1.014
7990.000 1.044
7995.000 1.080
8000.000 1.143
8005.000 1.241
8010.000 1.626
8015.000 1.922
8020.000 2.372
8025.000 4.320
8030.000 6.966
8035.000 13.061
8040.000 22.450
8045.000 35.254
8050.000 33.328
8055.000 18.922
8060.000 10.051
8065.000 11.655
8070.000 8.119
8075.000 6.359
8080.000 5.493
8085.000 4.877
8090.000 4.491
8095.000 3.920
8100.000 3.692
8105.000 3.504
8110.000 3.341
8115.000 3.079
8120.000 2.978
8125.000 2.869
8130.000 2.788
8135.000 2.638
8140.000 2.579
8145.000 2.526
8150.000 2.432
8155.000 2.393
8160.000 2.351
8165.000 2.326
8170.000 2.255
8175.000 2.241
8180.000 2.220
8185.000 2.205
8190.000 2.166
8195.000 2.154
8200.000 2.141
8205.000 2.128
8210.000 2.126
8215.000 2.107
8220.000 2.106
8225.000 2.104
8230.000 2.095
8235.000 2.108
8240.000 2.086
8245.000 2.079
8250.000 2.098
8255.000 2.089
8260.000 2.084
8265.000 2.101
8270.000 2.077
8275.000 2.091
8280.000 2.106
8285.000 2.113
8290.000 2.111
8295.000 2.125
8300.000 2.133
8305.000 2.146
8310.000 2.138
8315.000 2.166
8320.000 2.165
8325.000 2.166
8330.000 2.194
8335.000 2.201
8340.000 2.211
8345.000 2.221
8350.000 2.245
8355.000 2.269
8360.000 2.279
8365.000 2.313
8370.000 2.325
8375.000 2.340
8380.000 2.350
8385.000 2.389
8390.000 2.410
8395.000 2.429
8400.000 2.467
8405.000 2.501
8410.000 2.543
8415.000 2.558
8420.000 2.612
8425.000 2.638
8430.000 2.656
8435.000 2.688
8440.000 2.750
8445.000 2.784
8450.000 2.819
8455.000 2.856
8460.000 2.871
8465.000 2.919
8470.000 2.916
8475.000 2.931
8480.000 2.911
8485.000 2.868
8490.000 2.681
8495.000 2.542
8500.000 2.340
8505.000 2.114
8510.000 2.257
8515.000 4.714
8520.000 14.018
8525.000 36.632
8530.000 35.306
8535.000 11.341
8540.000 24.000
8545.000 16.778
8550.000 18.162
8555.000 18.421
8560.000 18.658
8565.000 20.942
8570.000 21.996
8575.000 23.525
8580.000 24.774
8585.000 27.818
8590.000 29.635
8595.000 31.793
8600.000 36.978
8605.000 39.876
8610.000 42.783
8615.000 45.547
8620.000 49.332
8625.000 49.590
8630.000 48.037
8635.000 38.374
8640.000 33.365
8645.000 28.953
8650.000 24.955
8655.000 18.297
8660.000 15.467
8665.000 13.330
8670.000 11.641
8675.000 10.736
8680.000 9.687
8685.000 8.837
8690.000 7.541
8695.000 7.038
8700.000 6.588
8705.000 6.172
8710.000 5.509
8715.000 5.213
8720.000 4.925
8725.000 4.487
8730.000 4.275
8735.000 4.094
8740.000 3.927
8745.000 3.640
8750.000 3.511
8755.000 3.391
8760.000 3.174
8765.000 3.097
8770.000 3.001
8775.000 2.923
8780.000 2.772
8785.000 2.727
8790.000 2.648
8795.000 2.544
8800.000 2.505
8805.000 2.457
8810.000 2.415
8815.000 2.324
8820.000 2.273
8825.000 2.256
8830.000 2.214
8835.000 2.150
8840.000 2.125
8845.000 2.107
8850.000 2.055
8855.000 2.026
8860.000 2.012
8865.000 1.981
8870.000 1.933
8875.000 1.923
8880.000 1.911
8885.000 1.879
8890.000 1.859
8895.000 1.845
8900.000 1.827
8905.000 1.801
8910.000 1.784
8915.000 1.766
8920.000 1.743
8925.000 1.736
8930.000 1.725
8935.000 1.710
8940.000 1.696
8945.000 1.688
8950.000 1.668
8955.000 1.655
8960.000 1.651
8965.000 1.645
8970.000 1.627
8975.000 1.620
8980.000 1.605
8985.000 1.610
8990.000 1.586
8995.000 1.577
9000.000 1.581
9005.000 1.553
9010.000 1.557
9015.000 1.533
9020.000 1.547
9025.000 1.542
9030.000 1.526
9035.000 1.505
9040.000 1.504
9045.000 1.524
9050.000 1.495
9055.000 1.526
9060.000 1.500
9065.000 1.480
9070.000 1.486
9075.000 1.480
9080.000 1.484
9085.000 1.480
9090.000 1.477
9095.000 1.468
9100.000 1.476
9105.000 1.468
9110.000 1.482
9115.000 1.457
9120.000 1.452
9125.000 1.453
9130.000 1.458
9135.000 1.455
9140.000 1.448
9145.000 1.438
9150.000 1.442
9155.000 1.437
9160.000 1.450
9165.000 1.438
9170.000 1.436
9175.000 1.424
9180.000 1.436
9185.000 1.439
9190.000 1.436
9195.000 1.435
9200.000 1.420
9205.000 1.418
9210.000 1.421
9215.000 1.441
9220.000 1.438
9225.000 1.430
9230.000 1.435
9235.000 1.431
9240.000 1.431
9245.000 1.436
9250.000 1.433
9255.000 1.436
9260.000 1.442
9265.000 1.436
9270.000 1.444
9275.000 1.450
9280.000 1.452
9285.000 1.435
9290.000 1.451
9295.000 1.444
9300.000 1.462
9305.000 1.454
9310.000 1.476
9315.000 1.476
9320.000 1.487
9325.000 1.477
9330.000 1.478
9335.000 1.503
9340.000 1.514
9345.000 1.519
9350.000 1.530
9355.000 1.541
9360.000 1.545
9365.000 1.553
9370.000 1.576
9375.000 1.589
9380.000 1.597
9385.000 1.617
9390.000 1.655
9395.000 1.673
9400.000 1.706
9405.000 1.729
9410.000 1.804
9415.000 1.852
9420.000 1.911
9425.000 2.063
9430.000 2.176
9435.000 2.324
9440.000 2.546
9445.000 3.370
9450.000 4.188
9455.000 5.365
9460.000 5.841
9465.000 2.423
9470.000 3.371
9475.000 9.450
9480.000 3.396
9485.000 2.537
9490.000 2.122
9495.000 1.811
9500.000 1.620
9505.000 1.565
9510.000 1.507
9515.000 1.469
9520.000 1.469
9525.000 1.423
9530.000 1.415
9535.000 1.386
9540.000 1.381
9545.000 1.370
9550.000 1.363
9555.000 1.355
9560.000 1.352
9565.000 1.351
9570.000 1.352
9575.000 1.349
9580.000 1.360
9585.000 1.369
9590.000 1.372
9595.000 1.382
9600.000 1.389
9605.000 1.415
9610.000 1.429
9615.000 1.448
9620.000 1.470
9625.000 1.491
9630.000 1.509
9635.000 1.527
9640.000 1.575
9645.000 1.595
9650.000 1.622
9655.000 1.646
9660.000 1.702
9665.000 1.725
9670.000 1.765
9675.000 1.806
9680.000 1.870
9685.000 1.939
9690.000 1.982
9695.000 2.125
9700.000 2.196
9705.000 2.270
9710.000 2.367
9715.000 2.571
9720.000 2.678
9725.000 2.770
9730.000 3.025
9735.000 3.214
9740.000 3.403
9745.000 3.618
9750.000 4.279
9755.000 4.673
9760.000 5.159
9765.000 6.517
9770.000 7.502
9775.000 8.715
9780.000 10.145
9785.000 13.482
9790.000 15.040
9795.000 16.158
9800.000 16.500
9805.000 13.979
9810.000 11.876
9815.000 9.966
9820.000 7.152
9825.000 6.211
9830.000 5.432
9835.000 4.817
9840.000 3.834
9845.000 3.372
9850.000 2.946
9855.000 2.000
9860.000 1.457
9865.000 0.979
9870.000 0.804
9875.000 0.894
9880.000 0.949
9885.000 0.994
9890.000 1.038
9895.000 1.036
9900.000 1.055
9905.000 1.037
9910.000 1.031
9915.000 1.018
9920.000 1.034
9925.000 1.013
9930.000 1.012
9935.000 0.997
9940.000 0.996
9945.000 0.995
9950.000 0.991
9955.000 0.982
9960.000 0.980
9965.000 0.979
9970.000 0.977
9975.000 0.964
9980.000 0.966
9985.000 0.951
9990.000 0.963
9995.000 0.959
10000.000 0.949
