105.000 0.029
110.000 0.055
115.000 0.259
120.000 0.365
125.000 0.476
130.000 0.551
135.000 0.591
140.000 0.527
145.000 0.533
150.000 0.573
155.000 0.511
160.000 0.529
165.000 0.463
170.000 0.457
175.000 0.378
180.000 0.286
185.000 0.328
190.000 0.390
195.000 0.388
200.000 0.400
205.000 0.337
210.000 0.346
215.000 0.242
220.000 0.265
225.000 0.334
230.000 0.271
235.000 0.255
240.000 0.246
245.000 0.176
250.000 0.151
255.000 0.119
260.000 0.210
265.000 0.161
270.000 0.135
275.000 0.237
280.000 0.270
285.000 0.234
290.000 0.294
295.000 0.175
300.000 0.415
305.000 0.349
310.000 0.494
315.000 0.577
320.000 0.570
325.000 0.764
330.000 0.860
335.000 0.887
340.000 0.941
345.000 1.274
350.000 1.472
355.000 1.452
360.000 1.449
365.000 1.979
370.000 2.372
375.000 2.429
380.000 2.866
385.000 2.874
390.000 3.571
395.000 3.830
400.000 4.785
405.000 4.848
410.000 5.225
415.000 5.788
420.000 6.060
425.000 6.394
430.000 6.450
435.000 6.706
440.000 6.622
445.000 6.623
450.000 6.163
455.000 6.131
460.000 6.388
465.000 6.210
470.000 5.795
475.000 5.742
480.000 5.554
485.000 5.274
490.000 4.683
495.000 4.651
500.000 4.550
505.000 3.880
510.000 3.577
515.000 3.500
520.000 3.246
525.000 3.132
530.000 2.821
535.000 2.741
540.000 2.383
545.000 2.459
550.000 2.302
555.000 2.210
560.000 2.041
565.000 1.836
570.000 1.884
575.000 1.799
580.000 1.901
585.000 1.814
590.000 1.699
595.000 1.675
600.000 1.761
605.000 1.739
610.000 1.633
615.000 1.743
620.000 1.626
625.000 1.616
630.000 1.602
635.000 1.571
640.000 1.589
645.000 1.472
650.000 1.569
655.000 1.572
660.000 1.530
665.000 1.511
670.000 1.650
675.000 1.584
680.000 1.476
685.000 1.454
690.000 1.552
695.000 1.520
700.000 1.512
705.000 1.519
710.000 1.443
715.000 1.328
720.000 1.430
725.000 1.460
730.000 1.458
735.000 1.417
740.000 1.449
745.000 1.391
750.000 1.409
755.000 1.423
760.000 1.408
765.000 1.388
770.000 1.488
775.000 1.456
780.000 1.478
785.000 1.321
790.000 1.380
795.000 1.319
800.000 1.455
805.000 1.410
810.000 1.454
815.000 1.412
820.000 1.395
825.000 1.393
830.000 1.337
835.000 1.405
840.000 1.391
845.000 1.455
850.000 1.441
855.000 1.407
860.000 1.347
865.000 1.415
870.000 1.450
875.000 1.275
880.000 1.330
885.000 1.337
890.000 1.246
895.000 1.330
900.000 1.362
905.000 1.288
910.000 1.299
915.000 1.268
920.000 1.404
925.000 1.326
930.000 1.250
935.000 1.380
940.000 1.372
945.000 1.312
950.000 1.408
955.000 1.159
960.000 1.199
965.000 1.299
970.000 1.286
975.000 1.255
980.000 1.278
985.000 1.170
990.000 1.345
995.000 1.334
1000.000 1.163
1005.000 1.357
1010.000 1.288
1015.000 1.217
1020.000 1.214
1025.000 1.263
1030.000 1.204
1035.000 1.381
1040.000 1.202
1045.000 1.202
1050.000 1.191
1055.000 1.166
1060.000 1.288
1065.000 1.268
1070.000 1.226
1075.000 1.168
1080.000 1.276
1085.000 1.303
1090.000 1.243
1095.000 1.226
1100.000 1.236
1105.000 1.199
1110.000 1.189
1115.000 1.267
1120.000 1.232
1125.000 1.258
1130.000 1.220
1135.000 1.191
1140.000 1.217
1145.000 1.210
1150.000 1.203
1155.000 1.187
1160.000 1.231
1165.000 1.214
1170.000 1.185
1175.000 1.245
1180.000 1.188
1185.000 1.182
1190.000 1.133
1195.000 1.172
1200.000 1.141
1205.000 1.128
1210.000 1.193
1215.000 1.165
1220.000 1.158
1225.000 1.189
1230.000 1.205
1235.000 1.146
1240.000 1.124
1245.000 1.150
1250.000 1.128
1255.000 1.163
1260.000 1.129
1265.000 1.167
1270.000 1.130
1275.000 1.092
1280.000 1.120
1285.000 1.178
1290.000 1.125
1295.000 1.180
1300.000 1.071
1305.000 1.160
1310.000 1.157
1315.000 1.092
1320.000 1.106
1325.000 1.113
1330.000 1.116
1335.000 1.070
1340.000 1.073
1345.000 1.139
1350.000 1.099
1355.000 1.082
1360.000 1.126
1365.000 1.103
1370.000 1.064
1375.000 1.100
1380.000 1.058
1385.000 1.069
1390.000 1.047
1395.000 1.031
1400.000 1.064
1405.000 1.040
1410.000 1.050
1415.000 1.017
1420.000 1.077
1425.000 1.108
1430.000 1.080
1435.000 1.069
1440.000 1.030
1445.000 1.025
1450.000 1.059
1455.000 1.064
1460.000 1.007
1465.000 1.037
1470.000 1.015
1475.000 1.018
1480.000 0.997
1485.000 0.997
1490.000 0.970
1495.000 0.965
1500.000 0.939
1505.000 0.907
1510.000 0.903
1515.000 0.852
1520.000 0.855
1525.000 0.866
1530.000 0.880
1535.000 0.887
1540.000 0.861
1545.000 0.872
1550.000 0.875
1555.000 0.917
1560.000 0.876
1565.000 0.833
1570.000 0.839
1575.000 0.838
1580.000 0.862
1585.000 0.817
1590.000 0.826
1595.000 0.821
1600.000 0.832
1605.000 0.859
1610.000 0.867
1615.000 0.857
1620.000 0.802
1625.000 0.803
1630.000 0.807
1635.000 0.831
1640.000 0.824
1645.000 0.833
1650.000 0.810
1655.000 0.826
1660.000 0.890
1665.000 0.800
1670.000 0.869
1675.000 0.905
1680.000 0.923
1685.000 0.967
1690.000 0.935
1695.000 0.949
1700.000 0.975
1705.000 1.024
1710.000 1.023
1715.000 1.044
1720.000 1.115
1725.000 1.139
1730.000 1.188
1735.000 1.213
1740.000 1.274
1745.000 1.295
1750.000 1.306
1755.000 1.425
1760.000 1.397
1765.000 1.517
1770.000 1.536
1775.000 1.587
1780.000 1.665
1785.000 1.661
1790.000 1.756
1795.000 1.811
1800.000 1.943
1805.000 2.031
1810.000 2.138
1815.000 2.122
1820.000 2.160
1825.000 2.237
1830.000 2.271
1835.000 2.352
1840.000 2.433
1845.000 2.525
1850.000 2.530
1855.000 2.604
1860.000 2.642
1865.000 2.683
1870.000 2.761
1875.000 2.795
1880.000 2.813
1885.000 2.867
1890.000 2.915
1895.000 2.987
1900.000 3.059
1905.000 3.083
1910.000 3.065
1915.000 3.114
1920.000 3.088
1925.000 3.092
1930.000 3.092
1935.000 3.152
1940.000 3.142
1945.000 3.155
1950.000 3.223
1955.000 3.162
1960.000 3.238
1965.000 3.202
1970.000 3.204
1975.000 3.215
1980.000 3.353
1985.000 3.238
1990.000 3.249
1995.000 3.293
2000.000 3.323
2005.000 3.279
2010.000 3.360
2015.000 3.212
2020.000 3.284
2025.000 3.323
2030.000 3.379
2035.000 3.347
2040.000 3.335
2045.000 3.423
2050.000 3.414
2055.000 3.352
2060.000 3.430
2065.000 3.386
2070.000 3.521
2075.000 3.480
2080.000 3.426
2085.000 3.437
2090.000 3.424
2095.000 3.431
2100.000 3.414
2105.000 3.542
2110.000 3.535
2115.000 3.539
2120.000 3.534
2125.000 3.671
2130.000 3.638
2135.000 3.691
2140.000 3.682
2145.000 3.754
2150.000 3.745
2155.000 3.745
2160.000 3.871
2165.000 3.947
2170.000 3.970
2175.000 4.024
2180.000 4.187
2185.000 4.153
2190.000 4.231
2195.000 4.283
2200.000 4.433
2205.000 4.490
2210.000 4.687
2215.000 4.869
2220.000 4.881
2225.000 5.033
2230.000 5.314
2235.000 5.535
2240.000 5.745
2245.000 5.979
2250.000 6.547
2255.000 6.972
2260.000 7.493
2265.000 9.097
2270.000 10.256
2275.000 11.713
2280.000 13.708
2285.000 20.064
2290.000 24.759
2295.000 30.440
2300.000 43.241
2305.000 48.008
2310.000 49.776
2315.000 46.459
2320.000 32.113
2325.000 16.295
2330.000 14.598
2335.000 8.703
2340.000 7.234
2345.000 6.084
2350.000 5.231
2355.000 3.856
2360.000 3.410
2365.000 3.001
2370.000 2.663
2375.000 2.130
2380.000 1.963
2385.000 1.796
2390.000 1.512
2395.000 1.403
2400.000 1.320
2405.000 1.268
2410.000 1.145
2415.000 1.063
2420.000 1.012
2425.000 0.958
2430.000 0.936
2435.000 0.898
2440.000 0.885
2445.000 0.887
2450.000 0.898
2455.000 0.875
2460.000 0.862
2465.000 0.860
2470.000 0.870
2475.000 0.912
2480.000 0.868
2485.000 0.894
2490.000 0.883
2495.000 0.904
2500.000 0.890
2505.000 0.910
2510.000 0.898
2515.000 0.944
2520.000 0.952
2525.000 0.952
2530.000 0.961
2535.000 0.974
2540.000 0.995
2545.000 0.992
2550.000 1.000
2555.000 0.996
2560.000 1.012
2565.000 1.049
2570.000 1.061
2575.000 1.060
2580.000 1.061
2585.000 1.063
2590.000 1.097
2595.000 1.074
2600.000 1.103
2605.000 1.134
2610.000 1.121
2615.000 1.118
2620.000 1.129
2625.000 1.133
2630.000 1.154
2635.000 1.192
2640.000 1.179
2645.000 1.184
2650.000 1.183
2655.000 1.222
2660.000 1.227
2665.000 1.233
2670.000 1.246
2675.000 1.241
2680.000 1.258
2685.000 1.273
2690.000 1.277
2695.000 1.282
2700.000 1.281
2705.000 1.321
2710.000 1.291
2715.000 1.311
2720.000 1.297
2725.000 1.331
2730.000 1.329
2735.000 1.331
2740.000 1.331
2745.000 1.339
2750.000 1.387
2755.000 1.405
2760.000 1.382
2765.000 1.404
2770.000 1.398
2775.000 1.389
2780.000 1.405
2785.000 1.389
2790.000 1.423
2795.000 1.395
2800.000 1.417
2805.000 1.388
2810.000 1.439
2815.000 1.387
2820.000 1.407
2825.000 1.421
2830.000 1.395
2835.000 1.419
2840.000 1.431
2845.000 1.395
2850.000 1.430
2855.000 1.411
2860.000 1.388
2865.000 1.386
2870.000 1.393
2875.000 1.359
2880.000 1.335
2885.000 1.349
2890.000 1.334
2895.000 1.340
2900.000 1.310
2905.000 1.300
2910.000 1.287
2915.000 1.232
2920.000 1.225
2925.000 1.232
2935.000 1.236
2940.000 1.206
2945.000 1.174
2950.000 1.171
2955.000 1.141
2960.000 1.168
2965.000 1.111
2975.000 1.043
2980.000 1.032
2985.000 1.021
2990.000 1.029
2995.000 1.017
3000.000 0.966
3005.000 0.987
3010.000 0.934
3015.000 0.981
3020.000 0.914
3025.000 0.943
3030.000 0.850
3035.000 0.851
3040.000 0.868
3045.000 0.834
3050.000 0.816
3055.000 0.769
3060.000 0.792
3065.000 0.807
3070.000 0.746
3075.000 0.735
3080.000 0.716
3085.000 0.748
3090.000 0.679
3095.000 0.668
3100.000 0.689
3105.000 0.665
3110.000 0.627
3115.000 0.628
3120.000 0.638
3125.000 0.655
3130.000 0.601
3135.000 0.627
3140.000 0.617
3145.000 0.579
3150.000 0.595
3155.000 0.570
3160.000 0.568
3165.000 0.556
3170.000 0.577
3175.000 0.556
3180.000 0.538
3185.000 0.526
3190.000 0.527
3195.000 0.527
3200.000 0.544
3205.000 0.529
3210.000 0.521
3215.000 0.528
3220.000 0.503
3225.000 0.518
3230.000 0.533
3235.000 0.524
3240.000 0.510
3245.000 0.518
3250.000 0.530
3255.000 0.528
3260.000 0.543
3265.000 0.513
3270.000 0.533
3275.000 0.508
3280.000 0.510
3285.000 0.523
3290.000 0.549
3295.000 0.547
3300.000 0.564
3305.000 0.559
3310.000 0.563
3315.000 0.574
3320.000 0.580
3325.000 0.565
3330.000 0.593
3335.000 0.599
3340.000 0.618
3345.000 0.614
3350.000 0.635
3355.000 0.634
3360.000 0.666
3365.000 0.674
3370.000 0.706
3375.000 0.722
3380.000 0.745
3385.000 0.732
3390.000 0.751
3395.000 0.785
3400.000 0.805
3405.000 0.796
3410.000 0.812
3415.000 0.847
3420.000 0.852
3425.000 0.895
3430.000 0.919
3435.000 0.931
3440.000 0.934
3445.000 1.002
3450.000 1.036
3455.000 1.023
3460.000 1.042
3465.000 1.118
3470.000 1.128
3475.000 1.221
3480.000 1.238
3485.000 1.265
3490.000 1.304
3495.000 1.324
3500.000 1.405
3505.000 1.419
3510.000 1.499
3515.000 1.579
3520.000 1.610
3525.000 1.680
3530.000 1.742
3535.000 1.886
3540.000 1.927
3545.000 1.996
3550.000 2.182
3555.000 2.276
3560.000 2.377
3565.000 2.452
3570.000 2.690
3575.000 2.842
3580.000 2.989
3585.000 3.144
3590.000 3.596
3595.000 3.854
3600.000 4.064
3605.000 4.596
3610.000 4.911
3615.000 5.233
3620.000 5.679
3625.000 6.701
3630.000 7.371
3635.000 8.202
3640.000 10.275
3645.000 11.670
3650.000 13.267
3655.000 15.273
3660.000 20.260
3665.000 23.309
3670.000 26.813
3675.000 34.998
3680.000 39.900
3685.000 44.943
3690.000 50.671
3695.000 61.596
3700.000 64.657
3705.000 60.573
3710.000 44.410
3715.000 28.754
3720.000 23.225
3725.000 19.538
3730.000 15.021
3735.000 13.148
3740.000 11.913
3745.000 10.740
3750.000 8.605
3755.000 8.522
3760.000 7.282
3765.000 6.447
3770.000 5.751
3775.000 5.379
3780.000 5.112
3785.000 5.101
3790.000 4.296
3795.000 4.593
3800.000 3.877
3805.000 3.673
3810.000 3.602
3815.000 3.730
3820.000 3.215
3825.000 3.210
3830.000 3.306
3835.000 3.172
3840.000 2.969
3845.000 2.957
3850.000 2.740
3855.000 2.646
3860.000 2.666
3865.000 2.616
3870.000 2.556
3875.000 2.473
3880.000 2.396
3885.000 2.393
3890.000 2.335
3895.000 2.279
3900.000 2.235
3905.000 2.192
3910.000 2.143
3915.000 2.121
3920.000 2.107
3925.000 2.072
3930.000 2.028
3935.000 2.014
3940.000 1.954
3945.000 1.927
3950.000 1.915
3955.000 1.882
3960.000 1.866
3965.000 1.856
3970.000 1.847
3975.000 1.834
3980.000 1.781
3985.000 1.787
3990.000 1.783
3995.000 1.759
4000.000 1.721
4005.000 1.742
4010.000 1.690
4015.000 1.737
4020.000 1.684
4025.000 1.692
4030.000 1.683
4035.000 1.630
4040.000 1.669
4045.000 1.624
4050.000 1.634
4055.000 1.623
4060.000 1.599
4065.000 1.568
4070.000 1.576
4075.000 1.560
4080.000 1.548
4085.000 1.555
4090.000 1.516
4095.000 1.533
4100.000 1.528
4105.000 1.514
4110.000 1.499
4115.000 1.488
4120.000 1.510
4125.000 1.474
4130.000 1.489
4135.000 1.492
4140.000 1.478
4145.000 1.465
4150.000 1.462
4155.000 1.452
4160.000 1.440
4165.000 1.418
4170.000 1.440
4175.000 1.431
4180.000 1.421
4185.000 1.399
4190.000 1.390
4195.000 1.384
4200.000 1.378
4205.000 1.378
4210.000 1.374
4215.000 1.356
4220.000 1.358
4225.000 1.336
4230.000 1.347
4235.000 1.336
4240.000 1.326
4245.000 1.324
4250.000 1.318
4255.000 1.307
4260.000 1.304
4265.000 1.302
4270.000 1.287
4275.000 1.277
4280.000 1.271
4285.000 1.264
4290.000 1.266
4295.000 1.265
4300.000 1.270
4305.000 1.256
4310.000 1.262
4315.000 1.285
4320.000 1.264
4325.000 1.249
4330.000 1.248
4335.000 1.245
4340.000 1.249
4345.000 1.243
4350.000 1.236
4355.000 1.252
4360.000 1.263
4365.000 1.255
4370.000 1.253
4375.000 1.258
4380.000 1.266
4385.000 1.252
4390.000 1.267
4395.000 1.243
4400.000 1.247
4405.000 1.270
4410.000 1.247
4415.000 1.247
4420.000 1.256
4425.000 1.269
4430.000 1.262
4435.000 1.245
4440.000 1.246
4445.000 1.245
4450.000 1.255
4455.000 1.243
4460.000 1.250
4465.000 1.245
4470.000 1.250
4475.000 1.242
4480.000 1.239
4485.000 1.254
4490.000 1.258
4495.000 1.249
4500.000 1.254
4505.000 1.255
4510.000 1.249
4515.000 1.257
4520.000 1.249
4525.000 1.242
4530.000 1.252
4535.000 1.244
4540.000 1.263
4545.000 1.249
4550.000 1.257
4555.000 1.255
4560.000 1.254
4565.000 1.241
4570.000 1.254
4575.000 1.278
4580.000 1.265
4585.000 1.262
4590.000 1.264
4595.000 1.258
4600.000 1.283
4605.000 1.269
4610.000 1.270
4615.000 1.264
4620.000 1.252
4625.000 1.274
4630.000 1.282
4635.000 1.274
4640.000 1.284
4645.000 1.284
4650.000 1.289
4655.000 1.296
4660.000 1.288
4665.000 1.291
4670.000 1.300
4675.000 1.291
4680.000 1.296
4685.000 1.292
4690.000 1.303
4695.000 1.307
4700.000 1.318
4705.000 1.329
4710.000 1.337
4715.000 1.325
4720.000 1.345
4725.000 1.334
4730.000 1.354
4735.000 1.353
4740.000 1.365
4745.000 1.383
4750.000 1.356
4755.000 1.393
4760.000 1.388
4765.000 1.389
4770.000 1.403
4775.000 1.400
4780.000 1.425
4785.000 1.423
4790.000 1.443
4795.000 1.438
4800.000 1.461
4805.000 1.458
4810.000 1.496
4815.000 1.499
4820.000 1.527
4825.000 1.556
4830.000 1.569
4835.000 1.569
4840.000 1.574
4845.000 1.607
4850.000 1.612
4855.000 1.645
4860.000 1.681
4865.000 1.706
4870.000 1.726
4875.000 1.775
4880.000 1.825
4885.000 1.845
4890.000 1.864
4895.000 1.930
4900.000 1.984
4905.000 2.007
4910.000 2.059
4915.000 2.176
4920.000 2.181
4925.000 2.236
4930.000 2.266
4935.000 2.284
4940.000 2.197
4945.000 2.056
4950.000 1.767
4955.000 2.320
4960.000 9.488
4965.000 25.089
4970.000 46.462
4975.000 27.493
4980.000 34.742
4985.000 31.207
4990.000 32.118
4995.000 14.866
5000.000 13.156
5005.000 5.815
5010.000 4.845
5015.000 3.401
5020.000 2.928
5025.000 1.869
5030.000 1.534
5035.000 1.247
5040.000 0.874
5045.000 0.719
5050.000 0.588
5055.000 0.511
5060.000 0.360
5065.000 0.344
5070.000 0.329
5075.000 0.305
5080.000 0.311
5085.000 0.330
5090.000 0.356
5095.000 0.382
5100.000 0.380
5105.000 0.392
5110.000 0.415
5115.000 0.429
5120.000 0.430
5125.000 0.473
5130.000 0.491
5135.000 0.498
5140.000 0.503
5145.000 0.523
5150.000 0.536
5155.000 0.554
5160.000 0.559
5165.000 0.575
5170.000 0.585
5175.000 0.595
5180.000 0.601
5185.000 0.607
5190.000 0.632
5195.000 0.639
5200.000 0.643
5205.000 0.669
5210.000 0.663
5215.000 0.672
5220.000 0.684
5225.000 0.690
5230.000 0.694
5235.000 0.720
5240.000 0.728
5245.000 0.724
5250.000 0.739
5255.000 0.750
5260.000 0.753
5265.000 0.758
5270.000 0.758
5275.000 0.780
5280.000 0.778
5285.000 0.779
5290.000 0.799
5295.000 0.806
5300.000 0.823
5305.000 0.814
5310.000 0.809
5315.000 0.830
5320.000 0.829
5325.000 0.829
5330.000 0.853
5335.000 0.857
5340.000 0.858
5345.000 0.865
5350.000 0.880
5355.000 0.882
5360.000 0.888
5365.000 0.880
5370.000 0.913
5375.000 0.908
5380.000 0.909
5385.000 0.924
5390.000 0.926
5395.000 0.935
5400.000 0.949
5405.000 0.946
5410.000 0.952
5415.000 0.942
5420.000 0.971
5425.000 0.961
5430.000 0.963
5435.000 0.979
5440.000 0.971
5445.000 0.992
5450.000 1.000
5455.000 1.019
5460.000 1.007
5465.000 1.023
5470.000 1.037
5475.000 1.030
5480.000 1.038
5485.000 1.027
5490.000 1.043
5495.000 1.053
5500.000 1.046
5505.000 1.051
5510.000 1.060
5515.000 1.073
5520.000 1.069
5525.000 1.073
5530.000 1.075
5535.000 1.080
5540.000 1.090
5545.000 1.090
5550.000 1.095
5555.000 1.102
5560.000 1.109
5565.000 1.123
5570.000 1.126
5575.000 1.130
5580.000 1.126
5585.000 1.123
5590.000 1.135
5595.000 1.149
5600.000 1.143
5605.000 1.154
5610.000 1.165
5615.000 1.163
5620.000 1.165
5625.000 1.175
5630.000 1.176
5635.000 1.174
5640.000 1.192
5645.000 1.197
5650.000 1.190
5655.000 1.207
5660.000 1.208
5665.000 1.220
5670.000 1.210
5675.000 1.220
5680.000 1.220
5685.000 1.234
5690.000 1.242
5695.000 1.248
5700.000 1.243
5705.000 1.260
5710.000 1.265
5715.000 1.269
5720.000 1.273
5725.000 1.279
5730.000 1.281
5735.000 1.299
5740.000 1.293
5745.000 1.305
5750.000 1.318
5755.000 1.309
5760.000 1.344
5765.000 1.354
5770.000 1.342
5775.000 1.356
5780.000 1.360
5785.000 1.372
5790.000 1.372
5795.000 1.395
5800.000 1.399
5805.000 1.398
5810.000 1.405
5815.000 1.431
5820.000 1.436
5825.000 1.424
5830.000 1.448
5835.000 1.455
5840.000 1.490
5845.000 1.490
5850.000 1.510
5855.000 1.542
5860.000 1.538
5865.000 1.554
5870.000 1.574
5875.000 1.594
5880.000 1.586
5885.000 1.636
5890.000 1.629
5895.000 1.642
5900.000 1.664
5905.000 1.697
5910.000 1.714
5915.000 1.718
5920.000 1.752
5925.000 1.760
5930.000 1.798
5935.000 1.801
5940.000 1.849
5945.000 1.859
5950.000 1.876
5955.000 1.929
5960.000 1.942
5965.000 1.957
5970.000 1.980
5975.000 2.070
5980.000 2.103
5985.000 2.128
5990.000 2.229
5995.000 2.225
6000.000 2.290
6005.000 2.335
6010.000 2.372
6015.000 2.429
6020.000 2.463
6025.000 2.473
6030.000 2.519
6035.000 2.554
6040.000 2.615
6045.000 2.687
6050.000 2.797
6055.000 2.819
6060.000 2.876
6065.000 2.987
6070.000 3.027
6075.000 3.074
6080.000 3.138
6085.000 3.310
6090.000 3.403
6095.000 3.453
6100.000 3.688
6105.000 3.768
6110.000 3.875
6115.000 4.035
6120.000 4.341
6125.000 4.476
6130.000 4.642
6135.000 5.099
6140.000 5.334
6145.000 5.631
6150.000 5.952
6155.000 6.863
6160.000 7.369
6165.000 8.111
6170.000 9.005
6175.000 11.482
6180.000 13.189
6185.000 15.335
6190.000 21.200
6195.000 24.970
6200.000 29.130
6205.000 33.947
6210.000 44.272
6215.000 48.757
6220.000 51.989
6225.000 49.664
6230.000 39.206
6235.000 31.053
6240.000 30.598
6245.000 20.888
6250.000 17.628
6255.000 15.165
6260.000 11.396
6265.000 9.950
6270.000 8.692
6275.000 7.585
6280.000 5.744
6285.000 4.995
6290.000 4.364
6295.000 3.835
6300.000 3.001
6305.000 2.698
6310.000 2.424
6315.000 2.034
6320.000 1.869
6325.000 1.738
6330.000 1.623
6335.000 1.455
6340.000 1.372
6345.000 1.318
6350.000 1.226
6355.000 1.170
6360.000 1.156
6365.000 1.125
6370.000 1.078
6375.000 1.061
6380.000 1.040
6385.000 1.033
6390.000 1.017
6395.000 1.022
6400.000 1.016
6405.000 1.021
6410.000 1.011
6415.000 1.033
6420.000 1.022
6425.000 1.053
6430.000 1.063
6435.000 1.082
6440.000 1.116
6445.000 1.144
6450.000 1.190
6455.000 1.207
6460.000 1.279
6465.000 1.333
6470.000 1.389
6475.000 1.459
6480.000 1.583
6485.000 1.667
6490.000 1.774
6495.000 2.000
6500.000 2.153
6505.000 2.338
6510.000 2.562
6515.000 3.217
6520.000 3.707
6525.000 4.510
6530.000 7.878
6535.000 11.584
6540.000 17.570
6545.000 25.197
6550.000 43.080
6555.000 51.079
6560.000 56.165
6565.000 20.512
6570.000 24.385
6575.000 10.486
6580.000 13.420
6585.000 8.637
6590.000 7.025
6595.000 5.366
6600.000 4.595
6605.000 3.819
6610.000 3.536
6615.000 3.351
6620.000 2.883
6625.000 2.696
6630.000 2.542
6635.000 2.413
6640.000 2.186
6645.000 2.104
6650.000 2.009
6655.000 1.889
6660.000 1.820
6665.000 1.782
6670.000 1.729
6675.000 1.652
6680.000 1.614
6685.000 1.575
6690.000 1.550
6695.000 1.508
6700.000 1.486
6705.000 1.458
6710.000 1.433
6715.000 1.413
6720.000 1.394
6725.000 1.393
6730.000 1.366
6735.000 1.341
6740.000 1.351
6745.000 1.331
6750.000 1.298
6755.000 1.300
6760.000 1.307
6765.000 1.271
6770.000 1.267
6775.000 1.272
6780.000 1.262
6785.000 1.248
6790.000 1.256
6795.000 1.248
6800.000 1.259
6805.000 1.247
6810.000 1.253
6815.000 1.241
6820.000 1.223
6825.000 1.229
6830.000 1.225
6835.000 1.224
6840.000 1.214
6845.000 1.221
6850.000 1.230
6855.000 1.228
6860.000 1.216
6865.000 1.226
6870.000 1.217
6875.000 1.226
6880.000 1.228
6885.000 1.235
6890.000 1.225
6895.000 1.226
6900.000 1.229
6905.000 1.241
6910.000 1.250
6915.000 1.244
6920.000 1.255
6925.000 1.241
6930.000 1.255
6935.000 1.267
6940.000 1.262
6945.000 1.273
6950.000 1.277
6955.000 1.283
6960.000 1.275
6965.000 1.296
6970.000 1.302
6975.000 1.309
6980.000 1.302
6985.000 1.310
6990.000 1.315
6995.000 1.319
7000.000 1.328
7005.000 1.327
7010.000 1.358
7015.000 1.357
7020.000 1.367
7025.000 1.385
7030.000 1.384
7035.000 1.407
7040.000 1.401
7045.000 1.403
7050.000 1.417
7055.000 1.447
7060.000 1.459
7065.000 1.474
7070.000 1.489
7075.000 1.496
7080.000 1.508
7085.000 1.536
7090.000 1.550
7095.000 1.567
7100.000 1.574
7105.000 1.608
7110.000 1.640
7115.000 1.645
7120.000 1.651
7125.000 1.706
7130.000 1.736
7135.000 1.747
7140.000 1.786
7145.000 1.799
7150.000 1.819
7155.000 1.832
7160.000 1.885
7165.000 1.922
7170.000 1.949
7175.000 1.965
7180.000 2.028
7185.000 2.062
7190.000 2.091
7195.000 2.164
7200.000 2.201
7205.000 2.247
7210.000 2.312
7215.000 2.396
7220.000 2.428
7225.000 2.495
7230.000 2.600
7235.000 2.662
7240.000 2.736
7245.000 2.800
7250.000 2.966
7255.000 3.054
7260.000 3.162
7265.000 3.253
7270.000 3.503
7275.000 3.650
7280.000 3.819
7285.000 4.130
7290.000 4.312
7295.000 4.463
7300.000 4.669
7305.000 5.106
7310.000 5.310
7315.000 5.510
7320.000 5.967
7325.000 6.214
7330.000 6.443
7335.000 6.740
7340.000 7.426
7345.000 7.819
7350.000 8.297
7355.000 9.483
7360.000 9.972
7365.000 10.582
7370.000 12.015
7375.000 14.482
7380.000 16.107
7385.000 18.080
7390.000 20.348
7395.000 26.175
7400.000 29.853
7405.000 34.030
7410.000 42.358
7415.000 46.418
7420.000 50.479
7425.000 54.129
7430.000 58.369
7435.000 57.748
7440.000 53.549
7445.000 34.513
7450.000 25.528
7455.000 18.746
7460.000 16.381
7465.000 14.788
7470.000 13.665
7475.000 12.777
7480.000 10.864
7485.000 10.088
7490.000 9.407
7495.000 8.801
7500.000 7.818
7505.000 7.389
7510.000 7.003
7515.000 6.631
7520.000 5.998
7525.000 5.712
7530.000 5.473
7535.000 5.046
7540.000 4.820
7545.000 4.630
7550.000 4.473
7555.000 4.160
7560.000 4.035
7565.000 3.900
7570.000 3.792
7575.000 3.601
7580.000 3.489
7585.000 3.410
7590.000 3.256
7595.000 3.170
7600.000 3.089
7605.000 3.025
7610.000 2.898
7615.000 2.848
7620.000 2.791
7625.000 2.690
7630.000 2.645
7635.000 2.591
7640.000 2.556
7645.000 2.472
7650.000 2.439
7655.000 2.401
7660.000 2.353
7665.000 2.311
7670.000 2.262
7675.000 2.247
7680.000 2.203
7685.000 2.157
7690.000 2.137
7695.000 2.100
7700.000 2.061
7705.000 2.039
7710.000 2.010
7715.000 1.976
7720.000 1.947
7725.000 1.936
7730.000 1.903
7735.000 1.866
7740.000 1.831
7745.000 1.831
7750.000 1.791
7755.000 1.763
7760.000 1.739
7765.000 1.736
7770.000 1.695
7775.000 1.683
7780.000 1.674
7785.000 1.635
7790.000 1.628
7795.000 1.613
7800.000 1.584
7805.000 1.551
7810.000 1.540
7815.000 1.539
7820.000 1.512
7825.000 1.488
7830.000 1.475
7835.000 1.458
7840.000 1.434
7845.000 1.421
7850.000 1.397
7855.000 1.391
7860.000 1.375
7865.000 1.332
7870.000 1.329
7875.000 1.295
7880.000 1.282
7885.000 1.264
7890.000 1.256
7895.000 1.223
7900.000 1.198
7905.000 1.183
7910.000 1.158
7915.000 1.139
7920.000 1.119
7925.000 1.117
7930.000 1.079
7935.000 1.056
7940.000 1.062
7945.000 1.022
7950.000 1.003
7955.000 1.010
7960.000 0.989
7965.000 1.000
7970.000 1.024
7975.000 1.060
7980.000 1.091
7985.000 1.242
7990.000 1.362
7995.000 1.491
8000.000 1.675
8005.000 2.262
8010.000 2.706
8015.000 3.364
8020.000 6.542
8025.000 10.857
8030.000 18.238
8035.000 26.864
8040.000 41.109
8045.000 40.506
8050.000 26.653
8055.000 23.703
8060.000 15.342
8065.000 11.778
8070.000 9.632
8075.000 8.590
8080.000 7.596
8085.000 6.523
8090.000 6.034
8095.000 5.207
8100.000 4.878
8105.000 4.617
8110.000 4.127
8115.000 3.943
8120.000 3.769
8125.000 3.624
8130.000 3.387
8135.000 3.295
8140.000 3.197
8145.000 3.051
8150.000 2.991
8155.000 2.937
8160.000 2.887
8165.000 2.793
8170.000 2.755
8175.000 2.722
8180.000 2.667
8185.000 2.638
8190.000 2.618
8195.000 2.614
8200.000 2.578
8205.000 2.576
8210.000 2.574
8215.000 2.555
8220.000 2.562
8225.000 2.547
8230.000 2.559
8235.000 2.548
8240.000 2.551
8245.000 2.555
8250.000 2.550
8255.000 2.566
8260.000 2.557
8265.000 2.571
8270.000 2.587
8275.000 2.594
8280.000 2.601
8285.000 2.597
8290.000 2.638
8295.000 2.631
8300.000 2.646
8305.000 2.659
8310.000 2.682
8315.000 2.708
8320.000 2.739
8325.000 2.776
8330.000 2.799
8335.000 2.822
8340.000 2.842
8345.000 2.890
8350.000 2.932
8355.000 2.950
8360.000 2.989
8365.000 3.068
8370.000 3.091
8375.000 3.122
8380.000 3.219
8385.000 3.255
8390.000 3.299
8395.000 3.375
8400.000 3.482
8405.000 3.535
8410.000 3.605
8415.000 3.694
8420.000 3.749
8425.000 3.780
8430.000 3.856
8435.000 3.953
8440.000 4.025
8445.000 4.094
8450.000 4.202
8455.000 4.280
8460.000 4.349
8465.000 4.424
8470.000 4.550
8475.000 4.586
8480.000 4.642
8485.000 4.678
8490.000 4.640
8495.000 4.576
8500.000 4.408
8505.000 3.843
8510.000 3.416
8515.000 3.551
8520.000 7.002
8525.000 31.547
8530.000 38.005
8535.000 28.384
8540.000 23.182
8545.000 23.748
8550.000 21.669
8555.000 22.092
8560.000 24.672
8565.000 25.813
8570.000 26.877
8575.000 29.632
8580.000 31.360
8585.000 33.406
8590.000 35.536
8595.000 40.548
8600.000 43.328
8605.000 46.197
8610.000 49.141
8615.000 54.440
8620.000 56.087
8625.000 56.806
8630.000 53.272
8635.000 48.326
8640.000 43.393
8645.000 39.164
8650.000 31.888
8655.000 27.123
8660.000 21.891
8665.000 16.814
8670.000 11.838
8675.000 11.014
8680.000 10.255
8685.000 9.154
8690.000 8.703
8695.000 8.257
8700.000 7.868
8705.000 7.115
8710.000 6.765
8715.000 6.464
8720.000 5.924
8725.000 5.685
8730.000 5.457
8735.000 5.240
8740.000 4.879
8745.000 4.702
8750.000 4.551
8755.000 4.404
8760.000 4.155
8765.000 4.043
8770.000 3.953
8775.000 3.747
8780.000 3.661
8785.000 3.580
8790.000 3.510
8795.000 3.359
8800.000 3.305
8805.000 3.232
8810.000 3.129
8815.000 3.087
8820.000 3.039
8825.000 2.986
8830.000 2.919
8835.000 2.872
8840.000 2.825
8845.000 2.755
8850.000 2.729
8855.000 2.698
8860.000 2.665
8865.000 2.614
8870.000 2.588
8875.000 2.562
8880.000 2.538
8885.000 2.493
8890.000 2.472
8895.000 2.435
8900.000 2.409
8905.000 2.378
8910.000 2.354
8915.000 2.340
8920.000 2.303
8925.000 2.287
8930.000 2.272
8935.000 2.246
8940.000 2.221
8945.000 2.223
8950.000 2.215
8955.000 2.167
8960.000 2.148
8965.000 2.156
8970.000 2.122
8975.000 2.109
8980.000 2.106
8985.000 2.103
8990.000 2.086
8995.000 2.060
9000.000 2.062
9005.000 2.046
9010.000 2.034
9015.000 2.025
9020.000 2.004
9025.000 2.003
9030.000 2.001
9035.000 1.995
9040.000 1.984
9045.000 1.969
9050.000 1.955
9055.000 1.963
9060.000 1.958
9065.000 1.946
9070.000 1.940
9075.000 1.920
9080.000 1.918
9085.000 1.907
9090.000 1.926
9095.000 1.916
9100.000 1.895
9105.000 1.890
9110.000 1.889
9115.000 1.881
9120.000 1.858
9125.000 1.868
9130.000 1.869
9135.000 1.858
9140.000 1.859
9145.000 1.850
9150.000 1.850
9155.000 1.847
9160.000 1.850
9165.000 1.852
9170.000 1.839
9175.000 1.839
9180.000 1.837
9185.000 1.833
9190.000 1.838
9195.000 1.820
9200.000 1.835
9205.000 1.828
9210.000 1.820
9215.000 1.817
9220.000 1.817
9225.000 1.827
9230.000 1.808
9235.000 1.808
9240.000 1.817
9245.000 1.816
9250.000 1.826
9255.000 1.821
9260.000 1.821
9265.000 1.820
9270.000 1.821
9275.000 1.818
9280.000 1.811
9285.000 1.815
9290.000 1.815
9295.000 1.814
9300.000 1.806
9305.000 1.804
9310.000 1.811
9315.000 1.811
9320.000 1.806
9325.000 1.814
9330.000 1.792
9335.000 1.794
9340.000 1.800
9345.000 1.799
9350.000 1.808
9355.000 1.787
9360.000 1.784
9365.000 1.769
9370.000 1.766
9375.000 1.757
9380.000 1.750
9385.000 1.735
9390.000 1.716
9395.000 1.697
9400.000 1.681
9405.000 1.623
9410.000 1.601
9415.000 1.562
9420.000 1.454
9425.000 1.391
9430.000 1.197
9435.000 1.052
9440.000 0.860
9450.000 0.698
9455.000 1.129
9460.000 3.200
9465.000 4.652
9470.000 9.564
9475.000 15.491
9480.000 5.299
9485.000 9.891
9490.000 6.441
9495.000 5.666
9500.000 5.318
9505.000 5.019
9510.000 4.590
9515.000 4.422
9520.000 4.253
9525.000 4.130
9530.000 3.926
9535.000 3.881
9540.000 3.850
9545.000 3.864
9550.000 3.871
9555.000 3.900
9560.000 3.912
9565.000 4.033
9570.000 4.099
9575.000 4.157
9580.000 4.237
9585.000 4.331
9590.000 4.448
9595.000 4.555
9600.000 4.881
9605.000 4.968
9610.000 5.078
9615.000 5.229
9620.000 5.489
9625.000 5.645
9630.000 5.725
9635.000 5.854
9640.000 5.928
9645.000 5.987
9650.000 6.042
9655.000 6.206
9660.000 6.276
9665.000 6.354
9670.000 6.468
9675.000 6.702
9680.000 6.815
9685.000 6.974
9690.000 7.341
9695.000 7.539
9700.000 7.790
9705.000 8.035
9710.000 8.648
9715.000 9.030
9720.000 9.470
9725.000 10.471
9730.000 11.061
9735.000 11.886
9740.000 12.741
9745.000 14.845
9750.000 16.161
9755.000 17.736
9760.000 19.641
9765.000 24.390
9770.000 27.428
9775.000 30.846
9780.000 37.681
9785.000 40.722
9790.000 43.289
9795.000 45.118
9800.000 44.820
9805.000 41.731
9810.000 36.722
9815.000 31.499
9820.000 22.686
9825.000 19.458
9830.000 16.938
9835.000 13.169
9840.000 11.600
9845.000 10.078
9850.000 8.469
9855.000 5.398
9860.000 4.816
9865.000 4.873
9870.000 5.059
9875.000 4.974
9880.000 4.857
9885.000 4.713
9890.000 4.388
9895.000 4.228
9900.000 4.070
9905.000 3.782
9910.000 3.642
9915.000 3.522
9920.000 3.402
9925.000 3.186
9930.000 3.094
9935.000 2.984
9940.000 2.911
9945.000 2.757
9950.000 2.686
9955.000 2.622
9960.000 2.502
9965.000 2.450
9970.000 2.399
9975.000 2.348
9980.000 2.272
9985.000 2.240
9990.000 2.179
9995.000 2.118
10000.000 2.096
