105.000 0.035
110.000 0.072
115.000 0.315
120.000 0.475
125.000 0.526
130.000 0.599
135.000 0.662
140.000 0.682
145.000 0.752
150.000 0.707
155.000 0.657
160.000 0.683
165.000 0.559
170.000 0.567
175.000 0.349
180.000 0.411
185.000 0.471
190.000 0.406
195.000 0.338
200.000 0.253
205.000 0.298
210.000 0.354
215.000 0.338
220.000 0.292
225.000 0.183
230.000 0.220
235.000 0.144
240.000 0.213
245.000 0.142
250.000 0.177
255.000 0.117
260.000 0.141
265.000 0.162
270.000 0.136
275.000 0.252
280.000 0.211
285.000 0.191
290.000 0.277
295.000 0.204
300.000 0.281
305.000 0.327
310.000 0.414
315.000 0.421
320.000 0.451
325.000 0.555
330.000 0.793
335.000 0.868
340.000 0.939
345.000 1.339
350.000 1.382
355.000 1.465
360.000 1.690
365.000 2.055
370.000 2.216
375.000 2.368
380.000 2.687
385.000 3.172
390.000 3.496
395.000 3.868
400.000 4.292
405.000 4.987
410.000 5.302
415.000 5.440
420.000 6.101
425.000 6.596
430.000 6.348
435.000 6.772
440.000 6.490
445.000 6.340
450.000 6.435
455.000 6.294
460.000 5.794
465.000 6.142
470.000 5.579
475.000 5.454
480.000 5.180
485.000 5.028
490.000 4.733
495.000 4.122
500.000 4.428
505.000 4.063
510.000 3.464
515.000 3.278
520.000 3.101
525.000 2.903
530.000 2.585
535.000 2.589
540.000 2.541
545.000 2.350
550.000 2.267
555.000 2.043
560.000 2.014
565.000 1.844
570.000 1.937
575.000 1.836
580.000 1.724
585.000 1.718
590.000 1.763
595.000 1.776
600.000 1.731
605.000 1.736
610.000 1.622
615.000 1.530
620.000 1.638
625.000 1.601
630.000 1.642
635.000 1.572
640.000 1.572
645.000 1.546
650.000 1.536
655.000 1.634
660.000 1.543
665.000 1.558
670.000 1.555
675.000 1.539
680.000 1.519
685.000 1.474
690.000 1.553
695.000 1.481
700.000 1.481
705.000 1.626
710.000 1.489
715.000 1.436
720.000 1.477
725.000 1.435
730.000 1.502
735.000 1.653
740.000 1.514
745.000 1.535
750.000 1.450
755.000 1.517
760.000 1.503
765.000 1.466
770.000 1.519
775.000 1.339
780.000 1.381
785.000 1.372
790.000 1.461
795.000 1.411
800.000 1.370
805.000 1.358
810.000 1.354
815.000 1.293
820.000 1.399
825.000 1.493
830.000 1.420
835.000 1.351
840.000 1.451
845.000 1.318
850.000 1.315
855.000 1.340
860.000 1.430
865.000 1.313
870.000 1.328
875.000 1.286
880.000 1.301
885.000 1.298
890.000 1.225
895.000 1.736
900.000 1.692
905.000 2.383
910.000 2.547
915.000 2.333
920.000 2.111
925.000 1.878
930.000 1.765
935.000 2.564
940.000 2.003
945.000 1.864
950.000 1.804
955.000 1.734
960.000 1.402
965.000 1.407
970.000 1.393
975.000 1.300
980.000 1.249
985.000 1.089
990.000 1.191
995.000 1.286
1000.000 1.113
1005.000 1.275
1010.000 1.190
1015.000 1.126
1020.000 1.183
1025.000 1.180
1030.000 1.091
1035.000 1.276
1040.000 1.258
1045.000 1.124
1050.000 1.147
1055.000 1.156
1060.000 1.162
1065.000 1.338
1070.000 1.180
1075.000 1.158
1080.000 1.165
1085.000 1.143
1090.000 1.173
1095.000 1.178
1100.000 1.123
1105.000 1.119
1110.000 1.134
1115.000 1.145
1120.000 1.141
1125.000 1.143
1130.000 1.179
1135.000 1.138
1140.000 1.164
1145.000 1.142
1150.000 1.146
1155.000 1.128
1160.000 1.153
1165.000 1.180
1170.000 1.193
1175.000 1.175
1180.000 1.165
1185.000 1.176
1190.000 1.127
1195.000 1.111
1200.000 1.108
1205.000 1.133
1210.000 1.181
1215.000 1.164
1220.000 1.173
1225.000 1.156
1230.000 1.124
1235.000 1.159
1240.000 1.166
1245.000 1.099
1250.000 1.099
1255.000 1.108
1260.000 1.130
1265.000 1.105
1270.000 1.101
1275.000 1.137
1280.000 1.138
1285.000 1.185
1290.000 1.176
1295.000 1.122
1300.000 1.110
1305.000 1.123
1310.000 1.143
1315.000 1.112
1320.000 1.067
1325.000 1.070
1330.000 1.132
1335.000 1.094
1340.000 1.037
1345.000 1.084
1350.000 1.071
1355.000 1.047
1360.000 1.086
1365.000 1.055
1370.000 1.096
1375.000 0.993
1380.000 1.062
1385.000 1.088
1390.000 1.051
1395.000 1.126
1400.000 1.096
1405.000 1.053
1410.000 1.113
1415.000 1.037
1420.000 1.038
1425.000 1.034
1430.000 1.039
1435.000 1.015
1440.000 1.043
1445.000 1.035
1450.000 1.030
1455.000 1.045
1460.000 1.011
1465.000 0.975
1470.000 1.015
1475.000 0.989
1480.000 0.990
1485.000 0.988
1490.000 0.951
1495.000 0.938
1500.000 0.901
1505.000 0.974
1510.000 0.940
1515.000 0.875
1520.000 0.855
1525.000 0.872
1530.000 0.854
1535.000 0.855
1540.000 0.830
1545.000 0.854
1550.000 0.883
1555.000 0.882
1560.000 0.876
1565.000 0.844
1570.000 0.814
1575.000 0.834
1580.000 0.812
1585.000 0.788
1590.000 0.820
1595.000 0.848
1600.000 0.825
1605.000 0.826
1610.000 0.823
1615.000 0.817
1620.000 0.809
1625.000 0.735
1630.000 0.803
1635.000 0.827
1640.000 0.824
1645.000 0.818
1650.000 0.813
1655.000 0.864
1660.000 0.848
1665.000 0.883
1670.000 0.904
1675.000 0.862
1680.000 0.900
1685.000 0.934
1690.000 0.940
1695.000 0.960
1700.000 0.974
1705.000 1.040
1710.000 1.060
1715.000 1.073
1720.000 1.022
1725.000 1.131
1730.000 1.167
1735.000 1.239
1740.000 1.233
1745.000 1.268
1750.000 1.372
1755.000 1.437
1760.000 1.377
1765.000 1.498
1770.000 1.522
1775.000 1.527
1780.000 1.658
1785.000 1.770
1790.000 1.785
1795.000 1.837
1800.000 1.934
1805.000 2.010
1810.000 2.047
1815.000 2.031
1820.000 2.174
1825.000 2.269
1830.000 2.344
1835.000 2.386
1840.000 2.465
1845.000 2.461
1850.000 2.589
1855.000 2.649
1860.000 2.684
1865.000 2.728
1870.000 2.771
1875.000 2.918
1880.000 2.899
1885.000 2.935
1890.000 2.953
1895.000 3.042
1900.000 3.082
1905.000 3.096
1910.000 3.096
1915.000 3.202
1920.000 3.211
1925.000 3.175
1930.000 3.164
1935.000 3.207
1940.000 3.152
1945.000 3.189
1950.000 3.296
1955.000 3.242
1960.000 3.252
1965.000 3.277
1970.000 3.317
1975.000 3.416
1980.000 3.328
1985.000 3.295
1990.000 3.366
1995.000 3.300
2000.000 3.323
2005.000 3.344
2010.000 3.385
2015.000 3.399
2020.000 3.368
2025.000 3.420
2030.000 3.339
2035.000 3.414
2040.000 3.361
2045.000 3.428
2050.000 3.428
2055.000 3.329
2060.000 3.408
2065.000 3.377
2070.000 3.535
2075.000 3.462
2080.000 3.463
2085.000 3.491
2090.000 3.516
2095.000 3.576
2100.000 3.503
2105.000 3.615
2110.000 3.577
2115.000 3.611
2120.000 3.570
2125.000 3.657
2130.000 3.678
2135.000 3.710
2140.000 3.773
2145.000 3.801
2150.000 3.826
2155.000 3.840
2160.000 3.909
2165.000 3.949
2170.000 3.987
2175.000 4.063
2180.000 4.200
2185.000 4.206
2190.000 4.282
2195.000 4.446
2200.000 4.495
2205.000 4.542
2210.000 4.688
2215.000 4.908
2220.000 4.970
2225.000 5.141
2230.000 5.504
2235.000 5.695
2240.000 5.907
2245.000 6.161
2250.000 6.824
2255.000 7.340
2260.000 7.860
2265.000 8.607
2270.000 10.608
2275.000 12.186
2280.000 14.367
2285.000 17.252
2290.000 26.435
2295.000 32.327
2300.000 39.099
2305.000 49.884
2310.000 50.778
2315.000 44.870
2320.000 38.579
2325.000 16.581
2330.000 13.817
2335.000 11.043
2340.000 7.419
2345.000 6.209
2350.000 5.251
2355.000 4.628
2360.000 3.484
2365.000 3.072
2370.000 2.724
2375.000 2.216
2380.000 2.019
2385.000 1.861
2390.000 1.736
2395.000 1.456
2400.000 1.393
2405.000 1.302
2410.000 1.219
2415.000 1.114
2420.000 1.067
2425.000 1.053
2430.000 0.966
2435.000 0.973
2440.000 0.947
2445.000 0.909
2450.000 0.923
2455.000 0.918
2460.000 0.899
2465.000 0.888
2470.000 0.892
2475.000 0.879
2480.000 0.907
2485.000 0.900
2490.000 0.880
2495.000 0.922
2500.000 0.928
2505.000 0.936
2510.000 0.935
2515.000 0.936
2520.000 0.963
2525.000 0.975
2530.000 0.979
2535.000 1.001
2540.000 1.001
2545.000 1.014
2550.000 1.011
2555.000 1.038
2560.000 1.057
2565.000 1.031
2570.000 1.057
2575.000 1.065
2580.000 1.082
2585.000 1.111
2590.000 1.120
2595.000 1.112
2600.000 1.129
2605.000 1.131
2610.000 1.145
2615.000 1.155
2620.000 1.183
2625.000 1.188
2630.000 1.211
2635.000 1.213
2640.000 1.218
2645.000 1.212
2650.000 1.234
2655.000 1.237
2660.000 1.233
2665.000 1.251
2670.000 1.285
2675.000 1.263
2680.000 1.301
2685.000 1.294
2690.000 1.307
2695.000 1.316
2700.000 1.345
2705.000 1.334
2710.000 1.370
2715.000 1.353
2720.000 1.356
2725.000 1.371
2730.000 1.398
2735.000 1.378
2740.000 1.391
2745.000 1.432
2750.000 1.441
2755.000 1.419
2760.000 1.433
2765.000 1.452
2770.000 1.460
2775.000 1.453
2780.000 1.480
2785.000 1.485
2790.000 1.488
2795.000 1.476
2800.000 1.469
2805.000 1.496
2810.000 1.512
2815.000 1.518
2820.000 1.487
2825.000 1.522
2830.000 1.528
2835.000 1.489
2840.000 1.525
2845.000 1.518
2850.000 1.468
2855.000 1.512
2860.000 1.505
2865.000 1.491
2870.000 1.479
2875.000 1.478
2880.000 1.450
2885.000 1.447
2890.000 1.461
2895.000 1.431
2900.000 1.448
2905.000 1.456
2910.000 1.417
2915.000 1.414
2920.000 1.413
2925.000 1.378
2930.000 1.369
2935.000 1.342
2940.000 1.332
2945.000 1.300
2950.000 1.248
2955.000 1.227
2960.000 1.237
2965.000 1.242
2970.000 1.221
2975.000 1.211
2980.000 1.141
2985.000 1.188
2990.000 1.187
2995.000 1.181
3000.000 1.074
3005.000 1.084
3010.000 1.110
3015.000 1.035
3020.000 1.007
3025.000 0.925
3030.000 0.996
3035.000 1.029
3040.000 0.958
3045.000 0.952
3050.000 0.907
3055.000 0.874
3060.000 0.877
3065.000 0.900
3070.000 0.835
3075.000 0.813
3080.000 0.788
3085.000 0.754
3090.000 0.786
3095.000 0.745
3100.000 0.743
3105.000 0.746
3110.000 0.722
3115.000 0.708
3120.000 0.701
3125.000 0.684
3130.000 0.693
3135.000 0.704
3140.000 0.660
3145.000 0.659
3150.000 0.662
3155.000 0.651
3160.000 0.662
3165.000 0.659
3170.000 0.656
3175.000 0.654
3180.000 0.662
3185.000 0.665
3190.000 0.675
3195.000 0.661
3200.000 0.641
3205.000 0.667
3210.000 0.644
3215.000 0.673
3220.000 0.654
3225.000 0.672
3230.000 0.670
3235.000 0.674
3240.000 0.709
3245.000 0.672
3250.000 0.680
3255.000 0.685
3260.000 0.695
3265.000 0.698
3270.000 0.686
3275.000 0.697
3280.000 0.709
3285.000 0.694
3290.000 0.740
3295.000 0.734
3300.000 0.736
3305.000 0.723
3310.000 0.757
3315.000 0.766
3320.000 0.765
3325.000 0.794
3330.000 0.805
3335.000 0.803
3340.000 0.806
3345.000 0.828
3350.000 0.838
3355.000 0.866
3360.000 0.879
3365.000 0.895
3370.000 0.918
3375.000 0.951
3380.000 0.951
3385.000 0.972
3390.000 0.980
3395.000 1.013
3400.000 1.073
3405.000 1.074
3410.000 1.083
3415.000 1.093
3420.000 1.109
3425.000 1.142
3430.000 1.163
3435.000 1.195
3440.000 1.255
3445.000 1.235
3450.000 1.284
3455.000 1.338
3460.000 1.394
3465.000 1.418
3470.000 1.468
3475.000 1.497
3480.000 1.541
3485.000 1.587
3490.000 1.645
3495.000 1.714
3500.000 1.740
3505.000 1.810
3510.000 1.946
3515.000 1.962
3520.000 2.007
3525.000 2.134
3530.000 2.204
3535.000 2.301
3540.000 2.347
3545.000 2.546
3550.000 2.632
3555.000 2.757
3560.000 3.006
3565.000 3.100
3570.000 3.263
3575.000 3.450
3580.000 3.829
3585.000 4.067
3590.000 4.258
3595.000 4.756
3600.000 4.998
3605.000 5.298
3610.000 5.690
3615.000 6.481
3620.000 7.032
3625.000 7.590
3630.000 8.261
3635.000 9.974
3640.000 11.079
3645.000 12.399
3650.000 15.965
3655.000 18.253
3660.000 20.854
3665.000 23.901
3670.000 30.963
3675.000 35.121
3680.000 39.549
3685.000 48.690
3690.000 52.551
3695.000 55.165
3700.000 58.816
3705.000 63.107
3710.000 52.117
3715.000 38.922
3720.000 27.387
3725.000 23.422
3730.000 19.538
3735.000 17.235
3740.000 13.799
3745.000 12.314
3750.000 10.755
3755.000 10.284
3760.000 9.055
3765.000 7.974
3770.000 7.197
3775.000 6.719
3780.000 6.512
3785.000 5.847
3790.000 5.615
3795.000 5.328
3800.000 5.097
3805.000 4.850
3810.000 4.698
3815.000 3.961
3820.000 4.193
3825.000 3.707
3830.000 3.750
3835.000 3.666
3840.000 3.523
3845.000 3.339
3850.000 3.302
3855.000 3.083
3860.000 3.062
3865.000 2.977
3870.000 2.931
3875.000 2.859
3880.000 2.779
3885.000 2.690
3890.000 2.643
3895.000 2.619
3900.000 2.524
3905.000 2.489
3910.000 2.495
3915.000 2.439
3920.000 2.384
3925.000 2.360
3930.000 2.319
3935.000 2.290
3940.000 2.228
3945.000 2.221
3950.000 2.203
3955.000 2.164
3960.000 2.133
3965.000 2.098
3970.000 2.100
3975.000 2.049
3980.000 2.055
3985.000 2.036
3990.000 2.022
3995.000 1.971
4000.000 2.006
4005.000 1.986
4010.000 1.945
4015.000 1.968
4020.000 1.903
4025.000 1.894
4030.000 1.909
4035.000 1.893
4040.000 1.850
4045.000 1.850
4050.000 1.819
4055.000 1.815
4060.000 1.797
4065.000 1.822
4070.000 1.786
4075.000 1.782
4080.000 1.771
4085.000 1.769
4090.000 1.764
4095.000 1.743
4100.000 1.729
4105.000 1.711
4110.000 1.698
4115.000 1.702
4120.000 1.715
4125.000 1.697
4130.000 1.679
4135.000 1.655
4140.000 1.656
4145.000 1.648
4150.000 1.639
4155.000 1.606
4160.000 1.620
4165.000 1.622
4170.000 1.596
4175.000 1.586
4180.000 1.563
4185.000 1.572
4190.000 1.561
4195.000 1.568
4200.000 1.536
4205.000 1.550
4210.000 1.523
4215.000 1.509
4220.000 1.510
4225.000 1.500
4230.000 1.485
4235.000 1.481
4240.000 1.481
4245.000 1.476
4250.000 1.453
4255.000 1.459
4260.000 1.452
4265.000 1.442
4270.000 1.426
4275.000 1.437
4280.000 1.420
4285.000 1.401
4290.000 1.424
4295.000 1.412
4300.000 1.413
4305.000 1.387
4310.000 1.392
4315.000 1.388
4320.000 1.386
4325.000 1.394
4330.000 1.388
4335.000 1.384
4340.000 1.399
4345.000 1.409
4350.000 1.410
4355.000 1.400
4360.000 1.394
4365.000 1.400
4370.000 1.394
4375.000 1.396
4380.000 1.402
4385.000 1.397
4390.000 1.405
4395.000 1.390
4400.000 1.420
4405.000 1.389
4410.000 1.400
4415.000 1.406
4420.000 1.407
4425.000 1.412
4430.000 1.407
4435.000 1.403
4440.000 1.416
4445.000 1.413
4450.000 1.398
4455.000 1.412
4460.000 1.427
4465.000 1.420
4470.000 1.422
4475.000 1.425
4480.000 1.399
4485.000 1.415
4490.000 1.428
4495.000 1.436
4500.000 1.427
4505.000 1.443
4510.000 1.441
4515.000 1.443
4520.000 1.435
4525.000 1.433
4530.000 1.446
4535.000 1.448
4540.000 1.435
4545.000 1.444
4550.000 1.437
4555.000 1.465
4560.000 1.436
4565.000 1.474
4570.000 1.449
4575.000 1.463
4580.000 1.459
4585.000 1.473
4590.000 1.471
4595.000 1.483
4600.000 1.480
4605.000 1.488
4610.000 1.492
4615.000 1.489
4620.000 1.503
4625.000 1.517
4630.000 1.525
4635.000 1.514
4640.000 1.523
4645.000 1.542
4650.000 1.541
4655.000 1.549
4660.000 1.561
4665.000 1.574
4670.000 1.574
4675.000 1.573
4680.000 1.592
4685.000 1.601
4690.000 1.655
4695.000 1.642
4700.000 1.632
4705.000 1.657
4710.000 1.664
4715.000 1.688
4720.000 1.683
4725.000 1.708
4730.000 1.701
4735.000 1.738
4740.000 1.745
4745.000 1.759
4750.000 1.783
4755.000 1.798
4760.000 1.811
4765.000 1.839
4770.000 1.855
4775.000 1.885
4780.000 1.933
4785.000 1.932
4790.000 1.963
4795.000 1.992
4800.000 2.032
4805.000 2.071
4810.000 2.103
4815.000 2.169
4820.000 2.199
4825.000 2.250
4830.000 2.322
4835.000 2.382
4840.000 2.446
4845.000 2.503
4850.000 2.588
4855.000 2.717
4860.000 2.830
4865.000 2.905
4870.000 2.985
4875.000 3.159
4880.000 3.230
4885.000 3.308
4890.000 3.481
4895.000 3.539
4900.000 3.625
4905.000 3.736
4910.000 3.993
4915.000 4.111
4920.000 4.280
4925.000 4.630
4930.000 4.833
4935.000 5.060
4940.000 5.244
4945.000 5.543
4950.000 5.489
4955.000 5.230
4960.000 12.600
4965.000 34.143
4970.000 49.338
4975.000 51.826
4980.000 52.411
4985.000 46.626
4990.000 44.712
4995.000 30.411
5000.000 15.891
5005.000 12.238
5010.000 10.594
5015.000 7.043
5020.000 5.960
5025.000 5.037
5030.000 4.372
5035.000 3.285
5040.000 2.921
5045.000 2.623
5050.000 2.119
5055.000 1.906
5060.000 1.731
5065.000 1.575
5070.000 1.329
5075.000 1.212
5080.000 1.132
5085.000 0.968
5090.000 0.901
5095.000 0.832
5100.000 0.800
5105.000 0.689
5110.000 0.634
5115.000 0.606
5120.000 0.560
5125.000 0.501
5130.000 0.467
5135.000 0.442
5140.000 0.392
5145.000 0.359
5150.000 0.342
5155.000 0.322
5160.000 0.289
5165.000 0.272
5170.000 0.262
5175.000 0.233
5180.000 0.204
5185.000 0.204
5190.000 0.202
5195.000 0.174
5200.000 0.148
5205.000 0.155
5210.000 0.146
5215.000 0.134
5220.000 0.132
5225.000 0.135
5230.000 0.143
5235.000 0.119
5240.000 0.123
5245.000 0.132
5250.000 0.135
5255.000 0.136
5260.000 0.137
5265.000 0.141
5270.000 0.154
5275.000 0.143
5280.000 0.163
5285.000 0.175
5290.000 0.181
5295.000 0.178
5300.000 0.191
5305.000 0.202
5310.000 0.222
5315.000 0.227
5320.000 0.237
5325.000 0.245
5330.000 0.252
5335.000 0.259
5340.000 0.277
5345.000 0.281
5350.000 0.289
5355.000 0.323
5360.000 0.320
5365.000 0.310
5370.000 0.326
5375.000 0.346
5380.000 0.349
5385.000 0.341
5390.000 0.366
5395.000 0.390
5400.000 0.384
5405.000 0.396
5410.000 0.406
5415.000 0.409
5420.000 0.423
5425.000 0.424
5430.000 0.444
5435.000 0.449
5440.000 0.452
5445.000 0.470
5450.000 0.476
5455.000 0.490
5460.000 0.489
5465.000 0.505
5470.000 0.523
5475.000 0.518
5480.000 0.532
5485.000 0.534
5490.000 0.537
5495.000 0.550
5500.000 0.554
5505.000 0.566
5510.000 0.573
5515.000 0.582
5520.000 0.577
5525.000 0.597
5530.000 0.590
5535.000 0.599
5540.000 0.605
5545.000 0.605
5550.000 0.612
5555.000 0.614
5560.000 0.630
5565.000 0.642
5570.000 0.644
5575.000 0.640
5580.000 0.651
5585.000 0.658
5590.000 0.669
5595.000 0.670
5600.000 0.674
5605.000 0.672
5610.000 0.693
5615.000 0.696
5620.000 0.691
5625.000 0.706
5630.000 0.696
5635.000 0.700
5640.000 0.717
5645.000 0.724
5650.000 0.721
5655.000 0.726
5660.000 0.720
5665.000 0.733
5670.000 0.737
5675.000 0.731
5680.000 0.737
5685.000 0.746
5690.000 0.737
5695.000 0.754
5700.000 0.772
5705.000 0.764
5710.000 0.763
5715.000 0.770
5720.000 0.762
5725.000 0.783
5730.000 0.776
5735.000 0.790
5740.000 0.782
5745.000 0.773
5750.000 0.790
5755.000 0.799
5760.000 0.801
5765.000 0.798
5770.000 0.807
5775.000 0.806
5780.000 0.813
5785.000 0.819
5790.000 0.819
5795.000 0.828
5800.000 0.809
5805.000 0.823
5810.000 0.829
5815.000 0.831
5820.000 0.834
5825.000 0.840
5830.000 0.841
5835.000 0.849
5840.000 0.857
5845.000 0.850
5850.000 0.844
5855.000 0.861
5860.000 0.857
5865.000 0.860
5870.000 0.861
5875.000 0.881
5880.000 0.878
5885.000 0.884
5890.000 0.902
5895.000 0.894
5900.000 0.903
5905.000 0.905
5910.000 0.915
5915.000 0.904
5920.000 0.922
5925.000 0.916
5930.000 0.928
5935.000 0.937
5940.000 0.929
5945.000 0.950
5950.000 0.938
5955.000 0.946
5960.000 0.968
5965.000 0.975
5970.000 0.987
5975.000 0.977
5980.000 0.997
5985.000 1.002
5990.000 1.008
5995.000 1.015
6000.000 1.024
6005.000 1.062
6010.000 1.070
6015.000 1.063
6020.000 1.105
6025.000 1.102
6030.000 1.112
6035.000 1.133
6040.000 1.144
6045.000 1.158
6050.000 1.169
6055.000 1.229
6060.000 1.240
6065.000 1.253
6070.000 1.286
6075.000 1.311
6080.000 1.339
6085.000 1.369
6090.000 1.392
6095.000 1.444
6100.000 1.486
6105.000 1.509
6110.000 1.591
6115.000 1.643
6120.000 1.684
6125.000 1.727
6130.000 1.861
6135.000 1.919
6140.000 2.021
6145.000 2.187
6150.000 2.299
6155.000 2.424
6160.000 2.577
6165.000 2.994
6170.000 3.192
6175.000 3.470
6180.000 4.257
6185.000 4.884
6190.000 5.739
6195.000 6.946
6200.000 11.047
6205.000 14.131
6210.000 17.774
6215.000 21.759
6220.000 28.677
6225.000 29.200
6230.000 24.111
6235.000 12.784
6240.000 16.744
6245.000 14.033
6250.000 11.937
6255.000 9.492
6260.000 8.679
6265.000 7.943
6270.000 6.733
6275.000 6.226
6280.000 5.721
6285.000 5.264
6290.000 4.532
6295.000 4.213
6300.000 3.940
6305.000 3.558
6310.000 3.399
6315.000 3.286
6320.000 3.160
6325.000 2.955
6330.000 2.862
6335.000 2.811
6340.000 2.742
6345.000 2.620
6350.000 2.598
6355.000 2.546
6360.000 2.500
6365.000 2.464
6370.000 2.424
6375.000 2.408
6380.000 2.389
6385.000 2.365
6390.000 2.371
6395.000 2.361
6400.000 2.368
6405.000 2.383
6410.000 2.401
6415.000 2.425
6420.000 2.453
6425.000 2.478
6430.000 2.489
6435.000 2.551
6440.000 2.559
6445.000 2.617
6450.000 2.736
6455.000 2.769
6460.000 2.827
6465.000 2.898
6470.000 3.101
6475.000 3.169
6480.000 3.271
6485.000 3.387
6490.000 3.645
6495.000 3.823
6500.000 4.035
6505.000 4.659
6510.000 5.154
6515.000 5.756
6520.000 6.566
6525.000 9.263
6530.000 11.462
6535.000 14.466
6540.000 23.774
6545.000 30.072
6550.000 38.246
6555.000 46.971
6560.000 57.188
6565.000 46.537
6570.000 5.704
6575.000 7.525
6580.000 6.915
6585.000 6.901
6590.000 5.900
6595.000 4.358
6600.000 4.264
6605.000 3.405
6610.000 2.955
6615.000 2.659
6620.000 2.462
6625.000 2.274
6630.000 1.996
6635.000 1.880
6640.000 1.787
6645.000 1.693
6650.000 1.546
6655.000 1.505
6660.000 1.453
6665.000 1.358
6670.000 1.334
6675.000 1.288
6680.000 1.269
6685.000 1.211
6690.000 1.182
6695.000 1.178
6700.000 1.137
6705.000 1.113
6710.000 1.104
6715.000 1.098
6720.000 1.076
6725.000 1.056
6730.000 1.054
6735.000 1.036
6740.000 1.018
6745.000 1.031
6750.000 1.014
6755.000 1.004
6760.000 1.005
6765.000 1.004
6770.000 0.985
6775.000 0.975
6780.000 0.981
6785.000 0.985
6790.000 0.974
6795.000 0.966
6800.000 0.969
6805.000 0.957
6810.000 0.962
6815.000 0.969
6820.000 0.968
6825.000 0.977
6830.000 0.960
6835.000 0.966
6840.000 0.963
6845.000 0.975
6850.000 0.966
6855.000 0.962
6860.000 0.966
6865.000 0.977
6870.000 0.977
6875.000 0.980
6880.000 0.977
6885.000 0.971
6890.000 0.986
6895.000 0.988
6900.000 0.973
6905.000 0.993
6910.000 0.987
6915.000 0.980
6920.000 0.993
6925.000 0.995
6930.000 1.004
6935.000 1.005
6940.000 1.005
6945.000 0.995
6950.000 1.008
6955.000 1.010
6960.000 1.007
6965.000 1.012
6970.000 1.020
6975.000 1.019
6980.000 1.014
6985.000 1.022
6990.000 1.043
6995.000 1.032
7000.000 1.046
7005.000 1.051
7010.000 1.073
7015.000 1.053
7020.000 1.062
7025.000 1.060
7030.000 1.075
7035.000 1.082
7040.000 1.062
7045.000 1.088
7050.000 1.091
7055.000 1.098
7060.000 1.131
7065.000 1.120
7070.000 1.114
7075.000 1.121
7080.000 1.157
7085.000 1.143
7090.000 1.143
7095.000 1.145
7100.000 1.168
7105.000 1.183
7110.000 1.200
7115.000 1.221
7120.000 1.228
7125.000 1.229
7130.000 1.245
7135.000 1.261
7140.000 1.260
7145.000 1.273
7150.000 1.296
7155.000 1.304
7160.000 1.317
7165.000 1.337
7170.000 1.359
7175.000 1.366
7180.000 1.394
7185.000 1.404
7190.000 1.439
7195.000 1.459
7200.000 1.472
7205.000 1.502
7210.000 1.536
7215.000 1.554
7220.000 1.583
7225.000 1.632
7230.000 1.656
7235.000 1.697
7240.000 1.751
7245.000 1.785
7250.000 1.818
7255.000 1.855
7260.000 1.943
7265.000 1.982
7270.000 2.041
7275.000 2.133
7280.000 2.201
7285.000 2.254
7290.000 2.343
7295.000 2.512
7300.000 2.575
7305.000 2.679
7310.000 2.788
7315.000 3.078
7320.000 3.215
7325.000 3.414
7330.000 3.850
7335.000 4.113
7340.000 4.355
7345.000 4.648
7350.000 5.396
7355.000 5.888
7360.000 6.384
7365.000 7.149
7370.000 8.097
7375.000 8.939
7380.000 10.002
7385.000 12.708
7390.000 14.500
7395.000 16.653
7400.000 22.107
7405.000 25.365
7410.000 29.040
7415.000 33.147
7420.000 41.856
7425.000 45.662
7430.000 48.696
7435.000 50.111
7440.000 44.084
7445.000 35.114
7450.000 25.006
7455.000 12.086
7460.000 12.327
7465.000 12.239
7470.000 10.992
7475.000 9.350
7480.000 8.495
7485.000 7.769
7490.000 7.172
7495.000 6.192
7500.000 5.792
7505.000 5.438
7510.000 4.822
7515.000 4.574
7520.000 4.345
7525.000 4.140
7530.000 3.758
7535.000 3.587
7540.000 3.452
7545.000 3.210
7550.000 3.085
7555.000 2.984
7560.000 2.913
7565.000 2.725
7570.000 2.660
7575.000 2.563
7580.000 2.508
7585.000 2.402
7590.000 2.336
7595.000 2.294
7600.000 2.186
7605.000 2.147
7610.000 2.099
7615.000 2.059
7620.000 2.004
7625.000 1.962
7630.000 1.938
7635.000 1.881
7640.000 1.842
7645.000 1.808
7650.000 1.793
7655.000 1.753
7660.000 1.730
7665.000 1.711
7670.000 1.677
7675.000 1.660
7680.000 1.626
7685.000 1.602
7690.000 1.576
7695.000 1.547
7700.000 1.541
7705.000 1.536
7710.000 1.505
7715.000 1.488
7720.000 1.472
7725.000 1.441
7730.000 1.424
7735.000 1.417
7740.000 1.401
7745.000 1.385
7750.000 1.360
7755.000 1.345
7760.000 1.337
7765.000 1.321
7770.000 1.307
7775.000 1.299
7780.000 1.281
7785.000 1.264
7790.000 1.265
7795.000 1.230
7800.000 1.223
7805.000 1.219
7810.000 1.206
7815.000 1.181
7820.000 1.180
7825.000 1.170
7830.000 1.143
7835.000 1.116
7840.000 1.119
7845.000 1.112
7850.000 1.086
7855.000 1.074
7860.000 1.083
7865.000 1.063
7870.000 1.055
7875.000 1.030
7880.000 1.021
7885.000 1.023
7890.000 1.006
7895.000 0.992
7900.000 0.994
7905.000 0.977
7910.000 0.974
7915.000 0.970
7920.000 0.976
7925.000 0.970
7930.000 0.984
7935.000 0.990
7940.000 1.011
7945.000 1.017
7950.000 1.045
7955.000 1.070
7960.000 1.153
7965.000 1.205
7970.000 1.265
7975.000 1.428
7980.000 1.548
7985.000 1.674
7990.000 1.868
7995.000 2.365
8000.000 2.748
8005.000 3.314
8010.000 4.159
8015.000 7.906
8020.000 11.607
8025.000 16.657
8030.000 28.610
8035.000 36.366
8040.000 44.011
8045.000 47.359
8050.000 21.227
8055.000 36.359
8060.000 14.147
8065.000 13.336
8070.000 11.118
8075.000 8.938
8080.000 7.681
8085.000 6.727
8090.000 5.987
8095.000 5.488
8100.000 4.788
8105.000 4.490
8110.000 4.238
8115.000 3.998
8120.000 3.655
8125.000 3.509
8130.000 3.379
8135.000 3.260
8140.000 3.078
8145.000 3.007
8150.000 2.918
8155.000 2.792
8160.000 2.738
8165.000 2.688
8170.000 2.637
8175.000 2.573
8180.000 2.533
8185.000 2.501
8190.000 2.447
8195.000 2.432
8200.000 2.407
8205.000 2.388
8210.000 2.357
8215.000 2.344
8220.000 2.339
8225.000 2.331
8230.000 2.335
8235.000 2.313
8240.000 2.301
8245.000 2.299
8250.000 2.305
8255.000 2.315
8260.000 2.318
8265.000 2.304
8270.000 2.301
8275.000 2.313
8280.000 2.315
8285.000 2.329
8290.000 2.334
8295.000 2.332
8300.000 2.351
8305.000 2.351
8310.000 2.358
8315.000 2.362
8320.000 2.383
8325.000 2.397
8330.000 2.404
8335.000 2.442
8340.000 2.455
8345.000 2.463
8350.000 2.489
8355.000 2.525
8360.000 2.531
8365.000 2.564
8370.000 2.606
8375.000 2.631
8380.000 2.651
8385.000 2.684
8390.000 2.750
8395.000 2.780
8400.000 2.812
8405.000 2.840
8410.000 2.921
8415.000 2.968
8420.000 3.005
8425.000 3.099
8430.000 3.154
8435.000 3.211
8440.000 3.255
8445.000 3.355
8450.000 3.434
8455.000 3.489
8460.000 3.616
8465.000 3.669
8470.000 3.736
8475.000 3.781
8480.000 3.836
8485.000 3.844
8490.000 3.807
8495.000 3.636
8500.000 3.429
8505.000 3.142
8510.000 2.794
8515.000 3.772
8520.000 11.434
8525.000 25.118
8530.000 35.276
8535.000 16.293
8540.000 24.532
8545.000 16.640
8550.000 21.810
8555.000 22.030
8560.000 22.396
8565.000 22.968
8570.000 25.617
8575.000 26.908
8580.000 28.320
8585.000 29.903
8590.000 34.091
8595.000 36.541
8600.000 38.774
8605.000 45.273
8610.000 48.203
8615.000 50.972
8620.000 53.125
8625.000 54.727
8630.000 53.043
8635.000 48.814
8640.000 39.091
8645.000 35.120
8650.000 31.269
8655.000 27.061
8660.000 18.707
8665.000 15.621
8670.000 13.397
8675.000 11.555
8680.000 9.511
8685.000 8.964
8690.000 8.480
8695.000 7.616
8700.000 7.227
8705.000 6.863
8710.000 6.517
8715.000 5.913
8720.000 5.653
8725.000 5.401
8730.000 4.975
8735.000 4.793
8740.000 4.611
8745.000 4.458
8750.000 4.188
8755.000 4.066
8760.000 3.935
8765.000 3.734
8770.000 3.630
8775.000 3.547
8780.000 3.470
8785.000 3.316
8790.000 3.238
8795.000 3.169
8800.000 3.110
8805.000 3.003
8810.000 2.963
8815.000 2.917
8820.000 2.824
8825.000 2.773
8830.000 2.750
8835.000 2.710
8840.000 2.648
8845.000 2.624
8850.000 2.592
8855.000 2.536
8860.000 2.516
8865.000 2.466
8870.000 2.443
8875.000 2.399
8880.000 2.391
8885.000 2.354
8890.000 2.314
8895.000 2.307
8900.000 2.290
8905.000 2.267
8910.000 2.232
8915.000 2.207
8920.000 2.192
8925.000 2.188
8930.000 2.164
8935.000 2.135
8940.000 2.128
8945.000 2.120
8950.000 2.096
8955.000 2.079
8960.000 2.074
8965.000 2.041
8970.000 2.013
8975.000 2.014
8980.000 2.019
8985.000 1.989
8990.000 1.984
8995.000 1.990
9000.000 1.982
9005.000 1.962
9010.000 1.949
9015.000 1.945
9020.000 1.920
9025.000 1.922
9030.000 1.910
9035.000 1.901
9040.000 1.883
9045.000 1.880
9050.000 1.894
9055.000 1.877
9060.000 1.861
9065.000 1.857
9070.000 1.859
9075.000 1.848
9080.000 1.852
9085.000 1.838
9090.000 1.833
9095.000 1.824
9100.000 1.821
9105.000 1.812
9110.000 1.804
9115.000 1.819
9120.000 1.806
9125.000 1.806
9130.000 1.802
9135.000 1.798
9140.000 1.791
9145.000 1.796
9150.000 1.781
9155.000 1.781
9160.000 1.770
9165.000 1.780
9170.000 1.761
9175.000 1.768
9180.000 1.760
9185.000 1.765
9190.000 1.763
9195.000 1.756
9200.000 1.753
9205.000 1.749
9210.000 1.746
9215.000 1.734
9220.000 1.741
9225.000 1.744
9230.000 1.733
9235.000 1.734
9240.000 1.731
9245.000 1.725
9250.000 1.726
9255.000 1.719
9260.000 1.731
9265.000 1.716
9270.000 1.722
9275.000 1.715
9280.000 1.706
9285.000 1.706
9290.000 1.706
9295.000 1.685
9300.000 1.691
9305.000 1.668
9310.000 1.667
9315.000 1.661
9320.000 1.648
9325.000 1.647
9330.000 1.625
9335.000 1.625
9340.000 1.593
9345.000 1.591
9350.000 1.590
9355.000 1.568
9360.000 1.544
9365.000 1.517
9370.000 1.492
9375.000 1.471
9380.000 1.416
9385.000 1.384
9390.000 1.350
9395.000 1.259
9400.000 1.199
9405.000 1.156
9410.000 1.079
9415.000 0.922
9420.000 0.842
9425.000 0.757
9430.000 0.732
9435.000 0.933
9440.000 1.307
9445.000 1.993
9450.000 6.627
9455.000 13.075
9460.000 20.345
9465.000 21.949
9470.000 17.339
9475.000 23.036
9480.000 12.963
9485.000 10.708
9490.000 10.586
9495.000 9.032
9500.000 8.256
9505.000 7.217
9510.000 6.796
9515.000 6.544
9520.000 6.147
9525.000 5.989
9530.000 5.876
9535.000 5.802
9540.000 5.725
9545.000 5.689
9550.000 5.685
9555.000 5.749
9560.000 5.789
9565.000 5.833
9570.000 5.911
9575.000 6.061
9580.000 6.142
9585.000 6.289
9590.000 6.355
9595.000 6.352
9600.000 6.315
9605.000 6.298
9610.000 6.253
9615.000 6.252
9620.000 6.264
9625.000 6.275
9630.000 6.293
9635.000 6.334
9640.000 6.345
9645.000 6.424
9650.000 6.499
9655.000 6.571
9660.000 6.682
9665.000 6.850
9670.000 6.960
9675.000 7.113
9680.000 7.420
9685.000 7.629
9690.000 7.856
9695.000 8.063
9700.000 8.571
9705.000 8.868
9710.000 9.163
9715.000 9.547
9720.000 10.401
9725.000 10.931
9730.000 11.519
9735.000 12.981
9740.000 13.882
9745.000 14.993
9750.000 16.269
9755.000 19.598
9760.000 21.816
9765.000 24.587
9770.000 27.814
9775.000 35.012
9780.000 38.497
9785.000 41.837
9790.000 47.226
9795.000 48.789
9800.000 48.974
9805.000 47.457
9810.000 37.416
9815.000 32.055
9820.000 27.393
9825.000 20.079
9830.000 17.497
9835.000 15.390
9840.000 13.573
9845.000 10.307
9850.000 8.776
9855.000 7.565
9860.000 7.136
9865.000 7.282
9870.000 7.283
9880.000 8.478
9885.000 7.415
9890.000 6.957
9895.000 6.577
9900.000 6.216
9905.000 5.593
9910.000 5.307
9915.000 5.068
9920.000 4.823
9925.000 4.438
9930.000 4.255
9935.000 4.099
9940.000 3.821
9945.000 3.706
9950.000 3.585
9955.000 3.490
9960.000 3.308
9965.000 3.224
9970.000 3.139
9975.000 2.993
9980.000 2.943
9985.000 2.868
9990.000 2.811
9995.000 2.713
10000.000 2.675
