105.000 0.058
110.000 0.135
115.000 0.184
120.000 0.781
125.000 0.766
130.000 0.870
135.000 0.772
140.000 0.746
145.000 0.912
150.000 0.786
155.000 0.925
160.000 0.736
165.000 0.791
170.000 0.730
175.000 0.534
180.000 0.610
185.000 0.626
190.000 0.430
195.000 0.439
200.000 0.422
205.000 0.374
210.000 0.319
215.000 0.335
220.000 0.375
225.000 0.306
230.000 0.292
235.000 0.176
240.000 0.198
245.000 0.154
250.000 0.149
255.000 0.116
260.000 0.095
265.000 0.121
270.000 0.093
275.000 0.114
280.000 0.141
285.000 0.225
290.000 0.228
295.000 0.327
300.000 0.375
305.000 0.448
310.000 0.451
315.000 0.506
320.000 0.664
325.000 0.947
330.000 0.823
335.000 1.080
340.000 1.032
345.000 1.390
350.000 1.506
355.000 1.820
360.000 1.843
365.000 2.126
370.000 2.261
375.000 3.075
380.000 3.129
385.000 3.406
390.000 3.912
395.000 4.362
400.000 4.552
405.000 5.063
410.000 5.457
415.000 5.797
420.000 6.168
425.000 6.709
430.000 6.715
435.000 6.843
440.000 6.890
445.000 6.664
450.000 6.616
455.000 6.460
460.000 6.224
465.000 5.777
470.000 5.925
475.000 5.670
480.000 5.202
485.000 5.000
490.000 4.770
495.000 4.727
500.000 4.346
505.000 4.029
510.000 3.719
515.000 3.579
520.000 3.187
525.000 3.117
530.000 2.960
535.000 2.626
540.000 2.459
545.000 2.342
550.000 2.268
555.000 2.068
560.000 2.069
565.000 2.026
570.000 1.888
575.000 1.863
580.000 1.898
585.000 1.811
590.000 1.740
595.000 1.701
600.000 1.657
605.000 1.711
610.000 1.649
615.000 1.619
620.000 1.633
625.000 1.651
630.000 1.685
635.000 1.603
640.000 1.651
645.000 1.710
650.000 1.646
655.000 1.627
660.000 1.532
665.000 1.669
670.000 1.661
675.000 1.616
680.000 1.603
685.000 1.515
690.000 1.542
695.000 1.567
700.000 1.525
705.000 1.508
710.000 1.553
715.000 1.506
720.000 1.490
725.000 1.468
730.000 1.445
735.000 1.535
740.000 1.531
745.000 1.431
750.000 1.516
755.000 1.488
760.000 1.451
765.000 1.472
770.000 1.393
775.000 1.428
780.000 1.437
785.000 1.421
790.000 1.338
795.000 1.378
800.000 1.440
805.000 1.455
810.000 1.356
815.000 1.363
820.000 1.403
825.000 1.454
830.000 1.311
835.000 1.403
840.000 1.328
845.000 1.386
850.000 1.343
855.000 1.479
860.000 1.307
865.000 1.507
870.000 1.420
875.000 1.371
880.000 1.425
885.000 1.442
890.000 1.401
895.000 1.321
900.000 1.250
905.000 1.374
910.000 1.300
915.000 1.313
920.000 1.376
925.000 1.350
930.000 1.278
935.000 1.301
940.000 1.301
945.000 1.336
950.000 1.249
955.000 1.264
960.000 1.367
965.000 1.291
970.000 1.258
975.000 1.315
980.000 1.209
985.000 1.183
990.000 1.301
995.000 1.362
1000.000 1.437
1005.000 1.285
1010.000 1.253
1015.000 1.424
1020.000 1.239
1025.000 1.190
1030.000 1.322
1035.000 1.342
1040.000 1.313
1045.000 1.204
1050.000 1.215
1055.000 1.317
1060.000 1.325
1065.000 1.238
1070.000 1.241
1075.000 1.243
1080.000 1.341
1085.000 1.270
1090.000 1.274
1095.000 1.176
1100.000 1.174
1105.000 1.199
1110.000 1.238
1115.000 1.250
1120.000 1.216
1125.000 1.243
1130.000 1.202
1135.000 1.161
1140.000 1.195
1145.000 1.231
1150.000 1.172
1155.000 1.162
1160.000 1.163
1165.000 1.209
1170.000 1.173
1175.000 1.202
1180.000 1.188
1185.000 1.152
1190.000 1.233
1195.000 1.178
1200.000 1.134
1205.000 1.174
1210.000 1.207
1215.000 1.147
1220.000 1.192
1225.000 1.185
1230.000 1.120
1235.000 1.174
1240.000 1.178
1245.000 1.176
1250.000 1.121
1255.000 1.153
1260.000 1.137
1265.000 1.118
1270.000 1.215
1275.000 1.191
1280.000 1.155
1285.000 1.117
1290.000 1.145
1295.000 1.146
1300.000 1.114
1305.000 1.127
1310.000 1.139
1315.000 1.151
1320.000 1.194
1325.000 1.111
1330.000 1.115
1335.000 1.141
1340.000 1.041
1345.000 1.133
1350.000 1.094
1355.000 1.043
1360.000 1.101
1365.000 1.123
1370.000 1.133
1375.000 1.078
1380.000 1.050
1385.000 1.041
1390.000 1.053
1395.000 1.037
1400.000 1.050
1405.000 1.045
1410.000 1.021
1415.000 1.037
1420.000 1.053
1425.000 1.066
1430.000 1.033
1435.000 1.008
1440.000 1.023
1445.000 1.044
1450.000 1.042
1455.000 1.051
1460.000 1.019
1465.000 0.990
1470.000 1.026
1475.000 1.030
1480.000 0.991
1485.000 0.984
1490.000 0.985
1495.000 0.949
1500.000 0.908
1505.000 0.915
1510.000 0.893
1515.000 0.878
1520.000 0.915
1525.000 0.885
1530.000 0.866
1535.000 0.859
1540.000 0.892
1545.000 0.861
1550.000 0.871
1555.000 0.846
1560.000 0.897
1565.000 0.816
1570.000 0.845
1575.000 0.820
1580.000 0.819
1585.000 0.826
1590.000 0.812
1595.000 0.867
1600.000 0.822
1605.000 0.823
1610.000 0.844
1615.000 0.846
1620.000 0.828
1625.000 0.799
1630.000 0.844
1635.000 0.806
1640.000 0.833
1645.000 0.840
1650.000 0.800
1655.000 0.807
1660.000 0.822
1665.000 0.848
1670.000 0.908
1675.000 0.852
1680.000 0.874
1685.000 0.956
1690.000 0.958
1695.000 0.916
1700.000 0.986
1705.000 1.016
1710.000 1.062
1715.000 1.110
1720.000 1.164
1725.000 1.171
1730.000 1.134
1735.000 1.185
1740.000 1.273
1745.000 1.341
1750.000 1.361
1755.000 1.472
1760.000 1.491
1765.000 1.531
1770.000 1.572
1775.000 1.626
1780.000 1.649
1785.000 1.781
1790.000 1.846
1795.000 1.859
1800.000 1.938
1805.000 1.959
1810.000 2.096
1815.000 2.158
1820.000 2.271
1825.000 2.301
1830.000 2.333
1835.000 2.414
1840.000 2.474
1845.000 2.534
1850.000 2.585
1855.000 2.656
1860.000 2.700
1865.000 2.764
1870.000 2.847
1875.000 2.864
1880.000 2.942
1885.000 2.985
1890.000 3.020
1895.000 3.089
1900.000 3.110
1905.000 3.109
1910.000 3.138
1915.000 3.176
1920.000 3.194
1925.000 3.230
1930.000 3.237
1935.000 3.334
1940.000 3.305
1945.000 3.203
1950.000 3.294
1955.000 3.336
1960.000 3.389
1965.000 3.392
1970.000 3.327
1975.000 3.386
1980.000 3.342
1985.000 3.314
1990.000 3.360
1995.000 3.325
2000.000 3.430
2005.000 3.459
2010.000 3.376
2015.000 3.370
2020.000 3.451
2025.000 3.387
2030.000 3.414
2035.000 3.416
2040.000 3.380
2045.000 3.406
2050.000 3.402
2055.000 3.463
2060.000 3.481
2065.000 3.415
2070.000 3.518
2075.000 3.515
2080.000 3.542
2085.000 3.583
2090.000 3.523
2095.000 3.550
2100.000 3.631
2105.000 3.642
2110.000 3.606
2115.000 3.651
2120.000 3.691
2125.000 3.694
2130.000 3.689
2135.000 3.791
2140.000 3.759
2145.000 3.830
2150.000 3.904
2155.000 3.958
2160.000 3.907
2165.000 4.006
2170.000 4.074
2175.000 4.143
2180.000 4.149
2185.000 4.339
2190.000 4.391
2195.000 4.376
2200.000 4.569
2205.000 4.736
2210.000 4.861
2215.000 4.910
2220.000 5.124
2225.000 5.290
2230.000 5.442
2235.000 5.724
2240.000 6.127
2245.000 6.397
2250.000 6.799
2255.000 7.123
2260.000 8.170
2265.000 8.935
2270.000 9.949
2275.000 13.111
2280.000 15.506
2285.000 18.828
2290.000 23.248
2295.000 34.996
2300.000 42.095
2305.000 47.854
2310.000 51.515
2315.000 45.159
2320.000 39.157
2325.000 23.948
2330.000 12.411
2335.000 10.373
2340.000 8.527
2345.000 6.005
2350.000 5.288
2355.000 4.502
2360.000 3.916
2365.000 3.000
2370.000 2.776
2375.000 2.450
2380.000 2.231
2385.000 1.868
2390.000 1.693
2395.000 1.626
2400.000 1.503
2405.000 1.308
2410.000 1.272
2415.000 1.195
2420.000 1.086
2425.000 1.073
2430.000 1.031
2435.000 0.994
2440.000 0.947
2445.000 0.927
2450.000 0.938
2455.000 0.910
2460.000 0.920
2465.000 0.936
2470.000 0.904
2475.000 0.910
2480.000 0.914
2485.000 0.924
2490.000 0.932
2495.000 0.917
2500.000 0.951
2505.000 0.930
2510.000 0.961
2515.000 0.970
2520.000 1.006
2525.000 0.972
2530.000 0.993
2535.000 0.988
2540.000 1.018
2545.000 1.030
2550.000 1.030
2555.000 1.053
2560.000 1.054
2565.000 1.074
2570.000 1.073
2575.000 1.092
2580.000 1.091
2585.000 1.133
2590.000 1.128
2595.000 1.133
2600.000 1.141
2605.000 1.155
2610.000 1.152
2615.000 1.176
2620.000 1.188
2625.000 1.200
2630.000 1.195
2635.000 1.252
2640.000 1.217
2645.000 1.233
2650.000 1.242
2655.000 1.260
2660.000 1.271
2665.000 1.275
2670.000 1.285
2675.000 1.300
2680.000 1.328
2685.000 1.313
2690.000 1.335
2695.000 1.357
2700.000 1.367
2705.000 1.384
2710.000 1.400
2715.000 1.394
2720.000 1.416
2725.000 1.438
2730.000 1.430
2735.000 1.452
2740.000 1.455
2745.000 1.464
2750.000 1.471
2755.000 1.463
2760.000 1.463
2765.000 1.509
2770.000 1.496
2775.000 1.507
2780.000 1.537
2785.000 1.553
2790.000 1.543
2795.000 1.541
2800.000 1.547
2805.000 1.544
2810.000 1.567
2815.000 1.583
2820.000 1.580
2825.000 1.592
2830.000 1.579
2835.000 1.567
2840.000 1.563
2845.000 1.562
2850.000 1.566
2855.000 1.565
2860.000 1.574
2865.000 1.543
2870.000 1.587
2875.000 1.585
2880.000 1.540
2885.000 1.541
2890.000 1.512
2895.000 1.535
2900.000 1.503
2905.000 1.477
2910.000 1.458
2915.000 1.498
2920.000 1.486
2925.000 1.457
2930.000 1.461
2935.000 1.431
2940.000 1.411
2945.000 1.429
2950.000 1.394
2955.000 1.361
2960.000 1.318
2965.000 1.327
2970.000 1.322
2975.000 1.352
2980.000 1.275
2985.000 1.226
2990.000 1.226
2995.000 1.206
3000.000 1.211
3005.000 1.177
3010.000 1.103
3015.000 1.138
3020.000 1.175
3025.000 1.106
3030.000 1.062
3035.000 1.102
3040.000 1.037
3045.000 1.038
3050.000 1.040
3055.000 1.041
3060.000 1.015
3065.000 0.958
3070.000 0.969
3075.000 0.957
3080.000 0.935
3085.000 0.899
3090.000 0.857
3095.000 0.913
3100.000 0.861
3105.000 0.880
3110.000 0.899
3115.000 0.861
3120.000 0.855
3125.000 0.838
3130.000 0.852
3135.000 0.836
3140.000 0.827
3145.000 0.818
3150.000 0.808
3155.000 0.816
3160.000 0.828
3165.000 0.792
3170.000 0.813
3175.000 0.796
3180.000 0.805
3185.000 0.800
3190.000 0.787
3195.000 0.802
3200.000 0.792
3205.000 0.803
3210.000 0.803
3215.000 0.813
3220.000 0.816
3225.000 0.801
3230.000 0.815
3235.000 0.814
3240.000 0.809
3245.000 0.819
3250.000 0.828
3255.000 0.837
3260.000 0.836
3265.000 0.837
3270.000 0.839
3275.000 0.854
3280.000 0.895
3285.000 0.881
3290.000 0.858
3295.000 0.891
3300.000 0.905
3305.000 0.921
3310.000 0.912
3315.000 0.921
3320.000 0.938
3325.000 0.980
3330.000 0.970
3335.000 1.003
3340.000 1.014
3345.000 1.015
3350.000 1.025
3355.000 1.072
3360.000 1.103
3365.000 1.084
3370.000 1.119
3375.000 1.143
3380.000 1.150
3385.000 1.171
3390.000 1.180
3395.000 1.205
3400.000 1.204
3405.000 1.267
3410.000 1.284
3415.000 1.313
3420.000 1.305
3425.000 1.379
3430.000 1.390
3435.000 1.429
3440.000 1.461
3445.000 1.486
3450.000 1.518
3455.000 1.548
3460.000 1.614
3465.000 1.640
3470.000 1.679
3475.000 1.746
3480.000 1.815
3485.000 1.863
3490.000 1.934
3495.000 1.940
3500.000 2.052
3505.000 2.106
3510.000 2.173
3515.000 2.297
3520.000 2.380
3525.000 2.466
3530.000 2.525
3535.000 2.703
3540.000 2.777
3545.000 2.917
3550.000 3.146
3555.000 3.270
3560.000 3.419
3565.000 3.571
3570.000 3.945
3575.000 4.151
3580.000 4.347
3585.000 4.726
3590.000 4.953
3595.000 5.216
3600.000 5.500
3605.000 6.146
3610.000 6.510
3615.000 6.933
3620.000 7.498
3625.000 8.763
3630.000 9.621
3635.000 10.559
3640.000 13.001
3645.000 14.591
3650.000 16.606
3655.000 18.965
3660.000 24.993
3665.000 28.627
3670.000 32.607
3675.000 41.936
3680.000 46.806
3685.000 52.144
3690.000 56.825
3695.000 66.392
3700.000 68.296
3705.000 67.687
3710.000 43.726
3715.000 36.141
3720.000 29.904
3725.000 25.141
3730.000 19.072
3735.000 17.066
3740.000 15.242
3745.000 13.427
3750.000 11.669
3755.000 10.068
3760.000 9.797
3765.000 8.702
3770.000 8.196
3775.000 7.641
3780.000 6.688
3785.000 6.121
3790.000 6.197
3795.000 5.640
3800.000 5.008
3805.000 5.026
3810.000 4.990
3815.000 4.474
3820.000 4.161
3825.000 4.161
3830.000 4.138
3835.000 3.849
3840.000 3.660
3845.000 3.684
3850.000 3.510
3855.000 3.461
3860.000 3.346
3865.000 3.275
3870.000 3.226
3875.000 3.070
3880.000 3.033
3885.000 2.967
3890.000 2.931
3895.000 2.842
3900.000 2.786
3905.000 2.754
3910.000 2.686
3915.000 2.650
3920.000 2.609
3925.000 2.580
3930.000 2.530
3935.000 2.502
3940.000 2.462
3945.000 2.387
3950.000 2.373
3955.000 2.369
3960.000 2.355
3965.000 2.310
3970.000 2.288
3975.000 2.238
3980.000 2.236
3985.000 2.181
3990.000 2.187
3995.000 2.172
4000.000 2.146
4005.000 2.138
4010.000 2.098
4015.000 2.119
4020.000 2.076
4025.000 2.067
4030.000 2.044
4035.000 2.009
4040.000 1.989
4045.000 2.010
4050.000 1.994
4055.000 1.986
4060.000 1.963
4065.000 1.931
4070.000 1.945
4075.000 1.916
4080.000 1.913
4085.000 1.889
4090.000 1.872
4095.000 1.882
4100.000 1.860
4105.000 1.860
4110.000 1.848
4115.000 1.838
4120.000 1.824
4125.000 1.815
4130.000 1.820
4135.000 1.802
4140.000 1.803
4145.000 1.775
4150.000 1.786
4155.000 1.764
4160.000 1.767
4165.000 1.741
4170.000 1.733
4175.000 1.729
4180.000 1.713
4185.000 1.697
4190.000 1.696
4195.000 1.684
4200.000 1.675
4205.000 1.672
4210.000 1.672
4215.000 1.642
4220.000 1.626
4225.000 1.637
4230.000 1.622
4235.000 1.615
4240.000 1.595
4245.000 1.587
4250.000 1.586
4255.000 1.580
4260.000 1.556
4265.000 1.574
4270.000 1.524
4275.000 1.538
4280.000 1.518
4285.000 1.521
4290.000 1.507
4295.000 1.506
4300.000 1.503
4305.000 1.501
4310.000 1.498
4315.000 1.509
4320.000 1.498
4325.000 1.499
4330.000 1.497
4335.000 1.499
4340.000 1.497
4345.000 1.504
4350.000 1.514
4355.000 1.512
4360.000 1.525
4365.000 1.512
4370.000 1.520
4375.000 1.502
4380.000 1.531
4385.000 1.522
4390.000 1.514
4395.000 1.519
4400.000 1.522
4405.000 1.517
4410.000 1.525
4415.000 1.524
4420.000 1.541
4425.000 1.530
4430.000 1.544
4435.000 1.546
4440.000 1.531
4445.000 1.546
4450.000 1.540
4455.000 1.525
4460.000 1.540
4465.000 1.531
4470.000 1.554
4475.000 1.543
4480.000 1.540
4485.000 1.556
4490.000 1.555
4495.000 1.551
4500.000 1.552
4505.000 1.557
4510.000 1.569
4515.000 1.574
4520.000 1.581
4525.000 1.561
4530.000 1.576
4535.000 1.595
4540.000 1.577
4545.000 1.595
4550.000 1.593
4555.000 1.580
4560.000 1.606
4565.000 1.602
4570.000 1.614
4575.000 1.631
4580.000 1.627
4585.000 1.624
4590.000 1.627
4595.000 1.634
4600.000 1.638
4605.000 1.648
4610.000 1.649
4615.000 1.654
4620.000 1.679
4625.000 1.674
4630.000 1.679
4635.000 1.687
4640.000 1.702
4645.000 1.713
4650.000 1.727
4655.000 1.736
4660.000 1.734
4665.000 1.744
4670.000 1.768
4675.000 1.776
4680.000 1.789
4685.000 1.801
4690.000 1.811
4695.000 1.822
4700.000 1.838
4705.000 1.849
4710.000 1.860
4715.000 1.877
4720.000 1.905
4725.000 1.931
4730.000 1.942
4735.000 1.975
4740.000 2.010
4745.000 2.014
4750.000 2.024
4755.000 2.077
4760.000 2.094
4765.000 2.124
4770.000 2.154
4775.000 2.185
4780.000 2.216
4785.000 2.266
4790.000 2.334
4795.000 2.367
4800.000 2.406
4805.000 2.495
4810.000 2.542
4815.000 2.584
4820.000 2.628
4825.000 2.735
4830.000 2.796
4835.000 2.873
4840.000 2.943
4845.000 3.113
4850.000 3.218
4855.000 3.313
4860.000 3.539
4865.000 3.620
4870.000 3.706
4875.000 3.813
4880.000 4.036
4885.000 4.145
4890.000 4.299
4895.000 4.600
4900.000 4.764
4905.000 4.948
4910.000 5.199
4915.000 5.677
4920.000 5.957
4925.000 6.318
4930.000 7.175
4935.000 7.743
4940.000 8.341
4945.000 8.955
4950.000 10.035
4955.000 10.181
4960.000 11.286
4965.000 23.243
4970.000 56.269
4975.000 52.692
4980.000 51.337
4985.000 55.961
4990.000 45.938
4995.000 30.241
5000.000 23.712
5005.000 16.395
5010.000 12.547
5015.000 11.001
5020.000 9.353
5025.000 6.995
5030.000 6.209
5035.000 5.586
5040.000 4.485
5045.000 4.091
5050.000 3.752
5055.000 3.433
5060.000 2.921
5065.000 2.704
5070.000 2.524
5075.000 2.220
5080.000 2.099
5085.000 1.972
5090.000 1.860
5095.000 1.692
5100.000 1.613
5105.000 1.532
5110.000 1.468
5115.000 1.357
5120.000 1.288
5125.000 1.239
5130.000 1.147
5135.000 1.104
5140.000 1.074
5145.000 1.031
5150.000 0.969
5155.000 0.944
5160.000 0.916
5165.000 0.853
5170.000 0.840
5175.000 0.819
5180.000 0.796
5185.000 0.743
5190.000 0.724
5195.000 0.691
5200.000 0.672
5205.000 0.655
5210.000 0.639
5215.000 0.617
5220.000 0.572
5225.000 0.566
5230.000 0.561
5235.000 0.541
5240.000 0.516
5245.000 0.503
5250.000 0.490
5255.000 0.466
5260.000 0.456
5265.000 0.438
5270.000 0.432
5275.000 0.416
5280.000 0.393
5285.000 0.385
5290.000 0.359
5295.000 0.385
5300.000 0.348
5305.000 0.357
5310.000 0.318
5315.000 0.312
5320.000 0.320
5325.000 0.305
5330.000 0.301
5335.000 0.291
5340.000 0.279
5345.000 0.274
5350.000 0.263
5355.000 0.280
5360.000 0.258
5365.000 0.251
5370.000 0.252
5375.000 0.251
5380.000 0.257
5385.000 0.242
5390.000 0.255
5395.000 0.247
5400.000 0.253
5405.000 0.257
5410.000 0.250
5415.000 0.262
5420.000 0.248
5425.000 0.267
5430.000 0.263
5435.000 0.274
5440.000 0.271
5445.000 0.281
5450.000 0.299
5455.000 0.293
5460.000 0.301
5465.000 0.321
5470.000 0.320
5475.000 0.324
5480.000 0.336
5485.000 0.330
5490.000 0.337
5495.000 0.349
5500.000 0.359
5505.000 0.361
5510.000 0.366
5515.000 0.373
5520.000 0.369
5525.000 0.389
5530.000 0.395
5535.000 0.403
5540.000 0.390
5545.000 0.418
5550.000 0.413
5555.000 0.422
5560.000 0.429
5565.000 0.441
5570.000 0.445
5575.000 0.437
5580.000 0.452
5585.000 0.462
5590.000 0.474
5595.000 0.463
5600.000 0.476
5605.000 0.479
5610.000 0.479
5615.000 0.501
5620.000 0.496
5625.000 0.503
5630.000 0.490
5635.000 0.503
5640.000 0.517
5645.000 0.513
5650.000 0.531
5655.000 0.528
5660.000 0.538
5665.000 0.533
5670.000 0.532
5675.000 0.535
5680.000 0.538
5685.000 0.558
5690.000 0.544
5695.000 0.564
5700.000 0.564
5705.000 0.571
5710.000 0.564
5715.000 0.587
5720.000 0.582
5725.000 0.589
5730.000 0.593
5735.000 0.590
5740.000 0.599
5745.000 0.587
5750.000 0.603
5755.000 0.604
5760.000 0.611
5765.000 0.619
5770.000 0.617
5775.000 0.622
5780.000 0.622
5785.000 0.628
5790.000 0.629
5795.000 0.632
5800.000 0.641
5805.000 0.646
5810.000 0.639
5815.000 0.653
5820.000 0.658
5825.000 0.660
5830.000 0.664
5835.000 0.667
5840.000 0.670
5845.000 0.674
5850.000 0.681
5855.000 0.689
5860.000 0.693
5865.000 0.696
5870.000 0.707
5875.000 0.709
5880.000 0.712
5885.000 0.722
5890.000 0.736
5895.000 0.731
5900.000 0.745
5905.000 0.752
5910.000 0.762
5915.000 0.756
5920.000 0.767
5925.000 0.775
5930.000 0.792
5935.000 0.791
5940.000 0.808
5945.000 0.819
5950.000 0.816
5955.000 0.841
5960.000 0.857
5965.000 0.859
5970.000 0.871
5975.000 0.901
5980.000 0.910
5985.000 0.930
5990.000 0.948
5995.000 0.967
6000.000 0.970
6005.000 0.967
6010.000 1.012
6015.000 1.022
6020.000 1.046
6025.000 1.061
6030.000 1.102
6035.000 1.107
6040.000 1.103
6045.000 1.146
6050.000 1.177
6055.000 1.188
6060.000 1.217
6065.000 1.269
6070.000 1.273
6075.000 1.327
6080.000 1.362
6085.000 1.422
6090.000 1.446
6095.000 1.485
6100.000 1.574
6105.000 1.620
6110.000 1.650
6115.000 1.719
6120.000 1.859
6125.000 1.938
6130.000 2.017
6135.000 2.230
6140.000 2.353
6145.000 2.472
6150.000 2.638
6155.000 3.007
6160.000 3.270
6165.000 3.567
6170.000 4.182
6175.000 4.558
6180.000 5.022
6185.000 5.641
6190.000 7.286
6195.000 8.532
6200.000 10.131
6205.000 12.138
6210.000 17.202
6215.000 19.647
6220.000 21.290
6225.000 19.877
6230.000 17.271
6235.000 13.221
6240.000 4.970
6245.000 6.860
6250.000 6.896
6255.000 7.162
6260.000 7.612
6265.000 8.027
6270.000 8.367
6275.000 8.481
6280.000 8.123
6285.000 7.770
6290.000 7.354
6295.000 6.577
6300.000 6.232
6305.000 5.941
6310.000 5.737
6315.000 5.358
6320.000 5.181
6325.000 5.065
6330.000 4.919
6335.000 4.669
6340.000 4.579
6345.000 4.503
6350.000 4.310
6355.000 4.244
6360.000 4.174
6365.000 4.131
6370.000 3.980
6375.000 3.931
6380.000 3.889
6385.000 3.843
6390.000 3.808
6395.000 3.786
6400.000 3.764
6405.000 3.749
6410.000 3.724
6415.000 3.723
6420.000 3.687
6425.000 3.694
6430.000 3.716
6435.000 3.739
6440.000 3.775
6445.000 3.793
6450.000 3.816
6455.000 3.857
6460.000 3.979
6465.000 4.048
6470.000 4.090
6475.000 4.182
6480.000 4.386
6485.000 4.487
6490.000 4.615
6495.000 4.931
6500.000 5.159
6505.000 5.437
6510.000 5.752
6515.000 6.960
6520.000 7.780
6525.000 8.936
6530.000 13.038
6535.000 16.589
6540.000 21.490
6545.000 27.811
6550.000 43.405
6555.000 51.072
6560.000 56.905
6565.000 35.076
6570.000 15.436
6575.000 18.752
6580.000 12.848
6585.000 5.242
6590.000 4.691
6595.000 4.491
6600.000 3.637
6605.000 2.807
6610.000 2.507
6615.000 2.162
6620.000 1.810
6625.000 1.693
6630.000 1.583
6635.000 1.490
6640.000 1.330
6645.000 1.269
6650.000 1.196
6655.000 1.119
6660.000 1.087
6665.000 1.066
6670.000 1.031
6675.000 1.005
6680.000 0.985
6685.000 0.965
6690.000 0.943
6695.000 0.937
6700.000 0.936
6705.000 0.920
6710.000 0.908
6715.000 0.909
6720.000 0.910
6725.000 0.892
6730.000 0.882
6735.000 0.899
6740.000 0.881
6745.000 0.894
6750.000 0.880
6755.000 0.885
6760.000 0.881
6765.000 0.887
6770.000 0.897
6775.000 0.884
6780.000 0.890
6785.000 0.884
6790.000 0.886
6795.000 0.888
6800.000 0.889
6805.000 0.895
6810.000 0.884
6815.000 0.894
6820.000 0.883
6825.000 0.890
6830.000 0.889
6835.000 0.894
6840.000 0.888
6845.000 0.902
6850.000 0.893
6855.000 0.897
6860.000 0.894
6865.000 0.897
6870.000 0.897
6875.000 0.905
6880.000 0.905
6885.000 0.908
6890.000 0.894
6895.000 0.915
6900.000 0.903
6905.000 0.905
6910.000 0.906
6915.000 0.910
6920.000 0.916
6925.000 0.898
6930.000 0.907
6935.000 0.910
6940.000 0.921
6945.000 0.912
6950.000 0.902
6955.000 0.913
6960.000 0.910
6965.000 0.920
6970.000 0.902
6975.000 0.916
6980.000 0.913
6985.000 0.917
6990.000 0.911
6995.000 0.920
7000.000 0.927
7005.000 0.924
7010.000 0.936
7015.000 0.927
7020.000 0.928
7025.000 0.917
7030.000 0.933
7035.000 0.927
7040.000 0.924
7045.000 0.919
7050.000 0.930
7055.000 0.914
7060.000 0.921
7065.000 0.939
7070.000 0.929
7075.000 0.927
7080.000 0.924
7085.000 0.921
7090.000 0.924
7095.000 0.934
7100.000 0.931
7105.000 0.931
7110.000 0.927
7115.000 0.927
7120.000 0.927
7125.000 0.931
7130.000 0.931
7135.000 0.938
7140.000 0.942
7145.000 0.939
7150.000 0.948
7155.000 0.942
7160.000 0.957
7165.000 0.953
7170.000 0.963
7175.000 0.965
7180.000 0.969
7185.000 0.971
7190.000 0.982
7195.000 0.981
7200.000 0.983
7205.000 1.000
7210.000 1.000
7215.000 1.013
7220.000 1.008
7225.000 1.024
7230.000 1.018
7235.000 1.034
7240.000 1.015
7245.000 1.043
7250.000 1.051
7255.000 1.076
7260.000 1.071
7265.000 1.093
7270.000 1.106
7275.000 1.110
7280.000 1.125
7285.000 1.143
7290.000 1.159
7295.000 1.186
7300.000 1.190
7305.000 1.227
7310.000 1.260
7315.000 1.271
7320.000 1.335
7325.000 1.365
7330.000 1.411
7335.000 1.431
7340.000 1.522
7345.000 1.561
7350.000 1.626
7355.000 1.771
7360.000 1.869
7365.000 1.968
7370.000 2.089
7375.000 2.378
7380.000 2.575
7385.000 2.843
7390.000 3.637
7395.000 4.237
7400.000 5.076
7405.000 6.339
7410.000 10.588
7415.000 13.755
7420.000 17.278
7425.000 20.673
7430.000 25.686
7435.000 26.028
7440.000 23.821
7445.000 12.648
7450.000 6.966
7455.000 4.093
7460.000 6.269
7465.000 6.601
7470.000 5.629
7475.000 5.212
7480.000 4.082
7485.000 3.662
7490.000 3.348
7495.000 3.076
7500.000 2.645
7505.000 2.475
7510.000 2.327
7515.000 2.099
7520.000 2.005
7525.000 1.912
7530.000 1.844
7535.000 1.721
7540.000 1.674
7545.000 1.616
7550.000 1.576
7555.000 1.484
7560.000 1.458
7565.000 1.429
7570.000 1.401
7575.000 1.345
7580.000 1.331
7585.000 1.316
7590.000 1.259
7595.000 1.260
7600.000 1.236
7605.000 1.236
7610.000 1.206
7615.000 1.186
7620.000 1.188
7625.000 1.163
7630.000 1.147
7635.000 1.142
7640.000 1.126
7645.000 1.126
7650.000 1.117
7655.000 1.109
7660.000 1.088
7665.000 1.094
7670.000 1.087
7675.000 1.078
7680.000 1.059
7685.000 1.060
7690.000 1.070
7695.000 1.047
7700.000 1.039
7705.000 1.039
7710.000 1.030
7715.000 1.034
7720.000 1.030
7725.000 1.017
7730.000 1.030
7735.000 1.025
7740.000 1.007
7745.000 0.993
7750.000 0.999
7755.000 0.997
7760.000 0.997
7765.000 1.005
7770.000 0.994
7775.000 0.990
7780.000 0.996
7785.000 0.986
7790.000 1.000
7795.000 0.974
7800.000 0.986
7805.000 0.978
7810.000 0.984
7815.000 0.977
7820.000 0.971
7825.000 0.966
7830.000 0.984
7835.000 0.965
7840.000 0.979
7845.000 0.983
7850.000 0.982
7855.000 0.990
7860.000 0.998
7865.000 0.994
7870.000 1.007
7875.000 1.014
7880.000 1.021
7885.000 1.037
7890.000 1.042
7895.000 1.067
7900.000 1.089
7905.000 1.114
7910.000 1.143
7915.000 1.173
7920.000 1.201
7925.000 1.225
7930.000 1.305
7935.000 1.360
7940.000 1.410
7945.000 1.479
7950.000 1.644
7955.000 1.746
7960.000 1.856
7965.000 1.978
7970.000 2.294
7975.000 2.493
7980.000 2.746
7985.000 3.478
7990.000 3.998
7995.000 4.700
8000.000 5.650
8005.000 8.512
8010.000 10.534
8015.000 12.861
8020.000 19.101
8025.000 23.208
8030.000 28.521
8035.000 36.014
8040.000 49.107
8045.000 49.389
8050.000 34.176
8055.000 32.431
8060.000 12.853
8065.000 12.677
8070.000 10.700
8075.000 8.579
8080.000 7.646
8085.000 6.798
8090.000 5.929
8095.000 5.008
8100.000 4.675
8105.000 4.328
8110.000 3.803
8115.000 3.600
8120.000 3.432
8125.000 3.274
8130.000 3.011
8135.000 2.898
8140.000 2.796
8145.000 2.626
8150.000 2.545
8155.000 2.504
8160.000 2.433
8165.000 2.334
8170.000 2.286
8175.000 2.255
8180.000 2.179
8185.000 2.149
8190.000 2.121
8195.000 2.091
8200.000 2.045
8205.000 2.022
8210.000 2.006
8215.000 1.991
8220.000 1.952
8225.000 1.935
8230.000 1.931
8235.000 1.909
8240.000 1.898
8245.000 1.897
8250.000 1.889
8255.000 1.880
8260.000 1.867
8265.000 1.867
8270.000 1.866
8275.000 1.853
8280.000 1.858
8285.000 1.850
8290.000 1.847
8295.000 1.847
8300.000 1.853
8305.000 1.850
8310.000 1.853
8315.000 1.862
8320.000 1.860
8325.000 1.856
8330.000 1.856
8335.000 1.852
8340.000 1.873
8345.000 1.881
8350.000 1.887
8355.000 1.897
8360.000 1.893
8365.000 1.915
8370.000 1.918
8375.000 1.921
8380.000 1.935
8385.000 1.953
8390.000 1.962
8395.000 1.976
8400.000 2.000
8405.000 2.013
8410.000 2.028
8415.000 2.064
8420.000 2.058
8425.000 2.089
8430.000 2.095
8435.000 2.131
8440.000 2.156
8445.000 2.177
8450.000 2.207
8455.000 2.208
8460.000 2.219
8465.000 2.222
8470.000 2.224
8475.000 2.209
8480.000 2.189
8485.000 2.170
8490.000 2.070
8495.000 1.987
8500.000 1.860
8505.000 1.554
8510.000 1.654
8515.000 2.481
8520.000 5.850
8525.000 29.516
8530.000 36.603
8535.000 30.458
8540.000 21.529
8545.000 15.728
8550.000 14.001
8555.000 15.034
8560.000 16.594
8565.000 17.967
8570.000 19.052
8575.000 21.691
8580.000 23.070
8585.000 24.554
8590.000 26.268
8595.000 30.317
8600.000 32.909
8605.000 35.783
8610.000 41.688
8615.000 44.414
8620.000 46.508
8625.000 47.715
8630.000 45.154
8635.000 40.571
8640.000 35.809
8645.000 31.531
8650.000 24.227
8655.000 21.047
8660.000 18.126
8665.000 13.563
8670.000 11.336
8675.000 8.760
8680.000 7.548
8685.000 6.638
8690.000 6.273
8695.000 5.931
8700.000 5.604
8705.000 5.033
8710.000 4.786
8715.000 4.558
8720.000 4.159
8725.000 3.972
8730.000 3.807
8735.000 3.668
8740.000 3.402
8745.000 3.293
8750.000 3.185
8755.000 3.014
8760.000 2.923
8765.000 2.846
8770.000 2.767
8775.000 2.654
8780.000 2.595
8785.000 2.532
8790.000 2.479
8795.000 2.403
8800.000 2.357
8805.000 2.327
8810.000 2.258
8815.000 2.216
8820.000 2.189
8825.000 2.165
8830.000 2.110
8835.000 2.082
8840.000 2.058
8845.000 2.019
8850.000 2.004
8855.000 1.986
8860.000 1.978
8865.000 1.940
8870.000 1.920
8875.000 1.924
8880.000 1.887
8885.000 1.893
8890.000 1.865
8895.000 1.840
8900.000 1.818
8905.000 1.803
8910.000 1.783
8915.000 1.786
8920.000 1.762
8925.000 1.757
8930.000 1.745
8935.000 1.724
8940.000 1.716
8945.000 1.711
8950.000 1.701
8955.000 1.689
8960.000 1.670
8965.000 1.675
8970.000 1.656
8975.000 1.657
8980.000 1.652
8985.000 1.641
8990.000 1.616
8995.000 1.622
9000.000 1.610
9005.000 1.608
9010.000 1.601
9015.000 1.597
9020.000 1.585
9025.000 1.582
9030.000 1.567
9035.000 1.572
9040.000 1.566
9045.000 1.550
9050.000 1.561
9055.000 1.549
9060.000 1.554
9065.000 1.544
9070.000 1.535
9075.000 1.532
9080.000 1.527
9085.000 1.543
9090.000 1.520
9095.000 1.514
9100.000 1.513
9105.000 1.510
9110.000 1.518
9115.000 1.513
9120.000 1.509
9125.000 1.491
9130.000 1.491
9135.000 1.502
9140.000 1.496
9145.000 1.498
9150.000 1.492
9155.000 1.477
9160.000 1.475
9165.000 1.477
9170.000 1.479
9175.000 1.466
9180.000 1.476
9185.000 1.472
9190.000 1.464
9195.000 1.461
9200.000 1.461
9205.000 1.438
9210.000 1.444
9215.000 1.435
9220.000 1.429
9225.000 1.432
9230.000 1.420
9235.000 1.426
9240.000 1.409
9245.000 1.408
9250.000 1.418
9255.000 1.409
9260.000 1.394
9265.000 1.405
9270.000 1.401
9275.000 1.379
9280.000 1.374
9285.000 1.367
9290.000 1.360
9295.000 1.347
9300.000 1.338
9305.000 1.327
9310.000 1.324
9315.000 1.298
9320.000 1.288
9325.000 1.264
9330.000 1.244
9335.000 1.227
9340.000 1.214
9345.000 1.203
9350.000 1.164
9355.000 1.137
9360.000 1.107
9365.000 1.063
9370.000 1.048
9375.000 1.009
9380.000 0.990
9385.000 0.938
9390.000 0.910
9395.000 0.883
9400.000 0.852
9405.000 0.854
9410.000 0.899
9415.000 0.955
9420.000 1.280
9425.000 1.562
9430.000 1.988
9435.000 2.698
9440.000 6.610
9445.000 10.871
9450.000 16.495
9455.000 22.723
9460.000 34.944
9465.000 35.727
9470.000 24.706
9475.000 25.314
9480.000 12.311
9485.000 15.952
9490.000 11.059
9495.000 10.624
9500.000 9.655
9505.000 8.875
9510.000 7.808
9515.000 7.375
9520.000 7.002
9525.000 6.671
9530.000 6.188
9535.000 5.998
9540.000 5.859
9545.000 5.650
9550.000 5.565
9555.000 5.535
9560.000 5.503
9565.000 5.467
9570.000 5.408
9575.000 5.380
9585.000 5.893
9590.000 5.642
9595.000 5.552
9600.000 5.447
9605.000 5.447
9610.000 5.465
9615.000 5.497
9620.000 5.540
9625.000 5.649
9630.000 5.718
9635.000 5.794
9640.000 5.923
9645.000 6.118
9650.000 6.196
9655.000 6.280
9660.000 6.502
9665.000 6.639
9670.000 6.764
9675.000 6.905
9680.000 7.195
9685.000 7.400
9690.000 7.577
9695.000 8.004
9700.000 8.252
9705.000 8.500
9710.000 8.799
9715.000 9.450
9720.000 9.892
9725.000 10.356
9730.000 10.837
9735.000 12.158
9740.000 12.997
9745.000 13.941
9750.000 16.430
9755.000 18.203
9760.000 20.178
9765.000 22.630
9770.000 29.020
9775.000 32.728
9780.000 36.268
9785.000 39.624
9790.000 45.190
9795.000 46.909
9800.000 47.253
9805.000 41.851
9810.000 36.220
9815.000 30.824
9820.000 26.118
9825.000 18.873
9830.000 16.375
9835.000 14.369
9840.000 11.076
9845.000 9.603
9850.000 8.331
9855.000 7.509
9860.000 7.894
9865.000 8.175
9870.000 7.948
9875.000 7.337
9880.000 7.057
9885.000 6.814
9890.000 6.563
9895.000 6.034
9900.000 5.773
9905.000 5.506
9910.000 5.261
9915.000 4.818
9920.000 4.615
9925.000 4.432
9930.000 4.103
9935.000 3.955
9940.000 3.821
9945.000 3.688
9950.000 3.466
9955.000 3.369
9960.000 3.288
9965.000 3.108
9970.000 3.049
9975.000 2.961
9980.000 2.901
9985.000 2.814
9990.000 2.741
9995.000 2.701
10000.000 2.618
