105.000 0.050
110.000 0.137
115.000 0.553
120.000 0.680
125.000 0.713
130.000 0.715
135.000 0.843
140.000 0.911
145.000 0.822
150.000 0.870
155.000 0.684
160.000 0.703
165.000 0.760
170.000 0.656
175.000 0.404
180.000 0.545
185.000 0.498
190.000 0.566
195.000 0.590
200.000 0.371
205.000 0.410
210.000 0.358
215.000 0.348
220.000 0.290
225.000 0.313
230.000 0.260
235.000 0.200
240.000 0.198
245.000 0.216
250.000 0.162
255.000 0.167
260.000 0.157
265.000 0.128
270.000 0.130
275.000 0.113
280.000 0.154
285.000 0.208
290.000 0.210
295.000 0.258
300.000 0.417
305.000 0.335
310.000 0.426
315.000 0.521
320.000 0.606
325.000 0.817
330.000 0.999
335.000 1.012
340.000 1.165
345.000 1.257
350.000 1.502
355.000 1.521
360.000 1.675
365.000 1.963
370.000 2.406
375.000 2.539
380.000 2.763
385.000 3.405
390.000 3.837
395.000 4.349
400.000 4.415
405.000 5.244
410.000 5.254
415.000 5.709
420.000 6.237
425.000 6.553
430.000 6.450
435.000 6.825
440.000 6.519
445.000 6.663
450.000 6.487
455.000 6.365
460.000 6.068
465.000 5.984
470.000 5.658
475.000 5.666
480.000 5.413
485.000 5.141
490.000 4.955
495.000 4.615
500.000 4.534
505.000 4.290
510.000 3.660
515.000 3.539
520.000 3.282
525.000 3.161
530.000 2.775
535.000 2.833
540.000 2.629
545.000 2.366
550.000 2.416
555.000 2.230
560.000 2.154
565.000 1.947
570.000 1.931
575.000 1.888
580.000 1.817
585.000 1.776
590.000 1.718
595.000 1.837
600.000 1.720
605.000 1.772
610.000 1.694
615.000 1.632
620.000 1.725
625.000 1.769
630.000 1.609
635.000 1.586
640.000 1.658
645.000 1.757
650.000 1.601
655.000 1.631
660.000 1.555
665.000 1.559
670.000 1.584
675.000 1.564
680.000 1.518
685.000 1.518
690.000 1.503
695.000 1.482
700.000 1.519
705.000 1.512
710.000 1.544
715.000 1.557
720.000 1.593
725.000 1.539
730.000 1.478
735.000 1.449
740.000 1.403
745.000 1.495
750.000 1.436
755.000 1.400
760.000 1.435
765.000 1.393
770.000 1.450
775.000 1.399
780.000 1.409
785.000 1.421
790.000 1.409
795.000 1.400
800.000 1.500
805.000 1.366
810.000 1.413
815.000 1.413
820.000 1.348
825.000 1.479
830.000 1.486
835.000 1.337
840.000 1.399
845.000 1.402
850.000 1.372
855.000 1.421
860.000 1.396
865.000 1.330
870.000 1.334
875.000 1.273
880.000 1.412
885.000 1.345
890.000 1.341
895.000 1.400
900.000 1.286
905.000 1.281
910.000 1.272
915.000 1.276
920.000 1.265
925.000 1.291
930.000 1.279
935.000 1.279
940.000 1.335
945.000 1.334
950.000 1.396
955.000 1.310
960.000 1.240
965.000 1.265
970.000 1.329
975.000 1.324
980.000 1.234
985.000 1.189
990.000 1.245
995.000 1.385
1000.000 1.197
1005.000 1.275
1010.000 1.211
1015.000 1.210
1020.000 1.195
1025.000 1.237
1030.000 1.180
1035.000 1.321
1040.000 1.297
1045.000 1.237
1050.000 1.197
1055.000 1.302
1060.000 1.221
1065.000 1.231
1070.000 1.367
1075.000 1.285
1080.000 1.233
1085.000 1.293
1090.000 1.213
1095.000 1.247
1100.000 1.204
1105.000 1.210
1110.000 1.169
1115.000 1.194
1120.000 1.227
1125.000 1.221
1130.000 1.102
1135.000 1.181
1140.000 1.181
1145.000 1.227
1150.000 1.204
1155.000 1.164
1160.000 1.156
1165.000 1.239
1170.000 1.178
1175.000 1.255
1180.000 1.201
1185.000 1.168
1190.000 1.177
1195.000 1.124
1200.000 1.125
1205.000 1.155
1210.000 1.159
1215.000 1.152
1220.000 1.121
1225.000 1.234
1230.000 1.193
1235.000 1.199
1240.000 1.189
1245.000 1.145
1250.000 1.077
1255.000 1.159
1260.000 1.156
1265.000 1.141
1270.000 1.108
1275.000 1.097
1280.000 1.132
1285.000 1.133
1290.000 1.116
1295.000 1.089
1300.000 1.097
1305.000 1.084
1310.000 1.218
1315.000 1.249
1320.000 1.141
1325.000 1.137
1330.000 1.128
1335.000 1.108
1340.000 1.111
1345.000 1.099
1350.000 1.078
1355.000 1.082
1360.000 1.103
1365.000 1.121
1370.000 1.134
1375.000 1.079
1380.000 1.050
1385.000 1.045
1390.000 1.073
1395.000 1.069
1400.000 1.074
1405.000 1.069
1410.000 1.054
1415.000 1.029
1420.000 1.005
1425.000 1.104
1430.000 1.064
1435.000 1.097
1440.000 1.092
1445.000 1.051
1450.000 1.038
1455.000 0.992
1460.000 0.972
1465.000 1.000
1470.000 1.011
1475.000 1.017
1480.000 1.006
1485.000 0.997
1490.000 0.989
1495.000 0.945
1500.000 0.900
1505.000 0.855
1510.000 0.908
1515.000 0.900
1520.000 0.871
1525.000 0.929
1530.000 0.865
1535.000 0.866
1540.000 0.839
1545.000 0.865
1550.000 0.852
1555.000 0.822
1560.000 0.836
1565.000 0.848
1570.000 0.870
1575.000 0.805
1580.000 0.826
1585.000 0.801
1590.000 0.776
1595.000 0.822
1600.000 0.846
1605.000 0.821
1610.000 0.792
1615.000 0.811
1620.000 0.814
1625.000 0.807
1630.000 0.865
1635.000 0.858
1640.000 0.843
1645.000 0.845
1650.000 0.871
1655.000 0.852
1660.000 0.823
1665.000 0.829
1670.000 0.847
1675.000 0.869
1680.000 0.938
1685.000 0.915
1690.000 0.932
1695.000 0.957
1700.000 0.960
1705.000 1.008
1710.000 1.004
1715.000 1.060
1720.000 1.088
1725.000 1.141
1730.000 1.205
1735.000 1.238
1740.000 1.233
1745.000 1.268
1750.000 1.415
1755.000 1.484
1760.000 1.516
1765.000 1.542
1770.000 1.541
1775.000 1.620
1780.000 1.757
1785.000 1.820
1790.000 1.853
1795.000 1.861
1800.000 2.033
1805.000 2.096
1810.000 2.125
1815.000 2.156
1820.000 2.299
1825.000 2.422
1830.000 2.445
1835.000 2.461
1840.000 2.565
1845.000 2.520
1850.000 2.641
1855.000 2.756
1860.000 2.772
1865.000 2.814
1870.000 2.852
1875.000 2.950
1880.000 2.947
1885.000 3.046
1890.000 3.061
1895.000 3.104
1900.000 3.245
1905.000 3.233
1910.000 3.266
1915.000 3.206
1920.000 3.227
1925.000 3.266
1930.000 3.269
1935.000 3.314
1940.000 3.304
1945.000 3.397
1950.000 3.315
1955.000 3.341
1960.000 3.428
1965.000 3.411
1970.000 3.500
1975.000 3.401
1980.000 3.379
1985.000 3.407
1990.000 3.421
1995.000 3.441
2000.000 3.475
2005.000 3.437
2010.000 3.458
2015.000 3.495
2020.000 3.529
2025.000 3.478
2030.000 3.513
2035.000 3.488
2040.000 3.558
2045.000 3.499
2050.000 3.537
2055.000 3.484
2060.000 3.543
2065.000 3.549
2070.000 3.647
2075.000 3.604
2080.000 3.602
2085.000 3.604
2090.000 3.604
2095.000 3.614
2100.000 3.674
2105.000 3.677
2110.000 3.694
2115.000 3.715
2120.000 3.739
2125.000 3.741
2130.000 3.810
2135.000 3.796
2140.000 3.847
2145.000 3.974
2150.000 3.939
2155.000 4.001
2160.000 4.087
2165.000 4.157
2170.000 4.191
2175.000 4.199
2180.000 4.306
2185.000 4.393
2190.000 4.463
2195.000 4.540
2200.000 4.727
2205.000 4.796
2210.000 4.906
2215.000 5.115
2220.000 5.287
2225.000 5.456
2230.000 5.631
2235.000 5.989
2240.000 6.242
2245.000 6.483
2250.000 7.164
2255.000 7.648
2260.000 8.227
2265.000 8.989
2270.000 11.199
2275.000 12.853
2280.000 15.117
2285.000 18.112
2290.000 27.463
2295.000 33.498
2300.000 40.550
2305.000 51.606
2310.000 52.900
2315.000 47.178
2320.000 39.423
2325.000 16.798
2330.000 15.271
2335.000 11.833
2340.000 7.827
2345.000 6.637
2350.000 5.695
2355.000 4.915
2360.000 3.731
2365.000 3.369
2370.000 3.022
2375.000 2.434
2380.000 2.203
2385.000 2.013
2390.000 1.867
2395.000 1.631
2400.000 1.505
2405.000 1.427
2410.000 1.323
2415.000 1.224
2420.000 1.154
2425.000 1.129
2430.000 1.056
2435.000 1.030
2440.000 0.990
2445.000 0.983
2450.000 0.945
2455.000 0.945
2460.000 0.933
2465.000 0.923
2470.000 0.907
2475.000 0.910
2480.000 0.915
2485.000 0.941
2490.000 0.920
2495.000 0.925
2500.000 0.938
2505.000 0.956
2510.000 0.986
2515.000 0.981
2520.000 0.984
2525.000 0.986
2530.000 0.999
2535.000 1.012
2540.000 1.025
2545.000 1.041
2550.000 1.035
2555.000 1.042
2560.000 1.090
2565.000 1.120
2570.000 1.093
2575.000 1.102
2580.000 1.122
2585.000 1.131
2590.000 1.125
2595.000 1.137
2600.000 1.151
2605.000 1.153
2610.000 1.187
2615.000 1.191
2620.000 1.208
2625.000 1.214
2630.000 1.263
2635.000 1.241
2640.000 1.258
2645.000 1.255
2650.000 1.296
2655.000 1.285
2660.000 1.298
2665.000 1.283
2670.000 1.324
2675.000 1.332
2680.000 1.345
2685.000 1.364
2690.000 1.385
2695.000 1.372
2700.000 1.403
2705.000 1.403
2710.000 1.415
2715.000 1.447
2720.000 1.444
2725.000 1.468
2730.000 1.467
2735.000 1.488
2740.000 1.481
2745.000 1.480
2750.000 1.505
2755.000 1.520
2760.000 1.523
2765.000 1.556
2770.000 1.567
2775.000 1.572
2780.000 1.600
2785.000 1.581
2790.000 1.577
2795.000 1.601
2800.000 1.590
2805.000 1.620
2810.000 1.626
2815.000 1.626
2820.000 1.627
2825.000 1.640
2830.000 1.643
2835.000 1.631
2840.000 1.641
2845.000 1.655
2850.000 1.658
2855.000 1.652
2860.000 1.637
2865.000 1.620
2870.000 1.622
2875.000 1.653
2880.000 1.629
2885.000 1.596
2890.000 1.622
2895.000 1.579
2900.000 1.610
2905.000 1.581
2910.000 1.581
2915.000 1.544
2920.000 1.523
2925.000 1.560
2930.000 1.529
2935.000 1.492
2940.000 1.514
2945.000 1.498
2950.000 1.458
2955.000 1.499
2960.000 1.453
2965.000 1.445
2970.000 1.396
2975.000 1.373
2980.000 1.400
2985.000 1.350
2990.000 1.296
2995.000 1.275
3000.000 1.310
3005.000 1.287
3010.000 1.257
3015.000 1.272
3020.000 1.282
3025.000 1.257
3030.000 1.230
3035.000 1.148
3040.000 1.136
3045.000 1.158
3050.000 1.143
3055.000 1.126
3060.000 1.086
3065.000 1.101
3070.000 1.088
3075.000 1.062
3080.000 1.063
3085.000 1.043
3090.000 1.035
3095.000 0.993
3100.000 1.040
3105.000 1.024
3110.000 1.010
3115.000 1.006
3120.000 0.973
3125.000 0.966
3130.000 1.064
3135.000 1.145
3140.000 1.107
3145.000 1.082
3150.000 1.008
3155.000 0.977
3160.000 0.976
3165.000 0.946
3170.000 0.931
3175.000 0.936
3180.000 0.939
3185.000 0.937
3190.000 0.905
3195.000 0.934
3200.000 0.938
3205.000 0.919
3210.000 0.949
3215.000 0.917
3220.000 0.926
3225.000 0.929
3230.000 0.956
3235.000 0.946
3240.000 0.951
3245.000 0.936
3250.000 0.983
3255.000 0.972
3260.000 0.995
3265.000 0.986
3270.000 0.999
3275.000 1.020
3280.000 1.009
3285.000 1.032
3290.000 1.048
3295.000 1.044
3300.000 1.070
3305.000 1.070
3310.000 1.091
3315.000 1.102
3320.000 1.116
3325.000 1.134
3330.000 1.137
3335.000 1.152
3340.000 1.185
3345.000 1.203
3350.000 1.188
3355.000 1.207
3360.000 1.234
3365.000 1.262
3370.000 1.298
3375.000 1.281
3380.000 1.310
3385.000 1.341
3390.000 1.363
3395.000 1.375
3400.000 1.418
3405.000 1.452
3410.000 1.460
3415.000 1.494
3420.000 1.562
3425.000 1.571
3430.000 1.599
3435.000 1.652
3440.000 1.672
3445.000 1.725
3450.000 1.737
3455.000 1.832
3460.000 1.848
3465.000 1.883
3470.000 1.970
3475.000 1.999
3480.000 2.059
3485.000 2.123
3490.000 2.197
3495.000 2.270
3500.000 2.350
3505.000 2.405
3510.000 2.543
3515.000 2.628
3520.000 2.690
3525.000 2.914
3530.000 3.011
3535.000 3.134
3540.000 3.220
3545.000 3.439
3550.000 3.591
3555.000 3.731
3560.000 4.072
3565.000 4.253
3570.000 4.458
3575.000 4.653
3580.000 5.053
3585.000 5.266
3590.000 5.488
3595.000 6.092
3600.000 6.411
3605.000 6.783
3610.000 7.178
3615.000 8.198
3620.000 8.805
3625.000 9.576
3630.000 10.492
3635.000 12.728
3640.000 14.411
3645.000 16.058
3650.000 20.610
3655.000 23.354
3660.000 26.671
3665.000 30.994
3670.000 39.976
3675.000 44.822
3680.000 49.608
3685.000 54.490
3690.000 64.137
3695.000 66.248
3700.000 67.322
3705.000 62.176
3710.000 49.067
3715.000 38.842
3720.000 32.772
3725.000 23.847
3730.000 20.241
3735.000 17.754
3740.000 14.562
3745.000 13.651
3750.000 11.887
3755.000 11.674
3760.000 9.476
3765.000 8.920
3770.000 8.327
3775.000 7.972
3780.000 7.096
3785.000 7.147
3790.000 6.312
3795.000 6.078
3800.000 5.806
3805.000 5.380
3810.000 5.152
3815.000 4.763
3820.000 4.860
3825.000 4.753
3830.000 4.388
3835.000 4.293
3840.000 4.123
3845.000 3.922
3850.000 3.798
3855.000 3.716
3860.000 3.653
3865.000 3.496
3870.000 3.434
3875.000 3.372
3880.000 3.315
3885.000 3.191
3890.000 3.162
3895.000 3.088
3900.000 3.046
3905.000 2.963
3910.000 2.915
3915.000 2.869
3920.000 2.835
3925.000 2.800
3930.000 2.772
3935.000 2.730
3940.000 2.670
3945.000 2.655
3950.000 2.608
3955.000 2.580
3960.000 2.556
3965.000 2.530
3970.000 2.491
3975.000 2.455
3980.000 2.435
3985.000 2.405
3990.000 2.387
3995.000 2.346
4000.000 2.336
4005.000 2.310
4010.000 2.263
4015.000 2.261
4020.000 2.279
4025.000 2.246
4030.000 2.177
4035.000 2.173
4040.000 2.208
4045.000 2.138
4050.000 2.164
4055.000 2.156
4060.000 2.136
4065.000 2.081
4070.000 2.093
4075.000 2.087
4080.000 2.079
4085.000 2.048
4090.000 2.047
4095.000 2.036
4100.000 2.030
4105.000 2.003
4110.000 1.998
4115.000 1.993
4120.000 1.959
4125.000 1.954
4130.000 1.945
4135.000 1.950
4140.000 1.936
4145.000 1.936
4150.000 1.919
4155.000 1.905
4160.000 1.896
4165.000 1.898
4170.000 1.876
4175.000 1.860
4180.000 1.855
4185.000 1.841
4190.000 1.823
4195.000 1.811
4200.000 1.810
4205.000 1.801
4210.000 1.797
4215.000 1.766
4220.000 1.777
4225.000 1.761
4230.000 1.746
4235.000 1.739
4240.000 1.737
4245.000 1.713
4250.000 1.701
4255.000 1.698
4260.000 1.666
4265.000 1.666
4270.000 1.667
4275.000 1.659
4280.000 1.634
4285.000 1.635
4290.000 1.629
4295.000 1.636
4300.000 1.602
4305.000 1.621
4310.000 1.608
4315.000 1.601
4320.000 1.609
4325.000 1.621
4330.000 1.608
4335.000 1.620
4340.000 1.614
4345.000 1.629
4350.000 1.631
4355.000 1.619
4360.000 1.644
4365.000 1.644
4370.000 1.661
4375.000 1.639
4380.000 1.641
4385.000 1.633
4390.000 1.646
4395.000 1.638
4400.000 1.653
4405.000 1.659
4410.000 1.663
4415.000 1.676
4420.000 1.668
4425.000 1.678
4430.000 1.660
4435.000 1.661
4440.000 1.673
4445.000 1.688
4450.000 1.698
4455.000 1.685
4460.000 1.700
4465.000 1.688
4470.000 1.703
4475.000 1.690
4480.000 1.705
4485.000 1.722
4490.000 1.718
4495.000 1.710
4500.000 1.716
4505.000 1.729
4510.000 1.744
4515.000 1.736
4520.000 1.740
4525.000 1.738
4530.000 1.763
4535.000 1.745
4540.000 1.762
4545.000 1.768
4550.000 1.780
4555.000 1.783
4560.000 1.776
4565.000 1.792
4570.000 1.801
4575.000 1.801
4580.000 1.810
4585.000 1.824
4590.000 1.836
4595.000 1.834
4600.000 1.837
4605.000 1.847
4610.000 1.865
4615.000 1.873
4620.000 1.887
4625.000 1.904
4630.000 1.914
4635.000 1.926
4640.000 1.939
4645.000 1.946
4650.000 1.964
4655.000 1.993
4660.000 1.999
4665.000 1.994
4670.000 2.005
4675.000 2.042
4680.000 2.046
4685.000 2.060
4690.000 2.107
4695.000 2.125
4700.000 2.133
4705.000 2.161
4710.000 2.220
4715.000 2.230
4720.000 2.250
4725.000 2.276
4730.000 2.327
4735.000 2.354
4740.000 2.368
4745.000 2.419
4750.000 2.455
4755.000 2.523
4760.000 2.532
4765.000 2.599
4770.000 2.641
4775.000 2.694
4780.000 2.736
4785.000 2.833
4790.000 2.914
4795.000 2.965
4800.000 3.115
4805.000 3.184
4810.000 3.260
4815.000 3.347
4820.000 3.512
4825.000 3.550
4830.000 3.652
4835.000 3.786
4840.000 3.851
4845.000 3.924
4850.000 4.030
4855.000 4.201
4860.000 4.313
4865.000 4.434
4870.000 4.574
4875.000 4.849
4880.000 5.010
4885.000 5.153
4890.000 5.477
4895.000 5.683
4900.000 5.930
4905.000 6.184
4910.000 6.789
4915.000 7.191
4920.000 7.669
4925.000 8.807
4930.000 9.580
4935.000 10.523
4940.000 11.594
4945.000 14.002
4950.000 15.302
4955.000 16.361
4960.000 20.919
4965.000 38.203
4970.000 55.004
4975.000 61.203
4980.000 62.202
4985.000 57.984
4990.000 58.847
4995.000 46.636
5000.000 28.311
5005.000 19.781
5010.000 16.977
5015.000 12.642
5020.000 10.805
5025.000 9.598
5030.000 8.614
5035.000 7.071
5040.000 6.402
5045.000 5.854
5050.000 4.968
5055.000 4.593
5060.000 4.274
5065.000 3.995
5070.000 3.528
5075.000 3.304
5080.000 3.163
5085.000 2.841
5090.000 2.717
5095.000 2.584
5100.000 2.484
5105.000 2.272
5110.000 2.223
5115.000 2.142
5120.000 2.064
5125.000 1.943
5130.000 1.873
5135.000 1.808
5140.000 1.724
5145.000 1.672
5150.000 1.628
5155.000 1.595
5160.000 1.530
5165.000 1.486
5170.000 1.445
5175.000 1.422
5180.000 1.365
5185.000 1.346
5190.000 1.320
5195.000 1.267
5200.000 1.246
5205.000 1.214
5210.000 1.212
5215.000 1.177
5220.000 1.150
5225.000 1.128
5230.000 1.096
5235.000 1.097
5240.000 1.082
5245.000 1.064
5250.000 1.039
5255.000 1.026
5260.000 1.022
5265.000 1.006
5270.000 0.983
5275.000 0.965
5280.000 0.954
5285.000 0.922
5290.000 0.924
5295.000 0.908
5300.000 0.911
5305.000 0.892
5310.000 0.882
5315.000 0.869
5320.000 0.847
5325.000 0.839
5330.000 0.831
5335.000 0.820
5340.000 0.819
5345.000 0.815
5350.000 0.798
5355.000 0.800
5360.000 0.771
5365.000 0.757
5370.000 0.765
5375.000 0.755
5380.000 0.764
5385.000 0.756
5390.000 0.741
5395.000 0.731
5400.000 0.738
5405.000 0.734
5410.000 0.711
5415.000 0.705
5420.000 0.710
5425.000 0.710
5430.000 0.708
5435.000 0.691
5440.000 0.688
5445.000 0.692
5450.000 0.681
5455.000 0.681
5460.000 0.693
5465.000 0.689
5470.000 0.678
5475.000 0.675
5480.000 0.674
5485.000 0.679
5490.000 0.676
5495.000 0.683
5500.000 0.668
5505.000 0.676
5510.000 0.662
5515.000 0.662
5520.000 0.669
5525.000 0.685
5530.000 0.669
5535.000 0.673
5540.000 0.693
5545.000 0.662
5550.000 0.678
5555.000 0.672
5560.000 0.684
5565.000 0.681
5570.000 0.691
5575.000 0.688
5580.000 0.678
5585.000 0.699
5590.000 0.699
5595.000 0.696
5600.000 0.694
5605.000 0.689
5610.000 0.700
5615.000 0.695
5620.000 0.700
5625.000 0.713
5630.000 0.715
5635.000 0.715
5640.000 0.711
5645.000 0.711
5650.000 0.706
5655.000 0.702
5660.000 0.730
5665.000 0.737
5670.000 0.736
5675.000 0.739
5680.000 0.732
5685.000 0.753
5690.000 0.745
5695.000 0.754
5700.000 0.757
5705.000 0.764
5710.000 0.772
5715.000 0.782
5720.000 0.768
5725.000 0.788
5730.000 0.782
5735.000 0.785
5740.000 0.804
5745.000 0.801
5750.000 0.803
5755.000 0.826
5760.000 0.823
5765.000 0.825
5770.000 0.851
5775.000 0.848
5780.000 0.850
5785.000 0.859
5790.000 0.858
5795.000 0.876
5800.000 0.872
5805.000 0.884
5810.000 0.898
5815.000 0.887
5820.000 0.898
5825.000 0.914
5830.000 0.933
5835.000 0.957
5840.000 0.955
5845.000 0.957
5850.000 0.971
5855.000 0.988
5860.000 1.009
5865.000 1.020
5870.000 1.025
5875.000 1.051
5880.000 1.061
5885.000 1.061
5890.000 1.087
5895.000 1.111
5900.000 1.120
5905.000 1.133
5910.000 1.148
5915.000 1.180
5920.000 1.190
5925.000 1.210
5930.000 1.236
5935.000 1.265
5940.000 1.280
5945.000 1.303
5950.000 1.325
5955.000 1.356
5960.000 1.370
5965.000 1.407
5970.000 1.454
5975.000 1.472
5980.000 1.500
5985.000 1.546
5990.000 1.570
5995.000 1.592
6000.000 1.628
6005.000 1.703
6010.000 1.755
6015.000 1.774
6020.000 1.850
6025.000 1.888
6030.000 1.937
6035.000 1.993
6040.000 2.102
6045.000 2.148
6050.000 2.227
6055.000 2.364
6060.000 2.445
6065.000 2.514
6070.000 2.626
6075.000 2.834
6080.000 2.947
6085.000 3.087
6090.000 3.214
6095.000 3.510
6100.000 3.673
6105.000 3.866
6110.000 4.322
6115.000 4.510
6120.000 4.679
6125.000 4.895
6130.000 5.319
6135.000 5.587
6140.000 5.935
6145.000 6.693
6150.000 7.138
6155.000 7.660
6160.000 8.297
6165.000 9.906
6170.000 10.944
6175.000 12.215
6180.000 15.723
6185.000 17.960
6190.000 20.701
6195.000 23.923
6200.000 31.653
6205.000 36.347
6210.000 41.106
6215.000 45.529
6220.000 51.828
6225.000 52.340
6230.000 49.419
6235.000 30.712
6240.000 18.507
6245.000 17.312
6250.000 15.563
6255.000 12.809
6260.000 12.050
6265.000 11.509
6270.000 11.118
6275.000 10.452
6280.000 10.110
6285.000 9.754
6290.000 9.034
6295.000 8.684
6300.000 8.421
6305.000 8.219
6310.000 7.870
6315.000 7.666
6320.000 7.445
6325.000 7.060
6330.000 6.880
6335.000 6.731
6340.000 6.530
6345.000 6.220
6350.000 6.065
6355.000 5.930
6360.000 5.761
6365.000 5.440
6370.000 5.328
6375.000 5.191
6380.000 4.974
6385.000 4.888
6390.000 4.796
6395.000 4.712
6400.000 4.603
6405.000 4.539
6410.000 4.500
6415.000 4.432
6420.000 4.400
6425.000 4.387
6430.000 4.379
6435.000 4.375
6440.000 4.380
6445.000 4.389
6450.000 4.462
6455.000 4.513
6460.000 4.542
6465.000 4.583
6470.000 4.780
6475.000 4.863
6480.000 4.985
6485.000 5.161
6490.000 5.581
6495.000 5.828
6500.000 6.055
6505.000 6.681
6510.000 7.058
6515.000 7.477
6520.000 8.094
6525.000 10.063
6530.000 11.772
6535.000 14.276
6540.000 23.468
6545.000 30.719
6550.000 39.418
6555.000 47.577
6560.000 57.241
6565.000 49.036
6570.000 9.422
6575.000 3.628
6580.000 8.105
6585.000 6.533
6590.000 5.282
6595.000 2.774
6600.000 2.547
6605.000 2.182
6610.000 1.907
6615.000 1.491
6620.000 1.352
6625.000 1.256
6630.000 1.099
6635.000 1.045
6640.000 1.015
6645.000 0.986
6650.000 0.952
6655.000 0.939
6660.000 0.912
6665.000 0.922
6670.000 0.917
6675.000 0.929
6680.000 0.920
6685.000 0.928
6690.000 0.945
6695.000 0.944
6700.000 0.945
6705.000 0.965
6710.000 0.961
6715.000 0.960
6720.000 0.978
6725.000 0.979
6730.000 0.992
6735.000 0.984
6740.000 0.993
6745.000 1.000
6750.000 1.001
6755.000 1.011
6760.000 1.007
6765.000 1.017
6770.000 1.023
6775.000 1.026
6780.000 1.027
6785.000 1.031
6790.000 1.024
6795.000 1.050
6800.000 1.025
6805.000 1.038
6810.000 1.036
6815.000 1.039
6820.000 1.030
6825.000 1.044
6830.000 1.040
6835.000 1.048
6840.000 1.054
6845.000 1.053
6850.000 1.051
6855.000 1.057
6860.000 1.065
6865.000 1.067
6870.000 1.060
6875.000 1.067
6880.000 1.078
6885.000 1.085
6890.000 1.076
6895.000 1.095
6900.000 1.100
6905.000 1.084
6910.000 1.089
6915.000 1.093
6920.000 1.107
6925.000 1.097
6930.000 1.098
6935.000 1.102
6940.000 1.104
6945.000 1.118
6950.000 1.116
6955.000 1.104
6960.000 1.116
6965.000 1.103
6970.000 1.116
6975.000 1.114
6980.000 1.115
6985.000 1.110
6990.000 1.123
6995.000 1.128
7000.000 1.118
7005.000 1.119
7010.000 1.137
7015.000 1.128
7020.000 1.147
7025.000 1.129
7030.000 1.141
7035.000 1.125
7040.000 1.128
7045.000 1.161
7050.000 1.146
7055.000 1.147
7060.000 1.170
7065.000 1.155
7070.000 1.153
7075.000 1.163
7080.000 1.171
7085.000 1.180
7090.000 1.160
7095.000 1.167
7100.000 1.181
7105.000 1.196
7110.000 1.192
7115.000 1.190
7120.000 1.176
7125.000 1.204
7130.000 1.192
7135.000 1.217
7140.000 1.207
7145.000 1.214
7150.000 1.204
7155.000 1.222
7160.000 1.225
7165.000 1.235
7170.000 1.247
7175.000 1.234
7180.000 1.247
7185.000 1.248
7190.000 1.253
7195.000 1.268
7200.000 1.281
7205.000 1.286
7210.000 1.289
7215.000 1.302
7220.000 1.308
7225.000 1.310
7230.000 1.321
7235.000 1.323
7240.000 1.353
7245.000 1.352
7250.000 1.372
7255.000 1.383
7260.000 1.408
7265.000 1.409
7270.000 1.426
7275.000 1.461
7280.000 1.476
7285.000 1.493
7290.000 1.503
7295.000 1.535
7300.000 1.562
7305.000 1.589
7310.000 1.606
7315.000 1.672
7320.000 1.720
7325.000 1.755
7330.000 1.826
7335.000 1.872
7340.000 1.922
7345.000 1.985
7350.000 2.118
7355.000 2.204
7360.000 2.291
7365.000 2.581
7370.000 2.728
7375.000 2.908
7380.000 3.193
7385.000 3.886
7390.000 4.453
7395.000 5.181
7400.000 6.192
7405.000 9.103
7410.000 11.281
7415.000 13.934
7420.000 20.199
7425.000 22.855
7430.000 24.857
7435.000 25.634
7440.000 19.931
7445.000 15.952
7450.000 14.373
7455.000 13.554
7460.000 7.612
7465.000 4.541
7470.000 3.781
7475.000 3.033
7480.000 2.805
7485.000 2.617
7490.000 2.470
7495.000 2.197
7500.000 2.076
7505.000 1.988
7510.000 1.813
7515.000 1.742
7520.000 1.675
7525.000 1.617
7530.000 1.515
7535.000 1.478
7540.000 1.443
7545.000 1.387
7550.000 1.350
7555.000 1.334
7560.000 1.311
7565.000 1.263
7570.000 1.254
7575.000 1.233
7580.000 1.234
7585.000 1.196
7590.000 1.194
7595.000 1.181
7600.000 1.164
7605.000 1.162
7610.000 1.155
7615.000 1.149
7620.000 1.142
7625.000 1.138
7630.000 1.154
7635.000 1.147
7640.000 1.137
7645.000 1.140
7650.000 1.128
7655.000 1.132
7660.000 1.130
7665.000 1.144
7670.000 1.130
7675.000 1.134
7680.000 1.127
7685.000 1.130
7690.000 1.136
7695.000 1.138
7700.000 1.132
7705.000 1.139
7710.000 1.153
7715.000 1.149
7720.000 1.156
7725.000 1.154
7730.000 1.162
7735.000 1.160
7740.000 1.174
7745.000 1.174
7750.000 1.182
7755.000 1.178
7760.000 1.179
7765.000 1.196
7770.000 1.190
7775.000 1.219
7780.000 1.230
7785.000 1.240
7790.000 1.241
7795.000 1.249
7800.000 1.277
7805.000 1.286
7810.000 1.297
7815.000 1.302
7820.000 1.305
7825.000 1.302
7830.000 1.313
7835.000 1.352
7840.000 1.346
7845.000 1.371
7850.000 1.382
7855.000 1.422
7860.000 1.456
7865.000 1.472
7870.000 1.516
7875.000 1.535
7880.000 1.580
7885.000 1.599
7890.000 1.671
7895.000 1.720
7900.000 1.759
7905.000 1.842
7910.000 1.885
7915.000 1.921
7920.000 1.972
7925.000 2.101
7930.000 2.164
7935.000 2.241
7940.000 2.404
7945.000 2.501
7950.000 2.604
7955.000 2.724
7960.000 3.033
7965.000 3.248
7970.000 3.494
7975.000 3.741
7980.000 4.372
7985.000 4.787
7990.000 5.288
7995.000 6.676
8000.000 7.696
8005.000 9.068
8010.000 10.809
8015.000 15.966
8020.000 19.446
8025.000 23.724
8030.000 35.521
8035.000 42.936
8040.000 50.231
8045.000 53.932
8050.000 22.200
8055.000 35.112
8060.000 18.779
8065.000 12.409
8070.000 10.074
8075.000 8.362
8080.000 7.294
8085.000 5.728
8090.000 5.263
8095.000 4.665
8100.000 4.316
8105.000 3.660
8110.000 3.431
8115.000 3.202
8120.000 2.859
8125.000 2.681
8130.000 2.567
8135.000 2.445
8140.000 2.260
8145.000 2.177
8150.000 2.111
8155.000 2.051
8160.000 1.931
8165.000 1.872
8170.000 1.831
8175.000 1.746
8180.000 1.714
8185.000 1.682
8190.000 1.651
8195.000 1.589
8200.000 1.578
8205.000 1.551
8210.000 1.505
8215.000 1.493
8220.000 1.476
8225.000 1.451
8230.000 1.425
8235.000 1.401
8240.000 1.408
8245.000 1.388
8250.000 1.372
8255.000 1.363
8260.000 1.339
8265.000 1.329
8270.000 1.320
8275.000 1.311
8280.000 1.311
8285.000 1.283
8290.000 1.283
8295.000 1.280
8300.000 1.263
8305.000 1.267
8310.000 1.249
8315.000 1.234
8320.000 1.238
8325.000 1.239
8330.000 1.235
8335.000 1.225
8340.000 1.229
8345.000 1.216
8350.000 1.222
8355.000 1.204
8360.000 1.206
8365.000 1.207
8370.000 1.200
8375.000 1.198
8380.000 1.184
8385.000 1.177
8390.000 1.174
8395.000 1.171
8400.000 1.157
8405.000 1.166
8410.000 1.163
8415.000 1.153
8420.000 1.144
8425.000 1.142
8430.000 1.131
8435.000 1.122
8440.000 1.130
8445.000 1.120
8450.000 1.091
8455.000 1.084
8460.000 1.066
8465.000 1.064
8470.000 1.046
8475.000 1.030
8480.000 1.004
8485.000 0.999
8490.000 1.005
8495.000 1.035
8500.000 1.314
8505.000 1.658
8510.000 2.270
8515.000 6.854
8520.000 15.953
8525.000 26.897
8530.000 34.198
8535.000 10.238
8540.000 15.517
8545.000 6.172
8550.000 9.467
8555.000 7.972
8560.000 7.249
8565.000 6.663
8570.000 6.641
8575.000 6.683
8580.000 7.032
8585.000 7.714
8590.000 10.194
8595.000 11.997
8600.000 13.987
8605.000 18.793
8610.000 21.361
8615.000 23.813
8620.000 25.920
8625.000 27.633
8630.000 26.549
8635.000 23.763
8640.000 17.275
8645.000 14.573
8650.000 12.114
8655.000 9.846
8660.000 7.801
8665.000 8.129
8670.000 8.001
8675.000 6.465
8680.000 3.479
8685.000 3.107
8690.000 2.832
8695.000 2.482
8700.000 2.332
8705.000 2.230
8710.000 2.131
8715.000 1.952
8720.000 1.875
8725.000 1.813
8730.000 1.710
8735.000 1.651
8740.000 1.615
8745.000 1.581
8750.000 1.512
8755.000 1.494
8760.000 1.456
8765.000 1.419
8770.000 1.395
8775.000 1.377
8780.000 1.351
8785.000 1.327
8790.000 1.321
8795.000 1.298
8800.000 1.274
8805.000 1.253
8810.000 1.265
8815.000 1.252
8820.000 1.232
8825.000 1.237
8830.000 1.230
8835.000 1.212
8840.000 1.206
8845.000 1.206
8850.000 1.190
8855.000 1.195
8860.000 1.193
8865.000 1.182
8870.000 1.178
8875.000 1.169
8880.000 1.173
8885.000 1.179
8890.000 1.173
8895.000 1.174
8900.000 1.170
8905.000 1.155
8910.000 1.153
8915.000 1.147
8920.000 1.144
8925.000 1.146
8930.000 1.141
8935.000 1.142
8940.000 1.143
8945.000 1.155
8950.000 1.140
8955.000 1.143
8960.000 1.125
8965.000 1.140
8970.000 1.125
8975.000 1.135
8980.000 1.126
8985.000 1.128
8990.000 1.113
8995.000 1.125
9000.000 1.132
9005.000 1.117
9010.000 1.117
9015.000 1.097
9020.000 1.120
9025.000 1.096
9030.000 1.102
9035.000 1.113
9040.000 1.122
9045.000 1.104
9050.000 1.107
9055.000 1.107
9060.000 1.098
9065.000 1.097
9070.000 1.100
9075.000 1.085
9080.000 1.100
9085.000 1.086
9090.000 1.091
9095.000 1.090
9100.000 1.087
9105.000 1.091
9110.000 1.084
9115.000 1.094
9120.000 1.087
9125.000 1.102
9130.000 1.094
9135.000 1.095
9140.000 1.098
9145.000 1.093
9150.000 1.072
9155.000 1.075
9160.000 1.063
9165.000 1.067
9170.000 1.066
9175.000 1.048
9180.000 1.067
9185.000 1.053
9190.000 1.070
9195.000 1.061
9200.000 1.060
9205.000 1.049
9210.000 1.050
9215.000 1.037
9220.000 1.042
9225.000 1.035
9230.000 1.035
9235.000 1.038
9240.000 1.025
9245.000 1.019
9250.000 1.025
9255.000 1.019
9260.000 1.023
9265.000 1.017
9270.000 1.010
9275.000 1.003
9280.000 1.000
9285.000 0.998
9290.000 0.989
9295.000 0.974
9300.000 0.976
9305.000 0.953
9310.000 0.971
9315.000 0.967
9320.000 0.968
9325.000 0.963
9330.000 0.956
9335.000 0.957
9340.000 0.954
9345.000 0.966
9350.000 0.983
9355.000 0.986
9360.000 1.021
9365.000 1.047
9370.000 1.067
9375.000 1.121
9380.000 1.244
9385.000 1.327
9390.000 1.408
9395.000 1.692
9400.000 1.898
9405.000 2.161
9410.000 2.533
9415.000 3.654
9420.000 4.442
9425.000 5.477
9430.000 8.804
9435.000 11.313
9440.000 14.521
9445.000 18.280
9450.000 28.460
9455.000 35.515
9460.000 42.237
9465.000 45.760
9470.000 21.501
9475.000 24.863
9480.000 18.725
9485.000 14.072
9490.000 11.945
9495.000 10.012
9500.000 9.172
9505.000 7.745
9510.000 7.157
9515.000 6.620
9520.000 5.855
9525.000 5.556
9530.000 5.290
9535.000 5.065
9540.000 4.696
9545.000 4.537
9550.000 4.411
9555.000 4.208
9560.000 4.117
9565.000 4.056
9570.000 3.989
9575.000 3.924
9580.000 3.884
9585.000 3.889
9590.000 3.863
9595.000 3.882
9600.000 3.906
9605.000 3.913
9610.000 3.938
9615.000 4.022
9620.000 4.077
9625.000 4.133
9630.000 4.245
9635.000 4.317
9640.000 4.372
9645.000 4.469
9650.000 4.660
9655.000 4.752
9660.000 4.893
9665.000 5.190
9670.000 5.328
9675.000 5.499
9680.000 5.645
9685.000 5.905
9690.000 6.037
9695.000 6.156
9700.000 6.509
9705.000 6.702
9710.000 6.912
9715.000 7.143
9720.000 7.655
9725.000 7.975
9730.000 8.355
9735.000 8.785
9740.000 9.892
9745.000 10.758
9750.000 11.633
9755.000 13.912
9760.000 15.377
9765.000 17.227
9770.000 19.378
9775.000 24.831
9780.000 27.621
9785.000 31.110
9790.000 36.871
9795.000 38.376
9800.000 38.464
9805.000 36.757
9810.000 27.024
9815.000 22.239
9820.000 18.452
9825.000 13.293
9830.000 11.463
9835.000 9.935
9840.000 8.647
9845.000 6.617
9850.000 6.126
9855.000 6.310
9860.000 7.202
9865.000 8.379
9870.000 7.714
9875.000 7.035
9880.000 6.024
9885.000 5.627
9890.000 5.317
9895.000 5.052
9900.000 4.602
9905.000 4.366
9910.000 4.158
9915.000 3.763
9920.000 3.592
9925.000 3.430
9930.000 3.290
9935.000 3.038
9940.000 2.931
9945.000 2.817
9950.000 2.644
9955.000 2.566
9960.000 2.503
9965.000 2.430
9970.000 2.304
9975.000 2.253
9980.000 2.204
9985.000 2.147
9990.000 2.068
9995.000 2.038
10000.000 1.999
