105.000 0.041
110.000 0.274
115.000 0.612
120.000 0.853
125.000 0.756
130.000 0.814
135.000 0.902
140.000 0.886
145.000 0.925
150.000 0.850
155.000 0.838
160.000 0.856
165.000 0.792
170.000 0.870
175.000 0.760
180.000 0.687
185.000 0.607
190.000 0.617
195.000 0.613
200.000 0.593
205.000 0.716
210.000 0.895
215.000 0.539
220.000 0.565
225.000 0.390
230.000 0.396
235.000 0.317
240.000 0.305
245.000 0.237
250.000 0.160
255.000 0.214
260.000 0.164
265.000 0.194
270.000 0.249
275.000 0.169
280.000 0.106
285.000 0.093
290.000 0.248
295.000 0.224
300.000 0.362
305.000 0.319
310.000 0.363
315.000 0.513
320.000 0.406
325.000 0.510
330.000 0.758
335.000 1.182
340.000 1.061
345.000 1.269
350.000 1.393
355.000 1.503
360.000 1.628
365.000 1.908
370.000 2.306
375.000 2.537
380.000 3.007
385.000 3.311
390.000 3.672
395.000 4.047
400.000 4.514
405.000 5.043
410.000 5.326
415.000 5.872
420.000 6.209
425.000 6.531
430.000 6.642
435.000 6.770
440.000 6.795
445.000 6.718
450.000 6.707
455.000 6.360
460.000 6.175
465.000 5.953
470.000 5.727
475.000 5.542
480.000 5.352
485.000 5.199
490.000 4.715
495.000 4.853
500.000 4.484
505.000 4.143
510.000 3.779
515.000 3.677
520.000 3.437
525.000 3.104
530.000 2.927
535.000 2.811
540.000 2.601
545.000 2.457
550.000 2.429
555.000 2.247
560.000 2.082
565.000 1.983
570.000 1.858
575.000 1.911
580.000 1.941
585.000 1.892
590.000 1.902
595.000 1.768
600.000 1.767
605.000 1.906
610.000 1.769
615.000 1.795
620.000 1.847
625.000 1.748
630.000 1.635
635.000 1.686
640.000 1.639
645.000 1.651
650.000 1.688
655.000 1.648
660.000 1.614
665.000 1.672
670.000 1.686
675.000 1.726
680.000 1.594
685.000 1.631
690.000 1.640
695.000 1.536
700.000 1.645
705.000 1.598
710.000 1.654
715.000 1.718
720.000 1.644
725.000 1.421
730.000 1.592
735.000 1.489
740.000 1.577
745.000 1.531
750.000 1.481
755.000 1.493
760.000 1.439
765.000 1.519
770.000 1.586
775.000 1.550
780.000 1.431
785.000 1.394
790.000 1.456
795.000 1.348
800.000 1.563
805.000 1.430
810.000 1.393
815.000 1.375
820.000 1.413
825.000 1.430
830.000 1.399
835.000 1.522
840.000 1.493
845.000 1.480
850.000 1.431
855.000 1.414
860.000 1.408
865.000 1.503
870.000 1.412
875.000 1.373
880.000 1.392
885.000 1.428
890.000 1.441
895.000 1.430
900.000 1.457
905.000 1.452
910.000 1.285
915.000 1.390
920.000 1.451
925.000 1.471
930.000 1.436
935.000 1.460
940.000 1.418
945.000 1.433
950.000 1.372
955.000 1.479
960.000 1.411
965.000 1.282
970.000 1.405
975.000 1.362
980.000 1.449
985.000 1.488
990.000 1.429
995.000 1.282
1000.000 1.403
1005.000 1.299
1010.000 1.473
1015.000 1.592
1020.000 1.561
1025.000 1.465
1030.000 1.582
1035.000 1.280
1040.000 1.371
1045.000 1.424
1050.000 1.467
1055.000 1.447
1060.000 1.376
1065.000 1.349
1070.000 1.370
1075.000 1.309
1080.000 1.177
1085.000 1.290
1090.000 1.281
1095.000 1.315
1100.000 1.302
1105.000 1.357
1110.000 1.314
1115.000 1.328
1120.000 1.294
1125.000 1.338
1130.000 1.323
1135.000 1.305
1140.000 1.289
1145.000 1.298
1150.000 1.253
1155.000 1.288
1160.000 1.263
1165.000 1.255
1170.000 1.262
1175.000 1.269
1180.000 1.263
1185.000 1.260
1190.000 1.213
1195.000 1.245
1200.000 1.231
1205.000 1.284
1210.000 1.244
1215.000 1.209
1220.000 1.267
1225.000 1.265
1230.000 1.244
1235.000 1.242
1240.000 1.219
1245.000 1.276
1250.000 1.231
1255.000 1.254
1260.000 1.265
1265.000 1.223
1270.000 1.219
1275.000 1.224
1280.000 1.261
1285.000 1.223
1290.000 1.181
1295.000 1.199
1300.000 1.206
1305.000 1.192
1310.000 1.223
1315.000 1.226
1320.000 1.193
1325.000 1.192
1330.000 1.269
1335.000 1.189
1340.000 1.187
1345.000 1.209
1350.000 1.246
1355.000 1.224
1360.000 1.176
1365.000 1.187
1370.000 1.164
1375.000 1.282
1380.000 1.200
1385.000 1.209
1390.000 1.211
1395.000 1.241
1400.000 1.247
1405.000 1.179
1410.000 1.222
1415.000 1.188
1420.000 1.228
1425.000 1.225
1430.000 1.240
1435.000 1.277
1440.000 1.171
1445.000 1.220
1450.000 1.187
1455.000 1.213
1460.000 1.165
1465.000 1.128
1470.000 1.138
1475.000 1.154
1480.000 1.139
1485.000 1.123
1490.000 1.164
1495.000 1.177
1500.000 1.139
1505.000 1.124
1510.000 1.099
1515.000 1.110
1520.000 1.118
1525.000 1.110
1530.000 1.089
1535.000 1.063
1540.000 1.045
1545.000 1.044
1550.000 1.040
1555.000 1.051
1560.000 1.103
1565.000 1.033
1570.000 1.057
1575.000 1.016
1580.000 1.056
1585.000 1.024
1590.000 0.976
1595.000 1.031
1600.000 1.058
1605.000 1.006
1610.000 0.993
1615.000 1.054
1620.000 1.051
1625.000 1.012
1630.000 1.011
1635.000 1.010
1640.000 1.015
1645.000 1.024
1650.000 0.992
1655.000 1.016
1660.000 0.996
1665.000 1.025
1670.000 0.998
1675.000 0.981
1680.000 1.043
1685.000 1.000
1690.000 0.986
1695.000 0.978
1700.000 0.996
1705.000 1.018
1710.000 1.009
1715.000 0.984
1720.000 0.973
1725.000 1.025
1730.000 1.045
1735.000 1.020
1740.000 1.104
1745.000 1.088
1750.000 1.046
1755.000 1.109
1760.000 1.253
1765.000 1.213
1770.000 1.188
1775.000 1.169
1780.000 1.197
1785.000 1.183
1790.000 1.178
1795.000 1.271
1800.000 1.245
1805.000 1.259
1810.000 1.305
1815.000 1.324
1820.000 1.295
1825.000 1.363
1830.000 1.427
1835.000 1.397
1840.000 1.407
1845.000 1.468
1850.000 1.529
1855.000 1.497
1860.000 1.546
1865.000 1.578
1870.000 1.544
1875.000 1.590
1880.000 1.596
1885.000 1.621
1890.000 1.608
1895.000 1.611
1900.000 1.621
1905.000 1.648
1910.000 1.682
1915.000 1.751
1920.000 1.687
1925.000 1.640
1930.000 1.654
1935.000 1.686
1940.000 1.669
1945.000 1.763
1950.000 1.688
1955.000 1.714
1960.000 1.701
1965.000 1.666
1970.000 1.776
1975.000 1.669
1980.000 1.661
1985.000 1.675
1990.000 1.653
1995.000 1.646
2000.000 1.729
2005.000 1.690
2010.000 1.705
2015.000 1.680
2020.000 1.625
2025.000 1.697
2030.000 1.800
2035.000 1.711
2040.000 1.612
2045.000 1.655
2050.000 1.647
2055.000 1.565
2060.000 1.629
2065.000 1.625
2070.000 1.606
2075.000 1.546
2080.000 1.595
2085.000 1.551
2090.000 1.619
2095.000 1.584
2100.000 1.583
2105.000 1.629
2110.000 1.585
2115.000 1.573
2120.000 1.574
2125.000 1.497
2130.000 1.561
2135.000 1.539
2140.000 1.496
2145.000 1.491
2150.000 1.486
2155.000 1.499
2160.000 1.537
2165.000 1.550
2170.000 1.515
2175.000 1.488
2180.000 1.520
2185.000 1.479
2190.000 1.467
2195.000 1.478
2200.000 1.451
2205.000 1.475
2210.000 1.494
2215.000 1.444
2220.000 1.452
2225.000 1.448
2230.000 1.437
2235.000 1.423
2240.000 1.393
2245.000 1.353
2250.000 1.293
2255.000 1.284
2260.000 1.203
2265.000 1.137
2270.000 1.065
2275.000 0.944
2280.000 0.532
2285.000 0.283
2290.000 0.795
2295.000 8.777
2300.000 17.832
2305.000 28.844
2310.000 39.503
2315.000 30.980
2320.000 7.257
2325.000 6.150
2330.000 2.360
2335.000 1.797
2340.000 1.560
2345.000 1.302
2350.000 1.256
2355.000 1.183
2360.000 1.154
2365.000 1.148
2370.000 1.157
2375.000 1.056
2380.000 1.081
2385.000 1.068
2390.000 1.029
2395.000 1.033
2400.000 1.008
2405.000 0.981
2410.000 1.012
2415.000 0.951
2420.000 0.971
2425.000 0.971
2430.000 0.968
2435.000 0.940
2440.000 0.961
2445.000 0.933
2450.000 0.933
2455.000 0.925
2460.000 0.936
2465.000 0.932
2470.000 0.948
2475.000 0.941
2480.000 0.960
2485.000 0.949
2490.000 0.927
2495.000 0.925
2500.000 0.940
2505.000 0.934
2510.000 0.959
2515.000 0.933
2520.000 0.941
2525.000 0.949
2530.000 0.925
2535.000 0.944
2540.000 0.929
2545.000 0.935
2550.000 0.945
2555.000 0.960
2560.000 0.936
2565.000 0.941
2570.000 0.944
2575.000 0.954
2580.000 0.964
2585.000 0.957
2590.000 0.969
2595.000 0.967
2600.000 0.951
2605.000 0.958
2610.000 0.949
2615.000 0.958
2620.000 0.952
2625.000 0.948
2630.000 0.938
2635.000 0.943
2640.000 0.952
2645.000 0.967
2650.000 0.971
2655.000 0.966
2660.000 1.002
2665.000 0.985
2670.000 0.952
2675.000 0.980
2680.000 0.982
2685.000 0.999
2690.000 0.982
2695.000 0.994
2700.000 1.033
2705.000 1.000
2710.000 1.022
2715.000 1.037
2720.000 1.043
2725.000 1.028
2730.000 1.037
2735.000 1.030
2740.000 1.050
2745.000 1.088
2750.000 1.080
2755.000 1.091
2760.000 1.102
2765.000 1.119
2770.000 1.130
2775.000 1.177
2780.000 1.198
2785.000 1.206
2790.000 1.208
2795.000 1.229
2800.000 1.251
2805.000 1.265
2810.000 1.268
2815.000 1.299
2820.000 1.330
2825.000 1.357
2830.000 1.356
2835.000 1.399
2840.000 1.410
2845.000 1.423
2850.000 1.438
2855.000 1.452
2860.000 1.508
2865.000 1.506
2870.000 1.549
2875.000 1.552
2880.000 1.598
2885.000 1.582
2890.000 1.612
2895.000 1.613
2900.000 1.644
2905.000 1.699
2910.000 1.719
2915.000 1.786
2920.000 1.773
2925.000 1.794
2930.000 1.788
2935.000 1.808
2940.000 1.850
2945.000 1.810
2950.000 1.865
2955.000 1.904
2960.000 1.906
2965.000 1.917
2970.000 1.965
2975.000 1.966
2980.000 1.953
2985.000 1.944
2990.000 1.949
2995.000 2.071
3000.000 2.075
3005.000 2.018
3010.000 2.058
3015.000 2.078
3020.000 2.153
3025.000 2.076
3030.000 2.129
3035.000 2.071
3040.000 2.122
3045.000 2.162
3050.000 2.131
3055.000 2.115
3060.000 2.163
3065.000 2.124
3070.000 2.114
3075.000 2.114
3080.000 2.093
3085.000 2.117
3090.000 2.193
3095.000 2.153
3100.000 2.147
3105.000 2.164
3110.000 2.132
3115.000 2.172
3120.000 2.184
3125.000 2.153
3130.000 2.221
3135.000 2.195
3140.000 2.261
3145.000 2.234
3150.000 2.230
3155.000 2.280
3160.000 2.268
3165.000 2.313
3170.000 2.281
3175.000 2.351
3180.000 2.385
3185.000 2.382
3190.000 2.388
3195.000 2.373
3200.000 2.375
3205.000 2.389
3210.000 2.379
3215.000 2.430
3220.000 2.452
3225.000 2.426
3230.000 2.489
3235.000 2.498
3240.000 2.490
3245.000 2.523
3250.000 2.497
3255.000 2.517
3260.000 2.565
3265.000 2.547
3270.000 2.541
3275.000 2.591
3280.000 2.548
3285.000 2.549
3290.000 2.567
3295.000 2.590
3300.000 2.649
3305.000 2.646
3310.000 2.686
3315.000 2.652
3320.000 2.655
3325.000 2.692
3330.000 2.747
3335.000 2.732
3340.000 2.737
3345.000 2.751
3350.000 2.807
3355.000 2.780
3360.000 2.792
3365.000 2.807
3370.000 2.797
3375.000 2.866
3380.000 2.921
3385.000 2.929
3390.000 2.978
3395.000 2.979
3400.000 2.956
3405.000 2.989
3410.000 2.988
3415.000 3.012
3420.000 3.069
3425.000 3.112
3430.000 3.122
3435.000 3.103
3440.000 3.122
3445.000 3.193
3450.000 3.247
3455.000 3.248
3460.000 3.277
3465.000 3.338
3470.000 3.349
3475.000 3.400
3480.000 3.473
3485.000 3.503
3490.000 3.564
3495.000 3.607
3500.000 3.676
3505.000 3.685
3510.000 3.701
3515.000 3.815
3520.000 3.868
3525.000 3.921
3530.000 3.977
3535.000 4.168
3540.000 4.172
3545.000 4.284
3550.000 4.360
3555.000 4.516
3560.000 4.576
3565.000 4.706
3570.000 4.901
3575.000 5.001
3580.000 5.108
3585.000 5.253
3590.000 5.555
3595.000 5.722
3600.000 5.864
3605.000 5.992
3610.000 6.442
3615.000 6.720
3620.000 6.993
3625.000 7.689
3630.000 8.131
3635.000 8.632
3640.000 9.174
3645.000 10.751
3650.000 11.805
3655.000 13.117
3660.000 16.861
3665.000 19.445
3670.000 22.638
3675.000 26.401
3680.000 37.654
3685.000 47.087
3690.000 57.678
3695.000 69.802
3700.000 64.812
3705.000 47.999
3710.000 33.716
3715.000 20.040
3720.000 16.510
3725.000 13.887
3730.000 11.820
3735.000 8.957
3740.000 7.918
3745.000 7.019
3750.000 5.648
3755.000 5.140
3760.000 4.644
3765.000 4.253
3770.000 3.588
3775.000 3.320
3780.000 3.065
3785.000 2.648
3790.000 2.494
3795.000 2.354
3800.000 2.205
3805.000 1.969
3810.000 1.845
3815.000 1.728
3820.000 1.556
3825.000 1.490
3830.000 1.397
3835.000 1.330
3840.000 1.188
3845.000 1.152
3850.000 1.098
3855.000 1.054
3860.000 0.950
3865.000 0.914
3870.000 0.872
3875.000 0.803
3880.000 0.759
3885.000 0.738
3890.000 0.685
3895.000 0.639
3900.000 0.610
3905.000 0.572
3910.000 0.533
3915.000 0.508
3920.000 0.483
3925.000 0.475
3930.000 0.433
3935.000 0.407
3940.000 0.403
3945.000 0.395
3950.000 0.341
3955.000 0.319
3960.000 0.294
3965.000 0.297
3970.000 0.284
3975.000 0.283
3980.000 0.274
3985.000 0.280
3990.000 0.236
3995.000 0.239
4000.000 0.283
4005.000 0.230
4010.000 0.268
4015.000 0.220
4020.000 0.250
4025.000 0.239
4030.000 0.316
4035.000 0.329
4040.000 0.324
4045.000 0.338
4050.000 0.327
4055.000 0.333
4060.000 0.351
4065.000 0.330
4070.000 0.361
4075.000 0.341
4080.000 0.372
4085.000 0.362
4090.000 0.354
4095.000 0.342
4100.000 0.376
4105.000 0.407
4110.000 0.398
4115.000 0.427
4120.000 0.338
4125.000 0.311
4130.000 0.380
4135.000 0.486
4140.000 0.286
4145.000 0.333
4150.000 0.236
4155.000 0.310
4160.000 0.260
4165.000 0.479
4170.000 0.501
4175.000 0.388
4180.000 0.576
4185.000 0.638
4190.000 0.645
4195.000 0.558
4200.000 0.532
4205.000 0.404
4210.000 0.631
4215.000 0.235
4220.000 0.243
4225.000 0.365
4230.000 0.586
4235.000 0.452
4240.000 0.464
4245.000 0.607
4250.000 0.581
4255.000 0.599
4260.000 0.558
4265.000 0.488
4270.000 0.493
4275.000 0.545
4280.000 0.569
4285.000 0.567
4290.000 0.527
4295.000 0.551
4300.000 0.529
4305.000 0.548
4310.000 0.545
4315.000 0.532
4320.000 0.541
4325.000 0.537
4330.000 0.491
4335.000 0.489
4340.000 0.467
4345.000 0.483
4350.000 0.484
4355.000 0.479
4360.000 0.493
4365.000 0.473
4370.000 0.493
4375.000 0.474
4380.000 0.473
4385.000 0.479
4390.000 0.491
4395.000 0.478
4400.000 0.491
4405.000 0.474
4410.000 0.478
4415.000 0.480
4420.000 0.475
4425.000 0.477
4430.000 0.462
4435.000 0.473
4440.000 0.481
4445.000 0.495
4450.000 0.479
4455.000 0.483
4460.000 0.491
4465.000 0.486
4470.000 0.485
4475.000 0.488
4480.000 0.492
4485.000 0.498
4490.000 0.490
4495.000 0.493
4500.000 0.483
4505.000 0.496
4510.000 0.504
4515.000 0.503
4520.000 0.489
4525.000 0.485
4530.000 0.478
4535.000 0.497
4540.000 0.488
4545.000 0.498
4550.000 0.487
4555.000 0.486
4560.000 0.490
4565.000 0.485
4570.000 0.495
4575.000 0.495
4580.000 0.485
4585.000 0.489
4590.000 0.491
4595.000 0.499
4600.000 0.498
4605.000 0.484
4610.000 0.495
4615.000 0.489
4620.000 0.494
4625.000 0.489
4630.000 0.478
4635.000 0.475
4640.000 0.494
4645.000 0.495
4650.000 0.475
4655.000 0.481
4660.000 0.477
4665.000 0.475
4670.000 0.474
4675.000 0.469
4680.000 0.474
4685.000 0.481
4690.000 0.470
4695.000 0.469
4700.000 0.472
4705.000 0.475
4710.000 0.452
4715.000 0.457
4720.000 0.441
4725.000 0.442
4730.000 0.425
4735.000 0.440
4740.000 0.429
4745.000 0.435
4750.000 0.437
4755.000 0.428
4760.000 0.418
4765.000 0.425
4770.000 0.419
4775.000 0.390
4780.000 0.411
4785.000 0.386
4790.000 0.385
4795.000 0.369
4800.000 0.372
4805.000 0.366
4810.000 0.365
4815.000 0.352
4820.000 0.350
4825.000 0.343
4830.000 0.318
4835.000 0.311
4840.000 0.291
4845.000 0.275
4850.000 0.250
4855.000 0.242
4860.000 0.224
4865.000 0.199
4870.000 0.196
4875.000 0.169
4880.000 0.148
4885.000 0.140
4890.000 0.133
4895.000 0.146
4900.000 0.191
4905.000 0.239
4910.000 0.277
4915.000 0.420
4920.000 0.519
4925.000 0.641
4930.000 0.793
4935.000 1.265
4940.000 1.678
4945.000 2.378
4950.000 3.971
4955.000 15.302
4960.000 23.997
4965.000 28.999
4970.000 11.607
4975.000 20.472
4980.000 13.568
4985.000 4.927
4990.000 8.304
4995.000 3.607
5000.000 4.923
5005.000 3.169
5010.000 3.058
5015.000 2.875
5020.000 2.545
5025.000 2.145
5030.000 1.903
5035.000 1.828
5040.000 1.691
5045.000 1.524
5050.000 1.471
5055.000 1.394
5060.000 1.327
5065.000 1.259
5070.000 1.236
5075.000 1.191
5080.000 1.115
5085.000 1.117
5090.000 1.092
5095.000 1.041
5100.000 1.024
5105.000 1.011
5110.000 0.974
5115.000 0.959
5120.000 0.942
5125.000 0.940
5130.000 0.922
5135.000 0.887
5140.000 0.887
5145.000 0.862
5150.000 0.846
5155.000 0.844
5160.000 0.843
5165.000 0.832
5170.000 0.805
5175.000 0.801
5180.000 0.796
5185.000 0.772
5190.000 0.769
5195.000 0.758
5200.000 0.742
5205.000 0.730
5210.000 0.722
5215.000 0.700
5220.000 0.707
5225.000 0.684
5230.000 0.691
5235.000 0.677
5240.000 0.660
5245.000 0.649
5250.000 0.647
5255.000 0.633
5260.000 0.613
5265.000 0.603
5270.000 0.589
5275.000 0.590
5280.000 0.578
5285.000 0.581
5290.000 0.555
5295.000 0.560
5300.000 0.532
5305.000 0.535
5310.000 0.530
5315.000 0.513
5320.000 0.500
5325.000 0.496
5330.000 0.496
5335.000 0.500
5340.000 0.492
5345.000 0.474
5350.000 0.473
5355.000 0.455
5360.000 0.445
5365.000 0.440
5370.000 0.431
5375.000 0.433
5380.000 0.427
5385.000 0.424
5390.000 0.424
5395.000 0.417
5400.000 0.406
5405.000 0.417
5410.000 0.400
5415.000 0.395
5420.000 0.400
5425.000 0.402
5430.000 0.405
5435.000 0.393
5440.000 0.401
5445.000 0.390
5450.000 0.387
5455.000 0.398
5460.000 0.391
5465.000 0.402
5470.000 0.412
5475.000 0.404
5480.000 0.410
5485.000 0.411
5490.000 0.413
5495.000 0.419
5500.000 0.417
5505.000 0.417
5510.000 0.433
5515.000 0.424
5520.000 0.429
5525.000 0.428
5530.000 0.436
5535.000 0.443
5540.000 0.434
5545.000 0.456
5550.000 0.448
5555.000 0.453
5560.000 0.449
5565.000 0.464
5570.000 0.464
5575.000 0.470
5580.000 0.486
5585.000 0.490
5590.000 0.490
5595.000 0.496
5600.000 0.501
5605.000 0.500
5610.000 0.510
5615.000 0.518
5620.000 0.544
5625.000 0.540
5630.000 0.553
5635.000 0.545
5640.000 0.547
5645.000 0.554
5650.000 0.553
5655.000 0.582
5660.000 0.587
5665.000 0.584
5670.000 0.594
5675.000 0.593
5680.000 0.621
5685.000 0.617
5690.000 0.634
5695.000 0.639
5700.000 0.649
5705.000 0.666
5710.000 0.669
5715.000 0.674
5720.000 0.685
5725.000 0.700
5730.000 0.726
5735.000 0.720
5740.000 0.744
5745.000 0.763
5750.000 0.761
5755.000 0.784
5760.000 0.809
5765.000 0.821
5770.000 0.831
5775.000 0.848
5780.000 0.873
5785.000 0.890
5790.000 0.906
5795.000 0.932
5800.000 0.961
5805.000 0.955
5810.000 0.974
5815.000 1.020
5820.000 1.037
5825.000 1.067
5830.000 1.070
5835.000 1.128
5840.000 1.147
5845.000 1.176
5850.000 1.233
5855.000 1.250
5860.000 1.293
5865.000 1.320
5870.000 1.385
5875.000 1.429
5880.000 1.451
5885.000 1.533
5890.000 1.542
5895.000 1.559
5900.000 1.592
5905.000 1.640
5910.000 1.685
5915.000 1.704
5920.000 1.738
5925.000 1.787
5930.000 1.829
5935.000 1.872
5940.000 1.928
5945.000 1.960
5950.000 1.988
5955.000 2.034
5960.000 2.109
5965.000 2.149
5970.000 2.183
5975.000 2.270
5980.000 2.356
5985.000 2.389
5990.000 2.427
5995.000 2.512
6000.000 2.543
6005.000 2.606
6010.000 2.692
6015.000 2.763
6020.000 2.790
6025.000 2.832
6030.000 2.975
6035.000 3.045
6040.000 3.124
6045.000 3.137
6050.000 3.317
6055.000 3.361
6060.000 3.437
6065.000 3.633
6070.000 3.722
6075.000 3.815
6080.000 3.912
6085.000 4.111
6090.000 4.240
6095.000 4.386
6100.000 4.631
6105.000 4.766
6110.000 4.933
6115.000 5.107
6120.000 5.508
6125.000 5.722
6130.000 5.951
6135.000 6.523
6140.000 6.833
6145.000 7.265
6150.000 7.660
6155.000 8.733
6160.000 9.423
6165.000 10.213
6170.000 11.154
6175.000 13.595
6180.000 15.233
6185.000 17.325
6190.000 19.814
6195.000 26.537
6200.000 30.786
6205.000 35.729
6210.000 44.575
6215.000 47.377
6220.000 47.509
6225.000 41.624
6230.000 20.028
6235.000 17.656
6240.000 14.776
6245.000 13.185
6250.000 13.067
6255.000 13.063
6260.000 13.020
6265.000 12.698
6270.000 12.373
6275.000 11.993
6280.000 11.133
6285.000 10.717
6290.000 10.383
6295.000 10.068
6300.000 9.491
6305.000 9.215
6310.000 8.955
6315.000 8.701
6320.000 8.175
6325.000 7.906
6330.000 7.692
6335.000 7.242
6340.000 7.074
6345.000 6.897
6350.000 6.731
6355.000 6.398
6360.000 6.274
6365.000 6.141
6370.000 5.853
6375.000 5.730
6380.000 5.564
6385.000 5.457
6390.000 5.240
6395.000 5.110
6400.000 5.016
6405.000 4.797
6410.000 4.673
6415.000 4.557
6420.000 4.449
6425.000 4.263
6430.000 4.152
6435.000 4.079
6440.000 3.997
6445.000 3.826
6450.000 3.776
6455.000 3.711
6460.000 3.584
6465.000 3.539
6470.000 3.464
6475.000 3.424
6480.000 3.343
6485.000 3.303
6490.000 3.258
6495.000 3.182
6500.000 3.136
6505.000 3.103
6510.000 3.069
6515.000 2.950
6520.000 2.915
6525.000 2.868
6530.000 2.796
6535.000 2.710
6540.000 2.954
6545.000 4.421
6550.000 26.283
6555.000 37.553
6560.000 42.308
6565.000 37.177
6570.000 11.106
6575.000 9.072
6580.000 6.277
6585.000 3.919
6590.000 3.330
6595.000 3.261
6600.000 2.943
6605.000 2.775
6610.000 2.742
6615.000 2.659
6620.000 2.587
6625.000 2.454
6630.000 2.413
6635.000 2.367
6640.000 2.286
6645.000 2.257
6650.000 2.223
6655.000 2.192
6660.000 2.138
6665.000 2.108
6670.000 2.100
6675.000 2.056
6680.000 2.037
6685.000 2.027
6690.000 2.022
6695.000 1.999
6700.000 2.003
6705.000 2.000
6710.000 1.978
6715.000 1.968
6720.000 1.960
6725.000 1.965
6730.000 1.954
6735.000 1.949
6740.000 1.951
6745.000 1.939
6750.000 1.928
6755.000 1.921
6760.000 1.932
6765.000 1.911
6770.000 1.905
6775.000 1.910
6780.000 1.915
6785.000 1.886
6790.000 1.890
6795.000 1.890
6800.000 1.875
6805.000 1.884
6810.000 1.874
6815.000 1.871
6820.000 1.869
6825.000 1.858
6830.000 1.850
6835.000 1.835
6840.000 1.853
6845.000 1.850
6850.000 1.843
6855.000 1.830
6860.000 1.841
6865.000 1.825
6870.000 1.822
6875.000 1.828
6880.000 1.818
6885.000 1.802
6890.000 1.824
6895.000 1.819
6900.000 1.813
6905.000 1.811
6910.000 1.809
6915.000 1.807
6920.000 1.801
6925.000 1.812
6930.000 1.815
6935.000 1.807
6940.000 1.795
6945.000 1.799
6950.000 1.803
6955.000 1.804
6960.000 1.789
6965.000 1.785
6970.000 1.792
6975.000 1.779
6980.000 1.786
6985.000 1.778
6990.000 1.792
6995.000 1.786
7000.000 1.792
7005.000 1.804
7010.000 1.792
7015.000 1.788
7020.000 1.787
7025.000 1.796
7030.000 1.801
7035.000 1.805
7040.000 1.787
7045.000 1.782
7050.000 1.804
7055.000 1.790
7060.000 1.802
7065.000 1.789
7070.000 1.798
7075.000 1.809
7080.000 1.793
7085.000 1.805
7090.000 1.801
7095.000 1.814
7100.000 1.816
7105.000 1.823
7110.000 1.819
7115.000 1.813
7120.000 1.808
7125.000 1.835
7130.000 1.850
7135.000 1.845
7140.000 1.843
7145.000 1.846
7150.000 1.846
7155.000 1.854
7160.000 1.861
7165.000 1.870
7170.000 1.853
7175.000 1.869
7180.000 1.876
7185.000 1.886
7190.000 1.893
7195.000 1.904
7200.000 1.922
7205.000 1.933
7210.000 1.939
7215.000 1.959
7220.000 1.961
7225.000 1.966
7230.000 1.973
7235.000 1.998
7240.000 1.997
7245.000 2.016
7250.000 2.033
7255.000 2.060
7260.000 2.074
7265.000 2.085
7270.000 2.110
7275.000 2.113
7280.000 2.149
7285.000 2.149
7290.000 2.206
7295.000 2.216
7300.000 2.253
7305.000 2.295
7310.000 2.293
7315.000 2.337
7320.000 2.345
7325.000 2.413
7330.000 2.440
7335.000 2.486
7340.000 2.532
7345.000 2.601
7350.000 2.664
7355.000 2.719
7360.000 2.834
7365.000 2.938
7370.000 3.011
7375.000 3.162
7380.000 3.200
7385.000 3.273
7390.000 3.387
7395.000 3.665
7400.000 3.888
7405.000 4.126
7410.000 4.443
7415.000 5.211
7420.000 5.499
7425.000 5.501
7430.000 4.284
7435.000 3.672
7440.000 3.689
7445.000 4.218
7450.000 5.055
7455.000 5.810
7460.000 6.704
7465.000 3.872
7470.000 2.566
7475.000 2.040
7480.000 1.732
7485.000 1.470
7490.000 1.385
7495.000 1.329
7500.000 1.290
7505.000 1.290
7510.000 1.277
7515.000 1.249
7520.000 1.259
7525.000 1.256
7530.000 1.270
7535.000 1.271
7540.000 1.315
7545.000 1.302
7550.000 1.342
7555.000 1.372
7560.000 1.371
7565.000 1.398
7570.000 1.405
7575.000 1.436
7580.000 1.443
7585.000 1.458
7590.000 1.503
7595.000 1.523
7600.000 1.543
7605.000 1.554
7610.000 1.569
7615.000 1.566
7620.000 1.584
7625.000 1.588
7630.000 1.599
7635.000 1.603
7640.000 1.606
7645.000 1.624
7650.000 1.636
7655.000 1.639
7660.000 1.642
7665.000 1.680
7670.000 1.674
7675.000 1.665
7680.000 1.684
7685.000 1.719
7690.000 1.690
7695.000 1.704
7700.000 1.716
7705.000 1.757
7710.000 1.767
7715.000 1.760
7720.000 1.792
7725.000 1.816
7730.000 1.810
7735.000 1.837
7740.000 1.828
7745.000 1.832
7750.000 1.846
7755.000 1.891
7760.000 1.906
7765.000 1.913
7770.000 1.925
7775.000 1.934
7780.000 1.938
7785.000 1.965
7790.000 1.985
7795.000 1.998
7800.000 2.009
7805.000 2.028
7810.000 2.028
7815.000 2.036
7820.000 2.035
7825.000 2.084
7830.000 2.074
7835.000 2.086
7840.000 2.114
7845.000 2.148
7850.000 2.155
7855.000 2.186
7860.000 2.197
7865.000 2.229
7870.000 2.239
7875.000 2.259
7880.000 2.295
7885.000 2.319
7890.000 2.361
7895.000 2.406
7900.000 2.415
7905.000 2.461
7910.000 2.488
7915.000 2.555
7920.000 2.596
7925.000 2.649
7930.000 2.675
7935.000 2.785
7940.000 2.836
7945.000 2.906
7950.000 3.049
7955.000 3.150
7960.000 3.227
7965.000 3.320
7970.000 3.565
7975.000 3.706
7980.000 3.907
7985.000 4.388
7990.000 4.756
7995.000 5.196
8000.000 5.678
8005.000 7.740
8010.000 9.444
8015.000 11.651
8020.000 14.757
8025.000 23.682
8030.000 28.952
8035.000 34.591
8040.000 43.668
8045.000 42.678
8050.000 17.935
8055.000 13.866
8060.000 7.223
8065.000 5.657
8070.000 4.554
8075.000 3.221
8080.000 2.862
8085.000 2.511
8090.000 2.279
8095.000 1.873
8100.000 1.734
8105.000 1.609
8110.000 1.495
8115.000 1.359
8120.000 1.289
8125.000 1.251
8130.000 1.172
8135.000 1.149
8140.000 1.120
8145.000 1.088
8150.000 1.068
8155.000 1.041
8160.000 1.052
8165.000 1.032
8170.000 1.031
8175.000 1.030
8180.000 1.010
8185.000 1.022
8190.000 1.026
8195.000 1.026
8200.000 1.035
8205.000 1.031
8210.000 1.042
8215.000 1.031
8220.000 1.044
8225.000 1.053
8230.000 1.058
8235.000 1.067
8240.000 1.081
8245.000 1.070
8250.000 1.092
8255.000 1.110
8260.000 1.107
8265.000 1.103
8270.000 1.129
8275.000 1.133
8280.000 1.149
8285.000 1.139
8290.000 1.164
8295.000 1.181
8300.000 1.190
8305.000 1.201
8310.000 1.207
8315.000 1.225
8320.000 1.236
8325.000 1.258
8330.000 1.262
8335.000 1.273
8340.000 1.280
8345.000 1.323
8350.000 1.332
8355.000 1.341
8360.000 1.372
8365.000 1.376
8370.000 1.395
8375.000 1.410
8380.000 1.435
8385.000 1.446
8390.000 1.460
8395.000 1.476
8400.000 1.512
8405.000 1.529
8410.000 1.540
8415.000 1.560
8420.000 1.606
8425.000 1.627
8430.000 1.650
8435.000 1.684
8440.000 1.686
8445.000 1.703
8450.000 1.729
8455.000 1.756
8460.000 1.743
8465.000 1.750
8470.000 1.732
8475.000 1.703
8480.000 1.655
8485.000 1.608
8490.000 1.422
8495.000 1.375
8500.000 1.512
8505.000 2.211
8510.000 14.221
8515.000 25.567
8520.000 34.933
8525.000 18.731
8530.000 18.121
8535.000 13.651
8540.000 17.842
8545.000 15.733
8550.000 16.220
8555.000 16.756
8560.000 18.533
8565.000 19.618
8570.000 21.111
8575.000 22.423
8580.000 25.410
8585.000 27.209
8590.000 29.226
8595.000 34.303
8600.000 37.106
8605.000 39.883
8610.000 42.210
8615.000 43.752
8620.000 42.061
8625.000 37.000
8630.000 30.341
8635.000 19.044
8640.000 14.943
8645.000 12.203
8650.000 12.013
8655.000 13.743
8660.000 15.340
8665.000 16.320
8670.000 15.263
8675.000 13.669
8680.000 12.322
8685.000 10.184
8690.000 9.330
8695.000 8.621
8700.000 8.009
8705.000 7.074
8710.000 6.703
8715.000 6.391
8720.000 5.908
8725.000 5.704
8730.000 5.534
8735.000 5.381
8740.000 5.046
8745.000 4.901
8750.000 4.735
8755.000 4.571
8760.000 4.305
8765.000 4.162
8770.000 4.037
8775.000 3.930
8780.000 3.724
8785.000 3.631
8790.000 3.536
8795.000 3.384
8800.000 3.325
8805.000 3.268
8810.000 3.190
8815.000 3.080
8820.000 3.030
8825.000 3.004
8830.000 2.903
8835.000 2.868
8840.000 2.843
8845.000 2.796
8850.000 2.738
8855.000 2.700
8860.000 2.669
8865.000 2.611
8870.000 2.576
8875.000 2.556
8880.000 2.528
8885.000 2.487
8890.000 2.461
8895.000 2.455
8900.000 2.417
8905.000 2.383
8910.000 2.364
8915.000 2.340
8920.000 2.316
8925.000 2.296
8930.000 2.282
8935.000 2.264
8940.000 2.216
8945.000 2.216
8950.000 2.198
8955.000 2.173
8960.000 2.177
8965.000 2.150
8970.000 2.144
8975.000 2.109
8980.000 2.111
8985.000 2.114
8990.000 2.085
8995.000 2.059
9000.000 2.061
9005.000 2.047
9010.000 2.033
9015.000 2.028
9020.000 2.009
9025.000 2.022
9030.000 1.996
9035.000 1.990
9040.000 1.982
9045.000 1.981
9050.000 1.967
9055.000 1.961
9060.000 1.970
9065.000 1.957
9070.000 1.960
9075.000 1.958
9080.000 1.945
9085.000 1.927
9090.000 1.917
9095.000 1.920
9100.000 1.916
9105.000 1.903
9110.000 1.890
9115.000 1.889
9120.000 1.883
9125.000 1.876
9130.000 1.893
9135.000 1.884
9140.000 1.865
9145.000 1.873
9150.000 1.875
9155.000 1.870
9160.000 1.874
9165.000 1.874
9170.000 1.868
9175.000 1.859
9180.000 1.864
9185.000 1.852
9190.000 1.855
9195.000 1.853
9200.000 1.870
9205.000 1.867
9210.000 1.861
9215.000 1.865
9220.000 1.853
9225.000 1.857
9230.000 1.871
9235.000 1.858
9240.000 1.872
9245.000 1.853
9250.000 1.876
9255.000 1.867
9260.000 1.861
9265.000 1.871
9270.000 1.873
9275.000 1.869
9280.000 1.877
9285.000 1.886
9290.000 1.889
9295.000 1.883
9300.000 1.892
9305.000 1.906
9310.000 1.905
9315.000 1.912
9320.000 1.923
9325.000 1.921
9330.000 1.943
9335.000 1.955
9340.000 1.964
9345.000 1.987
9350.000 2.003
9355.000 2.019
9360.000 2.031
9365.000 2.048
9370.000 2.088
9375.000 2.113
9380.000 2.123
9385.000 2.186
9390.000 2.219
9395.000 2.274
9400.000 2.324
9405.000 2.484
9410.000 2.576
9415.000 2.682
9420.000 3.051
9425.000 3.333
9430.000 3.761
9435.000 4.491
9440.000 7.899
9445.000 11.246
9450.000 14.988
9455.000 17.590
9460.000 11.766
9465.000 6.635
9470.000 7.309
9475.000 2.429
9480.000 3.386
9485.000 2.379
9490.000 2.313
9495.000 2.219
9500.000 2.145
9505.000 2.110
9510.000 2.046
9515.000 1.958
9520.000 1.940
9525.000 1.919
9530.000 1.880
9535.000 1.865
9540.000 1.859
9545.000 1.865
9550.000 1.871
9555.000 1.894
9560.000 1.898
9565.000 1.927
9570.000 1.952
9575.000 1.972
9580.000 1.975
9585.000 2.013
9590.000 2.037
9595.000 2.053
9600.000 2.059
9605.000 2.108
9610.000 2.132
9615.000 2.149
9620.000 2.197
9625.000 2.224
9630.000 2.227
9635.000 2.237
9640.000 2.277
9645.000 2.319
9650.000 2.319
9655.000 2.386
9660.000 2.402
9665.000 2.422
9670.000 2.460
9675.000 2.504
9680.000 2.569
9685.000 2.601
9690.000 2.718
9695.000 2.767
9700.000 2.836
9705.000 2.905
9710.000 3.062
9715.000 3.135
9720.000 3.223
9725.000 3.317
9730.000 3.538
9735.000 3.675
9740.000 3.867
9745.000 4.355
9750.000 4.672
9755.000 5.063
9760.000 5.566
9765.000 7.063
9770.000 8.065
9775.000 9.214
9780.000 11.576
9785.000 12.236
9790.000 12.128
9795.000 11.104
9800.000 8.000
9805.000 6.661
9810.000 5.630
9815.000 4.203
9820.000 3.729
9825.000 3.326
9830.000 3.016
9835.000 2.694
9840.000 2.725
9845.000 3.009
9850.000 3.522
9855.000 4.284
9860.000 3.975
9865.000 3.427
9870.000 2.978
9875.000 2.468
9880.000 2.317
9885.000 2.196
9890.000 2.053
9895.000 2.023
9900.000 1.969
9905.000 1.929
9910.000 1.882
9915.000 1.885
9920.000 1.863
9925.000 1.846
9930.000 1.834
9935.000 1.826
9940.000 1.847
9945.000 1.818
9950.000 1.823
9955.000 1.813
9960.000 1.822
9965.000 1.816
9970.000 1.813
9975.000 1.824
9980.000 1.849
9985.000 1.829
9990.000 1.834
9995.000 1.828
10000.000 1.847
