105.000 0.051
110.000 0.101
115.000 0.344
120.000 0.715
125.000 0.742
130.000 0.810
135.000 0.740
140.000 0.928
145.000 0.804
150.000 0.769
155.000 0.888
160.000 0.546
165.000 0.712
170.000 0.623
175.000 0.618
185.000 0.498
190.000 0.428
195.000 0.396
200.000 0.319
205.000 0.440
210.000 0.443
215.000 0.447
220.000 0.301
225.000 0.298
230.000 0.258
235.000 0.208
240.000 0.191
245.000 0.136
250.000 0.161
255.000 0.143
260.000 0.173
265.000 0.220
270.000 0.111
275.000 0.096
280.000 0.262
285.000 0.125
290.000 0.223
295.000 0.330
300.000 0.548
305.000 0.478
310.000 0.465
315.000 0.439
320.000 0.700
325.000 0.929
330.000 0.833
335.000 1.203
340.000 1.007
345.000 1.337
350.000 1.503
355.000 1.870
360.000 1.895
365.000 2.146
370.000 2.587
375.000 2.861
380.000 3.237
385.000 3.609
390.000 3.902
395.000 4.461
400.000 4.646
405.000 5.580
410.000 5.634
415.000 5.998
420.000 6.383
425.000 6.456
430.000 6.923
435.000 6.733
440.000 6.786
445.000 6.841
450.000 6.738
455.000 6.285
460.000 6.180
465.000 5.863
470.000 5.654
475.000 5.461
480.000 5.111
485.000 4.747
490.000 4.691
495.000 4.576
500.000 4.079
505.000 4.017
510.000 3.768
515.000 3.224
520.000 3.171
525.000 2.984
530.000 2.602
535.000 2.521
540.000 2.368
545.000 2.226
550.000 2.161
555.000 2.025
560.000 1.923
565.000 1.962
570.000 1.857
575.000 1.787
580.000 1.791
585.000 1.830
590.000 1.796
595.000 1.847
600.000 1.695
605.000 1.774
610.000 1.753
615.000 1.756
620.000 1.748
625.000 1.621
630.000 1.649
635.000 1.640
640.000 1.663
645.000 1.656
650.000 1.586
655.000 1.600
660.000 1.558
665.000 1.655
670.000 1.502
675.000 1.572
680.000 1.522
685.000 1.547
690.000 1.481
695.000 1.504
700.000 1.564
705.000 1.454
710.000 1.480
715.000 1.514
720.000 1.457
725.000 1.531
730.000 1.427
735.000 1.442
740.000 1.468
745.000 1.473
750.000 1.583
755.000 1.500
760.000 1.507
765.000 1.463
770.000 1.434
775.000 1.438
780.000 1.450
785.000 1.394
790.000 1.457
795.000 1.539
800.000 1.438
805.000 1.398
810.000 1.378
815.000 1.384
820.000 1.486
825.000 1.399
830.000 1.366
835.000 1.390
840.000 1.409
845.000 1.369
850.000 1.342
855.000 1.329
860.000 1.317
865.000 1.400
870.000 1.329
875.000 1.404
880.000 1.340
885.000 1.413
890.000 1.424
895.000 1.388
900.000 1.321
905.000 1.308
910.000 1.368
915.000 1.337
920.000 1.316
925.000 1.267
930.000 1.351
935.000 1.383
940.000 1.308
945.000 1.348
950.000 1.306
955.000 1.214
960.000 1.262
965.000 1.287
970.000 1.283
975.000 1.241
980.000 1.299
985.000 1.188
990.000 1.350
995.000 1.362
1000.000 1.231
1005.000 1.182
1010.000 1.225
1015.000 1.296
1020.000 1.163
1025.000 1.334
1030.000 1.258
1035.000 1.250
1040.000 1.324
1045.000 1.336
1050.000 1.335
1055.000 1.308
1060.000 1.195
1065.000 1.285
1070.000 1.209
1075.000 1.280
1080.000 1.321
1085.000 1.306
1090.000 1.265
1095.000 1.198
1100.000 1.166
1105.000 1.252
1110.000 1.284
1115.000 1.235
1120.000 1.201
1125.000 1.221
1130.000 1.180
1135.000 1.229
1140.000 1.113
1145.000 1.223
1150.000 1.152
1155.000 1.277
1160.000 1.174
1165.000 1.113
1170.000 1.179
1175.000 1.149
1180.000 1.155
1185.000 1.186
1190.000 1.117
1195.000 1.157
1200.000 1.155
1205.000 1.132
1210.000 1.150
1215.000 1.118
1220.000 1.165
1225.000 1.180
1230.000 1.133
1235.000 1.205
1240.000 1.135
1245.000 1.120
1250.000 1.164
1255.000 1.123
1260.000 1.160
1265.000 1.130
1270.000 1.124
1275.000 1.111
1280.000 1.122
1285.000 1.166
1290.000 1.071
1295.000 1.110
1300.000 1.104
1305.000 1.112
1310.000 1.096
1315.000 1.120
1320.000 1.075
1325.000 1.079
1330.000 1.104
1335.000 1.081
1340.000 1.066
1345.000 1.019
1350.000 1.057
1355.000 1.119
1360.000 1.048
1365.000 1.155
1370.000 1.076
1375.000 1.036
1380.000 1.063
1385.000 1.075
1390.000 1.054
1395.000 1.081
1400.000 1.078
1405.000 1.111
1410.000 1.110
1415.000 1.050
1420.000 1.027
1425.000 1.051
1430.000 1.012
1435.000 1.090
1440.000 1.063
1445.000 1.055
1450.000 1.040
1455.000 0.997
1460.000 1.051
1465.000 1.036
1470.000 1.005
1475.000 1.000
1480.000 1.001
1485.000 0.971
1490.000 0.990
1495.000 0.935
1500.000 0.910
1505.000 0.877
1510.000 0.885
1515.000 0.881
1520.000 0.914
1525.000 0.856
1530.000 0.879
1535.000 0.812
1540.000 0.866
1545.000 0.835
1550.000 0.840
1555.000 0.817
1560.000 0.827
1565.000 0.859
1570.000 0.821
1575.000 0.868
1580.000 0.818
1585.000 0.805
1590.000 0.845
1595.000 0.806
1600.000 0.846
1605.000 0.806
1610.000 0.800
1615.000 0.826
1620.000 0.855
1625.000 0.821
1630.000 0.817
1635.000 0.816
1640.000 0.816
1645.000 0.895
1650.000 0.867
1655.000 0.860
1660.000 0.927
1665.000 0.916
1670.000 0.919
1675.000 0.877
1680.000 0.888
1685.000 1.027
1690.000 0.976
1695.000 0.999
1700.000 1.033
1705.000 1.047
1710.000 1.074
1715.000 1.084
1720.000 1.130
1725.000 1.193
1730.000 1.203
1735.000 1.338
1740.000 1.382
1745.000 1.413
1750.000 1.414
1755.000 1.470
1760.000 1.459
1765.000 1.536
1770.000 1.688
1775.000 1.738
1780.000 1.834
1785.000 1.895
1790.000 1.932
1795.000 1.992
1800.000 2.019
1805.000 2.064
1810.000 2.267
1815.000 2.274
1820.000 2.285
1825.000 2.381
1830.000 2.457
1835.000 2.508
1840.000 2.569
1845.000 2.655
1850.000 2.732
1855.000 2.734
1860.000 2.811
1865.000 2.857
1870.000 2.951
1875.000 3.026
1880.000 3.096
1885.000 3.115
1890.000 3.147
1895.000 3.167
1900.000 3.210
1905.000 3.244
1910.000 3.239
1915.000 3.294
1920.000 3.263
1925.000 3.288
1930.000 3.368
1935.000 3.449
1940.000 3.457
1945.000 3.376
1950.000 3.390
1955.000 3.428
1960.000 3.473
1965.000 3.441
1970.000 3.458
1975.000 3.468
1980.000 3.481
1985.000 3.460
1990.000 3.469
1995.000 3.449
2000.000 3.516
2005.000 3.467
2010.000 3.583
2015.000 3.561
2020.000 3.524
2025.000 3.607
2030.000 3.493
2035.000 3.566
2040.000 3.574
2045.000 3.634
2050.000 3.596
2055.000 3.577
2060.000 3.554
2065.000 3.586
2070.000 3.583
2075.000 3.613
2080.000 3.614
2085.000 3.683
2090.000 3.675
2095.000 3.692
2100.000 3.747
2105.000 3.792
2110.000 3.812
2115.000 3.820
2120.000 3.838
2125.000 3.834
2130.000 3.867
2135.000 3.884
2140.000 3.932
2145.000 3.967
2150.000 4.010
2155.000 4.091
2160.000 4.076
2165.000 4.285
2170.000 4.305
2175.000 4.338
2180.000 4.380
2185.000 4.529
2190.000 4.529
2195.000 4.624
2200.000 4.848
2205.000 4.920
2210.000 5.004
2215.000 5.130
2220.000 5.415
2225.000 5.524
2230.000 5.738
2235.000 5.969
2240.000 6.358
2245.000 6.660
2250.000 6.988
2255.000 7.997
2260.000 8.605
2265.000 9.438
2270.000 10.465
2275.000 13.702
2280.000 16.407
2285.000 19.787
2290.000 30.083
2295.000 36.777
2300.000 43.713
2305.000 49.474
2310.000 51.570
2315.000 43.476
2320.000 40.621
2325.000 18.446
2330.000 13.150
2335.000 10.775
2340.000 8.714
2345.000 6.288
2350.000 5.430
2355.000 4.742
2360.000 4.138
2365.000 3.292
2370.000 2.939
2375.000 2.610
2380.000 2.370
2385.000 2.011
2390.000 1.865
2395.000 1.753
2400.000 1.552
2405.000 1.446
2410.000 1.357
2415.000 1.287
2420.000 1.179
2425.000 1.180
2430.000 1.089
2435.000 1.037
2440.000 1.039
2445.000 1.021
2450.000 0.959
2455.000 0.969
2460.000 0.941
2465.000 0.965
2470.000 0.941
2475.000 0.956
2480.000 0.939
2485.000 0.941
2490.000 0.971
2495.000 0.966
2500.000 0.978
2505.000 0.981
2510.000 1.000
2515.000 1.008
2520.000 1.021
2525.000 1.032
2530.000 1.026
2535.000 1.069
2540.000 1.046
2545.000 1.032
2550.000 1.055
2555.000 1.083
2560.000 1.094
2565.000 1.107
2570.000 1.111
2575.000 1.120
2580.000 1.134
2585.000 1.152
2590.000 1.164
2595.000 1.173
2600.000 1.204
2605.000 1.197
2610.000 1.238
2615.000 1.217
2620.000 1.230
2625.000 1.228
2630.000 1.243
2635.000 1.275
2640.000 1.260
2645.000 1.284
2650.000 1.312
2655.000 1.299
2660.000 1.318
2665.000 1.339
2670.000 1.345
2675.000 1.369
2680.000 1.383
2685.000 1.408
2690.000 1.374
2695.000 1.400
2700.000 1.440
2705.000 1.453
2710.000 1.452
2715.000 1.475
2720.000 1.476
2725.000 1.490
2730.000 1.511
2735.000 1.499
2740.000 1.519
2745.000 1.561
2750.000 1.579
2755.000 1.550
2760.000 1.584
2765.000 1.597
2770.000 1.614
2775.000 1.601
2780.000 1.603
2785.000 1.609
2790.000 1.641
2795.000 1.639
2800.000 1.663
2805.000 1.662
2810.000 1.678
2815.000 1.694
2820.000 1.714
2825.000 1.762
2830.000 1.726
2835.000 1.720
2840.000 1.707
2845.000 1.717
2850.000 1.717
2855.000 1.709
2860.000 1.696
2865.000 1.720
2870.000 1.726
2875.000 1.680
2880.000 1.716
2885.000 1.712
2890.000 1.714
2895.000 1.680
2900.000 1.688
2905.000 1.679
2910.000 1.656
2915.000 1.658
2920.000 1.638
2925.000 1.656
2930.000 1.608
2935.000 1.627
2940.000 1.573
2945.000 1.605
2950.000 1.552
2955.000 1.553
2960.000 1.519
2965.000 1.502
2970.000 1.554
2975.000 1.488
2980.000 1.523
2985.000 1.425
2990.000 1.424
2995.000 1.382
3000.000 1.432
3005.000 1.382
3010.000 1.350
3015.000 1.302
3020.000 1.316
3025.000 1.301
3030.000 1.322
3035.000 1.292
3040.000 1.282
3045.000 1.288
3050.000 1.278
3055.000 1.268
3060.000 1.249
3065.000 1.195
3070.000 1.202
3075.000 1.198
3080.000 1.164
3085.000 1.112
3090.000 1.149
3095.000 1.138
3100.000 1.112
3105.000 1.100
3110.000 1.102
3115.000 1.083
3120.000 1.058
3125.000 1.045
3130.000 1.053
3135.000 1.007
3140.000 0.992
3145.000 1.004
3150.000 1.007
3155.000 0.974
3160.000 0.982
3165.000 0.977
3170.000 0.985
3175.000 0.973
3180.000 0.983
3185.000 0.987
3190.000 0.981
3195.000 0.986
3200.000 0.981
3205.000 0.987
3210.000 1.003
3215.000 1.025
3220.000 1.025
3225.000 1.029
3230.000 1.039
3235.000 1.029
3240.000 1.063
3245.000 1.043
3250.000 1.074
3255.000 1.095
3260.000 1.091
3265.000 1.102
3270.000 1.101
3275.000 1.120
3280.000 1.127
3285.000 1.150
3290.000 1.157
3295.000 1.179
3300.000 1.191
3305.000 1.212
3310.000 1.203
3315.000 1.233
3320.000 1.249
3325.000 1.254
3330.000 1.266
3335.000 1.284
3340.000 1.316
3345.000 1.309
3350.000 1.342
3355.000 1.344
3360.000 1.368
3365.000 1.389
3370.000 1.428
3375.000 1.441
3380.000 1.456
3385.000 1.478
3390.000 1.515
3395.000 1.540
3400.000 1.573
3405.000 1.591
3410.000 1.615
3415.000 1.637
3420.000 1.711
3425.000 1.763
3430.000 1.764
3435.000 1.805
3440.000 1.867
3445.000 1.901
3450.000 1.955
3455.000 1.982
3460.000 2.069
3465.000 2.118
3470.000 2.155
3475.000 2.211
3480.000 2.354
3485.000 2.386
3490.000 2.422
3495.000 2.585
3500.000 2.649
3505.000 2.748
3510.000 2.791
3515.000 2.963
3520.000 3.007
3525.000 3.129
3530.000 3.386
3535.000 3.494
3540.000 3.617
3545.000 3.746
3550.000 4.086
3555.000 4.277
3560.000 4.441
3565.000 4.735
3570.000 4.866
3575.000 5.044
3580.000 5.297
3585.000 5.780
3590.000 6.035
3595.000 6.318
3600.000 6.685
3605.000 7.473
3610.000 7.960
3615.000 8.474
3620.000 9.798
3625.000 10.590
3630.000 11.592
3635.000 12.743
3640.000 15.680
3645.000 17.621
3650.000 19.885
3655.000 25.893
3660.000 29.516
3665.000 33.618
3670.000 38.318
3675.000 47.680
3680.000 52.449
3685.000 57.685
3690.000 66.035
3695.000 67.229
3700.000 67.521
3705.000 67.992
3710.000 47.124
3715.000 39.117
3720.000 32.769
3725.000 28.383
3730.000 21.106
3735.000 18.687
3740.000 16.528
3745.000 13.991
3750.000 12.321
3755.000 11.500
3760.000 11.111
3765.000 9.655
3770.000 8.765
3775.000 8.624
3780.000 7.801
3785.000 6.991
3790.000 6.816
3795.000 6.595
3800.000 5.895
3805.000 5.974
3810.000 5.613
3815.000 5.070
3820.000 5.052
3825.000 4.799
3830.000 4.638
3835.000 4.567
3840.000 4.343
3845.000 4.322
3850.000 4.119
3855.000 3.962
3860.000 3.864
3865.000 3.759
3870.000 3.705
3875.000 3.562
3880.000 3.500
3885.000 3.457
3890.000 3.346
3895.000 3.298
3900.000 3.242
3905.000 3.197
3910.000 3.109
3915.000 3.052
3920.000 3.025
3925.000 2.955
3930.000 2.904
3935.000 2.898
3940.000 2.837
3945.000 2.769
3950.000 2.764
3955.000 2.708
3960.000 2.670
3965.000 2.660
3970.000 2.632
3975.000 2.614
3980.000 2.554
3985.000 2.520
3990.000 2.523
3995.000 2.498
4000.000 2.434
4005.000 2.446
4010.000 2.390
4015.000 2.422
4020.000 2.388
4025.000 2.379
4030.000 2.357
4035.000 2.283
4040.000 2.322
4045.000 2.286
4050.000 2.274
4055.000 2.272
4060.000 2.249
4065.000 2.216
4070.000 2.216
4075.000 2.210
4080.000 2.185
4085.000 2.160
4090.000 2.157
4095.000 2.145
4100.000 2.156
4105.000 2.125
4110.000 2.124
4115.000 2.103
4120.000 2.092
4125.000 2.081
4130.000 2.091
4135.000 2.072
4140.000 2.063
4145.000 2.051
4150.000 2.038
4155.000 2.025
4160.000 2.016
4165.000 2.026
4170.000 1.989
4175.000 1.982
4180.000 1.962
4185.000 1.952
4190.000 1.944
4195.000 1.916
4200.000 1.919
4205.000 1.907
4210.000 1.897
4215.000 1.873
4220.000 1.868
4225.000 1.855
4230.000 1.843
4235.000 1.825
4240.000 1.810
4245.000 1.802
4250.000 1.795
4255.000 1.775
4260.000 1.750
4265.000 1.760
4270.000 1.738
4275.000 1.731
4280.000 1.725
4285.000 1.701
4290.000 1.715
4295.000 1.705
4300.000 1.700
4305.000 1.686
4310.000 1.696
4315.000 1.703
4320.000 1.697
4325.000 1.704
4330.000 1.715
4335.000 1.731
4340.000 1.707
4345.000 1.717
4350.000 1.711
4355.000 1.723
4360.000 1.720
4365.000 1.726
4370.000 1.751
4375.000 1.749
4380.000 1.769
4385.000 1.749
4390.000 1.752
4395.000 1.764
4400.000 1.744
4405.000 1.780
4410.000 1.761
4415.000 1.772
4420.000 1.756
4425.000 1.750
4430.000 1.769
4435.000 1.775
4440.000 1.783
4445.000 1.789
4450.000 1.801
4455.000 1.804
4460.000 1.801
4465.000 1.812
4470.000 1.813
4475.000 1.829
4480.000 1.806
4485.000 1.829
4490.000 1.832
4495.000 1.825
4500.000 1.833
4505.000 1.849
4510.000 1.847
4515.000 1.853
4520.000 1.856
4525.000 1.854
4530.000 1.873
4535.000 1.872
4540.000 1.882
4545.000 1.889
4550.000 1.892
4555.000 1.900
4560.000 1.914
4565.000 1.923
4570.000 1.930
4575.000 1.937
4580.000 1.956
4585.000 1.947
4590.000 1.980
4595.000 1.988
4600.000 1.990
4605.000 2.008
4610.000 2.033
4615.000 2.020
4620.000 2.053
4625.000 2.071
4630.000 2.082
4635.000 2.098
4640.000 2.082
4645.000 2.134
4650.000 2.126
4655.000 2.140
4660.000 2.184
4665.000 2.199
4670.000 2.230
4675.000 2.227
4680.000 2.259
4685.000 2.290
4690.000 2.304
4695.000 2.323
4700.000 2.374
4705.000 2.404
4710.000 2.448
4715.000 2.480
4720.000 2.497
4725.000 2.521
4730.000 2.568
4735.000 2.637
4740.000 2.688
4745.000 2.719
4750.000 2.808
4755.000 2.861
4760.000 2.896
4765.000 2.931
4770.000 3.039
4775.000 3.099
4780.000 3.161
4785.000 3.306
4790.000 3.370
4795.000 3.464
4800.000 3.535
4805.000 3.714
4810.000 3.790
4815.000 3.857
4820.000 3.893
4825.000 4.054
4830.000 4.128
4835.000 4.215
4840.000 4.381
4845.000 4.525
4850.000 4.605
4855.000 4.725
4860.000 5.003
4865.000 5.151
4870.000 5.330
4875.000 5.648
4880.000 5.820
4885.000 5.996
4890.000 6.215
4895.000 6.746
4900.000 7.020
4905.000 7.397
4910.000 8.240
4915.000 8.815
4920.000 9.439
4925.000 10.236
4930.000 12.183
4935.000 13.410
4940.000 15.060
4945.000 16.782
4950.000 20.516
4955.000 22.333
4960.000 24.645
4965.000 34.118
4970.000 62.023
4975.000 61.796
4980.000 61.514
4985.000 63.219
4990.000 52.139
4995.000 36.086
5000.000 30.931
5005.000 21.736
5010.000 17.217
5015.000 15.359
5020.000 11.734
5025.000 10.556
5030.000 9.591
5035.000 8.746
5040.000 7.307
5045.000 6.777
5050.000 6.246
5055.000 5.419
5060.000 5.117
5065.000 4.779
5070.000 4.516
5075.000 4.040
5080.000 3.840
5085.000 3.663
5090.000 3.492
5095.000 3.233
5100.000 3.105
5105.000 2.987
5110.000 2.773
5115.000 2.689
5120.000 2.616
5125.000 2.533
5130.000 2.407
5135.000 2.354
5140.000 2.276
5145.000 2.187
5150.000 2.136
5155.000 2.085
5160.000 2.038
5165.000 1.986
5170.000 1.938
5175.000 1.913
5180.000 1.851
5185.000 1.815
5190.000 1.802
5195.000 1.764
5200.000 1.725
5205.000 1.689
5210.000 1.666
5215.000 1.640
5220.000 1.613
5225.000 1.610
5230.000 1.568
5235.000 1.552
5240.000 1.534
5245.000 1.514
5250.000 1.494
5255.000 1.469
5260.000 1.450
5265.000 1.447
5270.000 1.409
5275.000 1.397
5280.000 1.385
5285.000 1.376
5290.000 1.356
5295.000 1.349
5300.000 1.332
5305.000 1.328
5310.000 1.316
5315.000 1.297
5320.000 1.293
5325.000 1.270
5330.000 1.274
5335.000 1.262
5340.000 1.238
5345.000 1.235
5350.000 1.232
5355.000 1.208
5360.000 1.204
5365.000 1.199
5370.000 1.173
5375.000 1.191
5380.000 1.164
5385.000 1.167
5390.000 1.151
5395.000 1.153
5400.000 1.136
5405.000 1.138
5410.000 1.123
5415.000 1.115
5420.000 1.116
5425.000 1.106
5430.000 1.099
5435.000 1.096
5440.000 1.089
5445.000 1.097
5450.000 1.073
5455.000 1.062
5460.000 1.069
5465.000 1.053
5470.000 1.063
5475.000 1.048
5480.000 1.061
5485.000 1.051
5490.000 1.035
5495.000 1.036
5500.000 1.047
5505.000 1.028
5510.000 1.033
5515.000 1.030
5520.000 1.025
5525.000 1.022
5530.000 1.017
5535.000 1.018
5540.000 1.013
5545.000 1.020
5550.000 1.014
5555.000 1.018
5560.000 1.024
5565.000 1.024
5570.000 1.022
5575.000 1.011
5580.000 1.013
5585.000 1.015
5590.000 1.013
5595.000 1.015
5600.000 1.020
5605.000 1.013
5610.000 1.031
5615.000 1.034
5620.000 1.028
5625.000 1.045
5630.000 1.015
5635.000 1.021
5640.000 1.063
5645.000 1.029
5650.000 1.049
5655.000 1.041
5660.000 1.046
5665.000 1.055
5670.000 1.059
5675.000 1.066
5680.000 1.068
5685.000 1.074
5690.000 1.078
5695.000 1.082
5700.000 1.082
5705.000 1.085
5710.000 1.090
5715.000 1.099
5720.000 1.110
5725.000 1.120
5730.000 1.132
5735.000 1.131
5740.000 1.148
5745.000 1.147
5750.000 1.149
5755.000 1.166
5760.000 1.184
5765.000 1.173
5770.000 1.172
5775.000 1.201
5780.000 1.211
5785.000 1.224
5790.000 1.222
5795.000 1.252
5800.000 1.246
5805.000 1.269
5810.000 1.282
5815.000 1.302
5820.000 1.320
5825.000 1.323
5830.000 1.343
5835.000 1.349
5840.000 1.378
5845.000 1.398
5850.000 1.420
5855.000 1.427
5860.000 1.447
5865.000 1.479
5870.000 1.497
5875.000 1.515
5880.000 1.550
5885.000 1.555
5890.000 1.581
5895.000 1.605
5900.000 1.648
5905.000 1.662
5910.000 1.700
5915.000 1.709
5920.000 1.762
5925.000 1.793
5930.000 1.822
5935.000 1.874
5940.000 1.915
5945.000 1.939
5950.000 1.966
5955.000 2.041
5960.000 2.089
5965.000 2.137
5970.000 2.173
5975.000 2.247
5980.000 2.289
5985.000 2.330
5990.000 2.434
5995.000 2.494
6000.000 2.552
6005.000 2.647
6010.000 2.733
6015.000 2.796
6020.000 2.881
6025.000 3.039
6030.000 3.152
6035.000 3.272
6040.000 3.358
6045.000 3.614
6050.000 3.727
6055.000 3.870
6060.000 3.992
6065.000 4.385
6070.000 4.565
6075.000 4.774
6080.000 5.035
6085.000 5.210
6090.000 5.360
6095.000 5.521
6100.000 5.869
6105.000 6.086
6110.000 6.334
6115.000 6.926
6120.000 7.208
6125.000 7.509
6130.000 7.855
6135.000 8.708
6140.000 9.202
6145.000 9.767
6150.000 11.188
6155.000 12.110
6160.000 13.176
6165.000 14.361
6170.000 17.560
6175.000 19.587
6180.000 22.102
6185.000 25.013
6190.000 32.616
6195.000 37.041
6200.000 41.382
6205.000 50.040
6210.000 54.260
6215.000 58.091
6220.000 60.915
6225.000 61.579
6230.000 57.272
6235.000 46.757
6240.000 25.599
6245.000 23.793
6250.000 20.397
6255.000 18.192
6260.000 15.407
6265.000 14.582
6270.000 13.897
6275.000 12.821
6280.000 12.317
6285.000 11.864
6290.000 11.379
6295.000 10.569
6300.000 10.264
6305.000 10.078
6310.000 9.869
6315.000 9.339
6320.000 9.091
6325.000 8.842
6330.000 8.398
6335.000 8.144
6340.000 7.857
6345.000 7.581
6350.000 7.096
6355.000 6.858
6360.000 6.663
6365.000 6.321
6370.000 6.163
6375.000 6.020
6380.000 5.897
6385.000 5.689
6390.000 5.620
6395.000 5.557
6400.000 5.366
6405.000 5.291
6410.000 5.228
6415.000 5.166
6420.000 5.103
6425.000 5.049
6430.000 5.038
6435.000 5.000
6440.000 4.988
6445.000 4.996
6450.000 4.989
6455.000 5.019
6460.000 5.078
6465.000 5.112
6470.000 5.163
6475.000 5.313
6480.000 5.415
6485.000 5.526
6490.000 5.681
6495.000 6.047
6500.000 6.328
6505.000 6.608
6510.000 7.544
6515.000 8.196
6520.000 9.016
6525.000 9.964
6530.000 13.220
6535.000 16.051
6540.000 20.323
6545.000 35.409
6550.000 44.349
6555.000 52.165
6560.000 57.774
6565.000 38.017
6570.000 11.666
6575.000 18.054
6580.000 10.023
6585.000 3.177
6590.000 2.760
6595.000 2.654
6600.000 1.723
6605.000 1.572
6610.000 1.358
6615.000 1.163
6620.000 1.034
6625.000 0.996
6630.000 1.001
6635.000 0.978
6640.000 1.003
6645.000 0.997
6650.000 1.013
6655.000 1.059
6660.000 1.071
6665.000 1.089
6670.000 1.099
6675.000 1.141
6680.000 1.149
6685.000 1.150
6690.000 1.180
6695.000 1.177
6700.000 1.204
6705.000 1.218
6710.000 1.221
6715.000 1.229
6720.000 1.241
6725.000 1.252
6730.000 1.269
6735.000 1.275
6740.000 1.274
6745.000 1.291
6750.000 1.295
6755.000 1.295
6760.000 1.317
6765.000 1.323
6770.000 1.327
6775.000 1.320
6780.000 1.333
6785.000 1.334
6790.000 1.349
6795.000 1.354
6800.000 1.354
6805.000 1.371
6810.000 1.367
6815.000 1.377
6820.000 1.375
6825.000 1.371
6830.000 1.385
6835.000 1.394
6840.000 1.386
6845.000 1.393
6850.000 1.394
6855.000 1.407
6860.000 1.407
6865.000 1.415
6870.000 1.421
6875.000 1.434
6880.000 1.421
6885.000 1.417
6890.000 1.433
6895.000 1.443
6900.000 1.432
6905.000 1.453
6910.000 1.453
6915.000 1.461
6920.000 1.454
6925.000 1.459
6930.000 1.453
6935.000 1.474
6940.000 1.479
6945.000 1.496
6950.000 1.477
6955.000 1.473
6960.000 1.491
6965.000 1.506
6970.000 1.506
6975.000 1.520
6980.000 1.516
6985.000 1.534
6990.000 1.536
6995.000 1.529
7000.000 1.529
7005.000 1.553
7010.000 1.570
7015.000 1.567
7020.000 1.559
7025.000 1.555
7030.000 1.565
7035.000 1.595
7040.000 1.602
7045.000 1.588
7050.000 1.594
7055.000 1.620
7060.000 1.638
7065.000 1.650
7070.000 1.662
7075.000 1.647
7080.000 1.652
7085.000 1.682
7090.000 1.688
7095.000 1.709
7100.000 1.713
7105.000 1.738
7110.000 1.725
7115.000 1.741
7120.000 1.771
7125.000 1.774
7130.000 1.798
7135.000 1.800
7140.000 1.827
7145.000 1.845
7150.000 1.851
7155.000 1.885
7160.000 1.908
7165.000 1.912
7170.000 1.936
7175.000 1.965
7180.000 1.977
7185.000 2.000
7190.000 2.030
7195.000 2.082
7200.000 2.089
7205.000 2.127
7210.000 2.185
7215.000 2.218
7220.000 2.251
7225.000 2.279
7230.000 2.345
7235.000 2.368
7240.000 2.413
7245.000 2.499
7250.000 2.551
7255.000 2.596
7260.000 2.651
7265.000 2.776
7270.000 2.828
7275.000 2.895
7280.000 2.986
7285.000 3.173
7290.000 3.283
7295.000 3.383
7300.000 3.649
7305.000 3.770
7310.000 3.950
7315.000 4.154
7320.000 4.522
7325.000 4.709
7330.000 4.929
7335.000 5.451
7340.000 5.756
7345.000 6.022
7350.000 6.343
7355.000 7.081
7360.000 7.396
7365.000 7.968
7370.000 9.288
7375.000 10.121
7380.000 11.147
7385.000 12.386
7390.000 15.681
7395.000 17.887
7400.000 20.489
7405.000 23.616
7410.000 31.279
7415.000 35.680
7420.000 39.921
7425.000 46.872
7430.000 49.010
7435.000 49.018
7440.000 45.821
7445.000 30.201
7450.000 25.486
7455.000 21.840
7460.000 12.896
7465.000 10.932
7470.000 10.358
7475.000 9.411
7480.000 8.025
7485.000 7.473
7490.000 6.957
7495.000 6.116
7500.000 5.749
7505.000 5.423
7510.000 5.125
7515.000 4.611
7520.000 4.401
7525.000 4.170
7530.000 4.002
7535.000 3.665
7540.000 3.507
7545.000 3.387
7550.000 3.276
7555.000 3.053
7560.000 2.970
7565.000 2.899
7570.000 2.734
7575.000 2.670
7580.000 2.604
7585.000 2.547
7590.000 2.449
7595.000 2.416
7600.000 2.362
7605.000 2.295
7610.000 2.262
7615.000 2.222
7620.000 2.193
7625.000 2.121
7630.000 2.094
7635.000 2.072
7640.000 2.030
7645.000 2.028
7650.000 2.002
7655.000 1.986
7660.000 1.933
7665.000 1.918
7670.000 1.931
7675.000 1.919
7680.000 1.884
7685.000 1.865
7690.000 1.868
7695.000 1.838
7700.000 1.840
7705.000 1.836
7710.000 1.806
7715.000 1.824
7720.000 1.810
7725.000 1.804
7730.000 1.791
7735.000 1.787
7740.000 1.774
7745.000 1.782
7750.000 1.781
7755.000 1.778
7760.000 1.781
7765.000 1.773
7770.000 1.781
7775.000 1.789
7780.000 1.778
7785.000 1.789
7790.000 1.791
7795.000 1.797
7800.000 1.822
7805.000 1.830
7810.000 1.837
7815.000 1.839
7820.000 1.854
7825.000 1.859
7830.000 1.885
7835.000 1.869
7840.000 1.909
7845.000 1.916
7850.000 1.939
7855.000 1.967
7860.000 1.997
7865.000 2.023
7870.000 2.029
7875.000 2.115
7880.000 2.142
7885.000 2.158
7890.000 2.212
7895.000 2.254
7900.000 2.284
7905.000 2.326
7910.000 2.412
7915.000 2.475
7920.000 2.525
7925.000 2.597
7930.000 2.720
7935.000 2.832
7940.000 2.936
7945.000 3.047
7950.000 3.334
7955.000 3.492
7960.000 3.675
7965.000 4.194
7970.000 4.505
7975.000 4.827
7980.000 5.198
7985.000 6.079
7990.000 6.617
7995.000 7.333
8000.000 9.373
8005.000 10.881
8010.000 12.920
8015.000 15.589
8020.000 23.295
8025.000 28.365
8030.000 34.727
8035.000 49.446
8040.000 54.621
8045.000 54.665
8050.000 37.490
8055.000 34.340
8060.000 11.584
8065.000 11.944
8070.000 9.578
8075.000 7.128
8080.000 6.377
8085.000 5.557
8090.000 4.403
8095.000 3.931
8100.000 3.574
8105.000 3.296
8110.000 2.791
8115.000 2.596
8120.000 2.432
8125.000 2.150
8130.000 2.029
8135.000 1.938
8140.000 1.823
8145.000 1.693
8150.000 1.612
8155.000 1.560
8160.000 1.461
8165.000 1.409
8170.000 1.378
8175.000 1.337
8180.000 1.284
8185.000 1.246
8190.000 1.236
8195.000 1.206
8200.000 1.166
8205.000 1.155
8210.000 1.134
8215.000 1.104
8220.000 1.097
8225.000 1.074
8230.000 1.074
8235.000 1.047
8240.000 1.040
8245.000 1.037
8250.000 1.019
8255.000 1.009
8260.000 1.001
8265.000 1.009
8270.000 0.992
8275.000 0.993
8280.000 0.986
8285.000 0.983
8290.000 0.984
8295.000 0.982
8300.000 0.989
8305.000 0.978
8310.000 0.989
8315.000 0.978
8320.000 0.988
8325.000 0.987
8330.000 0.994
8335.000 0.989
8340.000 0.997
8345.000 0.992
8350.000 1.005
8355.000 1.013
8360.000 1.030
8365.000 1.014
8370.000 1.032
8375.000 1.042
8380.000 1.051
8385.000 1.068
8390.000 1.076
8395.000 1.079
8400.000 1.092
8405.000 1.110
8410.000 1.127
8415.000 1.143
8420.000 1.165
8425.000 1.198
8430.000 1.232
8435.000 1.258
8440.000 1.269
8445.000 1.308
8450.000 1.388
8455.000 1.417
8460.000 1.471
8465.000 1.528
8470.000 1.653
8475.000 1.751
8480.000 1.850
8485.000 2.138
8490.000 2.332
8495.000 2.604
8500.000 2.971
8505.000 4.429
8510.000 6.232
8515.000 10.129
8520.000 25.968
8525.000 32.683
8530.000 34.212
8535.000 21.484
8540.000 8.606
8545.000 5.973
8550.000 2.640
8555.000 1.902
8560.000 2.090
8565.000 1.947
8570.000 1.712
8575.000 1.844
8580.000 1.935
8585.000 2.076
8590.000 2.478
8595.000 2.749
8600.000 3.092
8605.000 3.520
8610.000 4.971
8615.000 6.314
8620.000 7.747
8625.000 8.880
8630.000 8.235
8635.000 6.907
8640.000 5.673
8645.000 4.051
8650.000 3.634
8655.000 3.091
8660.000 2.187
8665.000 1.576
8670.000 3.005
8675.000 3.408
8680.000 2.990
8685.000 2.530
8690.000 2.393
8695.000 2.273
8700.000 2.083
8705.000 2.009
8710.000 1.939
8715.000 1.876
8720.000 1.781
8725.000 1.740
8730.000 1.691
8735.000 1.624
8740.000 1.597
8745.000 1.573
8750.000 1.537
8755.000 1.485
8760.000 1.473
8765.000 1.461
8770.000 1.433
8775.000 1.399
8780.000 1.385
8785.000 1.380
8790.000 1.345
8795.000 1.349
8800.000 1.339
8805.000 1.321
8810.000 1.300
8815.000 1.300
8820.000 1.290
8825.000 1.275
8830.000 1.268
8835.000 1.268
8840.000 1.234
8845.000 1.236
8850.000 1.236
8855.000 1.218
8860.000 1.222
8865.000 1.206
8870.000 1.200
8875.000 1.205
8880.000 1.198
8885.000 1.194
8890.000 1.192
8895.000 1.175
8900.000 1.160
8905.000 1.158
8910.000 1.172
8915.000 1.159
8920.000 1.146
8925.000 1.148
8930.000 1.137
8935.000 1.142
8940.000 1.127
8945.000 1.131
8950.000 1.118
8955.000 1.131
8960.000 1.119
8965.000 1.122
8970.000 1.122
8975.000 1.104
8980.000 1.115
8985.000 1.106
8990.000 1.103
8995.000 1.119
9000.000 1.086
9005.000 1.093
9010.000 1.100
9015.000 1.093
9020.000 1.081
9025.000 1.078
9030.000 1.097
9035.000 1.087
9040.000 1.098
9045.000 1.074
9050.000 1.081
9055.000 1.068
9060.000 1.078
9065.000 1.064
9070.000 1.069
9075.000 1.068
9080.000 1.085
9085.000 1.069
9090.000 1.066
9095.000 1.069
9100.000 1.083
9105.000 1.076
9110.000 1.059
9115.000 1.067
9120.000 1.064
9125.000 1.071
9130.000 1.075
9135.000 1.058
9140.000 1.066
9145.000 1.064
9150.000 1.066
9155.000 1.077
9160.000 1.072
9165.000 1.069
9170.000 1.073
9175.000 1.080
9180.000 1.081
9185.000 1.092
9190.000 1.081
9195.000 1.083
9200.000 1.087
9205.000 1.098
9210.000 1.098
9215.000 1.105
9220.000 1.112
9225.000 1.114
9230.000 1.120
9235.000 1.123
9240.000 1.135
9245.000 1.144
9250.000 1.160
9255.000 1.170
9260.000 1.179
9265.000 1.186
9270.000 1.204
9275.000 1.224
9280.000 1.225
9285.000 1.232
9290.000 1.248
9295.000 1.286
9300.000 1.291
9305.000 1.307
9310.000 1.356
9315.000 1.390
9320.000 1.415
9325.000 1.445
9330.000 1.531
9335.000 1.579
9340.000 1.623
9345.000 1.722
9350.000 1.806
9355.000 1.912
9360.000 1.999
9365.000 2.225
9370.000 2.352
9375.000 2.479
9380.000 2.778
9385.000 2.979
9390.000 3.203
9395.000 3.478
9400.000 4.304
9405.000 4.856
9410.000 5.526
9415.000 6.441
9420.000 8.822
9425.000 10.501
9430.000 12.529
9435.000 15.081
9440.000 21.836
9445.000 26.312
9450.000 31.967
9455.000 45.563
9460.000 50.585
9465.000 50.952
9470.000 38.480
9475.000 25.254
9480.000 12.510
9485.000 15.725
9490.000 10.355
9495.000 8.967
9500.000 8.005
9505.000 7.194
9510.000 6.073
9515.000 5.625
9520.000 5.228
9525.000 4.588
9530.000 4.340
9535.000 4.119
9540.000 3.939
9545.000 3.624
9550.000 3.475
9555.000 3.376
9560.000 3.259
9565.000 3.088
9570.000 3.005
9575.000 2.960
9580.000 2.830
9585.000 2.786
9590.000 2.746
9595.000 2.705
9600.000 2.649
9605.000 2.607
9610.000 2.597
9615.000 2.556
9620.000 2.555
9625.000 2.536
9630.000 2.539
9635.000 2.526
9640.000 2.530
9645.000 2.535
9650.000 2.541
9655.000 2.561
9660.000 2.567
9665.000 2.593
9670.000 2.633
9675.000 2.653
9680.000 2.676
9685.000 2.711
9690.000 2.797
9695.000 2.839
9700.000 2.893
9705.000 3.017
9710.000 3.086
9715.000 3.171
9720.000 3.260
9725.000 3.485
9730.000 3.618
9735.000 3.791
9740.000 4.187
9745.000 4.443
9750.000 4.770
9755.000 5.157
9760.000 6.284
9765.000 7.078
9770.000 8.223
9775.000 9.454
9780.000 12.153
9785.000 13.691
9790.000 15.089
9795.000 16.084
9800.000 15.060
9805.000 13.079
9810.000 10.813
9815.000 7.137
9820.000 5.914
9825.000 5.009
9830.000 4.311
9835.000 3.573
9840.000 3.482
9845.000 3.670
9850.000 4.827
9855.000 6.017
9860.000 7.053
9865.000 6.974
9870.000 4.984
9875.000 4.318
9880.000 3.800
9885.000 3.062
9890.000 2.783
9895.000 2.550
9900.000 2.355
9905.000 2.048
9910.000 1.914
9915.000 1.812
9920.000 1.639
9925.000 1.560
9930.000 1.497
9935.000 1.450
9940.000 1.355
9945.000 1.312
9950.000 1.266
9955.000 1.205
9960.000 1.186
9965.000 1.151
9970.000 1.138
9975.000 1.109
9980.000 1.089
9985.000 1.089
9990.000 1.052
9995.000 1.036
10000.000 1.032
