105.000 0.017
110.000 0.095
115.000 0.336
120.000 0.736
125.000 0.682
130.000 0.748
135.000 0.698
140.000 0.773
145.000 0.931
150.000 0.900
155.000 0.827
160.000 0.679
165.000 0.657
170.000 0.573
175.000 0.646
180.000 0.670
185.000 0.598
190.000 0.485
195.000 0.623
200.000 0.364
205.000 0.510
210.000 0.411
215.000 0.334
220.000 0.296
225.000 0.258
230.000 0.229
235.000 0.240
240.000 0.176
245.000 0.143
250.000 0.164
255.000 0.204
260.000 0.193
265.000 0.158
270.000 0.077
275.000 0.109
280.000 0.217
285.000 0.263
290.000 0.259
295.000 0.335
300.000 0.444
305.000 0.409
310.000 0.462
315.000 0.812
320.000 0.804
325.000 0.973
330.000 0.881
335.000 1.273
340.000 1.240
345.000 1.313
350.000 1.319
355.000 1.888
360.000 1.836
365.000 2.191
370.000 2.283
375.000 2.537
380.000 2.913
385.000 3.114
390.000 3.958
395.000 4.293
400.000 4.845
405.000 4.845
410.000 5.525
415.000 5.901
420.000 6.163
425.000 6.530
430.000 6.580
435.000 6.589
440.000 6.810
445.000 6.709
450.000 6.534
455.000 6.290
460.000 6.173
465.000 5.939
470.000 5.583
475.000 5.424
480.000 5.188
485.000 4.917
490.000 4.854
495.000 4.780
500.000 4.478
505.000 4.122
510.000 3.707
515.000 3.768
520.000 3.231
525.000 3.290
530.000 2.885
535.000 2.935
540.000 2.410
545.000 2.326
550.000 2.143
555.000 2.120
560.000 2.005
565.000 2.004
570.000 1.837
575.000 1.895
580.000 1.848
585.000 1.863
590.000 1.787
595.000 1.793
600.000 1.711
605.000 1.730
610.000 1.751
615.000 1.732
620.000 1.736
625.000 1.790
630.000 1.771
635.000 1.587
640.000 1.798
645.000 1.706
650.000 1.633
655.000 1.534
660.000 1.587
665.000 1.618
670.000 1.510
675.000 1.586
680.000 1.591
685.000 1.576
690.000 1.570
695.000 1.455
700.000 1.466
705.000 1.493
710.000 1.592
715.000 1.612
720.000 1.513
725.000 1.443
730.000 1.551
735.000 1.528
740.000 1.569
745.000 1.515
750.000 1.457
755.000 1.437
760.000 1.401
765.000 1.478
770.000 1.452
775.000 1.480
780.000 1.529
785.000 1.483
790.000 1.516
795.000 1.346
800.000 1.487
805.000 1.415
810.000 1.346
815.000 1.370
820.000 1.424
825.000 1.427
830.000 1.370
835.000 1.329
840.000 1.394
845.000 1.350
850.000 1.344
855.000 1.351
860.000 1.351
865.000 1.417
870.000 1.370
875.000 1.368
880.000 1.370
885.000 1.321
890.000 1.339
895.000 1.349
900.000 1.323
905.000 1.343
910.000 1.332
915.000 1.275
920.000 1.327
925.000 1.352
930.000 1.299
935.000 1.308
940.000 1.280
945.000 1.287
950.000 1.406
955.000 1.233
960.000 1.231
965.000 1.258
970.000 1.139
975.000 1.270
980.000 1.281
985.000 1.258
990.000 1.199
995.000 1.234
1000.000 1.271
1005.000 1.364
1010.000 1.357
1015.000 1.184
1020.000 1.247
1025.000 1.356
1030.000 1.294
1035.000 1.331
1040.000 1.194
1045.000 1.226
1050.000 1.217
1055.000 1.270
1060.000 1.372
1065.000 1.188
1070.000 1.257
1075.000 1.155
1080.000 1.157
1085.000 1.231
1090.000 1.234
1095.000 1.200
1100.000 1.236
1105.000 1.211
1110.000 1.211
1115.000 1.155
1120.000 1.247
1125.000 1.172
1130.000 1.177
1135.000 1.213
1140.000 1.188
1145.000 1.164
1150.000 1.192
1155.000 1.171
1160.000 1.191
1165.000 1.167
1170.000 1.154
1175.000 1.137
1180.000 1.155
1185.000 1.156
1190.000 1.162
1195.000 1.187
1200.000 1.134
1205.000 1.136
1210.000 1.195
1215.000 1.227
1220.000 1.222
1225.000 1.161
1230.000 1.145
1235.000 1.189
1240.000 1.110
1245.000 1.208
1250.000 1.164
1255.000 1.120
1260.000 1.159
1265.000 1.138
1270.000 1.131
1275.000 1.102
1280.000 1.097
1285.000 1.072
1290.000 1.072
1295.000 1.082
1300.000 1.177
1305.000 1.124
1310.000 1.114
1315.000 1.157
1320.000 1.118
1325.000 1.070
1330.000 1.105
1335.000 1.166
1340.000 1.103
1345.000 1.118
1350.000 1.102
1355.000 1.105
1360.000 1.052
1365.000 1.031
1370.000 1.082
1375.000 1.091
1380.000 1.061
1385.000 1.042
1390.000 1.090
1395.000 1.046
1400.000 1.038
1405.000 1.047
1410.000 1.026
1415.000 1.030
1420.000 1.064
1425.000 1.069
1430.000 1.051
1435.000 1.065
1440.000 1.031
1445.000 1.076
1450.000 0.994
1455.000 1.041
1460.000 1.051
1465.000 1.012
1470.000 1.022
1475.000 0.990
1480.000 0.968
1485.000 0.948
1490.000 0.973
1495.000 0.959
1500.000 0.909
1505.000 0.917
1510.000 0.900
1515.000 0.870
1520.000 0.862
1525.000 0.875
1530.000 0.863
1535.000 0.849
1540.000 0.800
1545.000 0.872
1550.000 0.834
1555.000 0.808
1560.000 0.835
1565.000 0.813
1570.000 0.814
1575.000 0.802
1580.000 0.782
1585.000 0.777
1590.000 0.821
1595.000 0.861
1600.000 0.823
1605.000 0.830
1610.000 0.825
1615.000 0.848
1620.000 0.811
1625.000 0.760
1630.000 0.806
1635.000 0.830
1640.000 0.834
1645.000 0.858
1650.000 0.860
1655.000 0.847
1660.000 0.933
1665.000 0.883
1670.000 0.909
1675.000 0.900
1680.000 0.937
1685.000 0.976
1690.000 1.055
1695.000 1.051
1700.000 1.089
1705.000 1.078
1710.000 1.057
1715.000 1.127
1720.000 1.172
1725.000 1.172
1730.000 1.201
1735.000 1.230
1740.000 1.309
1745.000 1.361
1750.000 1.391
1755.000 1.448
1760.000 1.525
1765.000 1.574
1770.000 1.660
1775.000 1.736
1780.000 1.774
1785.000 1.799
1790.000 1.924
1795.000 2.023
1800.000 2.022
1805.000 2.135
1810.000 2.135
1815.000 2.260
1820.000 2.262
1825.000 2.329
1830.000 2.538
1835.000 2.563
1840.000 2.601
1845.000 2.711
1850.000 2.693
1855.000 2.831
1860.000 2.796
1865.000 2.875
1870.000 2.973
1875.000 2.996
1880.000 3.125
1885.000 3.197
1890.000 3.134
1895.000 3.126
1900.000 3.257
1905.000 3.318
1910.000 3.353
1915.000 3.374
1920.000 3.370
1925.000 3.342
1930.000 3.402
1935.000 3.419
1940.000 3.382
1945.000 3.552
1950.000 3.487
1955.000 3.487
1960.000 3.510
1965.000 3.471
1970.000 3.525
1975.000 3.442
1980.000 3.535
1985.000 3.519
1990.000 3.592
1995.000 3.577
2000.000 3.607
2005.000 3.530
2010.000 3.526
2015.000 3.520
2020.000 3.523
2025.000 3.510
2030.000 3.514
2035.000 3.643
2040.000 3.590
2045.000 3.556
2050.000 3.611
2055.000 3.640
2060.000 3.677
2065.000 3.635
2070.000 3.649
2075.000 3.630
2080.000 3.620
2085.000 3.741
2090.000 3.711
2095.000 3.732
2100.000 3.742
2105.000 3.741
2110.000 3.790
2115.000 3.835
2120.000 3.808
2125.000 3.851
2130.000 3.910
2135.000 3.946
2140.000 4.042
2145.000 4.029
2150.000 4.140
2155.000 4.175
2160.000 4.210
2165.000 4.268
2170.000 4.235
2175.000 4.319
2180.000 4.369
2185.000 4.543
2190.000 4.580
2195.000 4.672
2200.000 4.794
2205.000 4.852
2210.000 5.054
2215.000 5.172
2220.000 5.458
2225.000 5.648
2230.000 5.853
2235.000 6.056
2240.000 6.282
2245.000 6.753
2250.000 7.128
2255.000 7.588
2260.000 8.142
2265.000 9.673
2270.000 10.742
2275.000 14.269
2280.000 16.992
2285.000 20.551
2290.000 25.324
2295.000 31.128
2300.000 44.878
2305.000 50.427
2310.000 54.052
2315.000 46.994
2320.000 39.317
2325.000 21.407
2330.000 18.326
2335.000 10.384
2340.000 8.698
2345.000 7.397
2350.000 6.372
2355.000 4.756
2360.000 4.251
2365.000 3.299
2370.000 2.968
2375.000 2.670
2380.000 2.453
2385.000 2.227
2390.000 1.898
2395.000 1.769
2400.000 1.554
2405.000 1.458
2410.000 1.398
2415.000 1.327
2420.000 1.188
2425.000 1.136
2430.000 1.109
2435.000 1.102
2440.000 1.037
2445.000 1.037
2450.000 1.006
2455.000 0.976
2460.000 0.982
2465.000 0.982
2470.000 0.990
2475.000 0.955
2480.000 0.986
2485.000 0.981
2490.000 0.968
2495.000 0.977
2500.000 0.997
2505.000 0.986
2510.000 1.004
2515.000 1.039
2520.000 1.015
2525.000 1.031
2530.000 1.038
2535.000 1.068
2540.000 1.047
2545.000 1.069
2550.000 1.092
2555.000 1.110
2560.000 1.137
2565.000 1.128
2570.000 1.121
2575.000 1.152
2580.000 1.164
2585.000 1.162
2590.000 1.166
2595.000 1.187
2600.000 1.192
2605.000 1.229
2610.000 1.232
2615.000 1.241
2620.000 1.245
2625.000 1.302
2630.000 1.268
2635.000 1.277
2640.000 1.322
2645.000 1.308
2650.000 1.331
2655.000 1.328
2660.000 1.367
2665.000 1.342
2670.000 1.379
2675.000 1.407
2680.000 1.414
2685.000 1.413
2690.000 1.429
2695.000 1.444
2700.000 1.470
2705.000 1.465
2710.000 1.477
2715.000 1.502
2720.000 1.521
2725.000 1.508
2730.000 1.515
2735.000 1.530
2740.000 1.560
2745.000 1.582
2750.000 1.604
2755.000 1.598
2760.000 1.621
2765.000 1.670
2770.000 1.641
2775.000 1.648
2780.000 1.648
2785.000 1.651
2790.000 1.693
2795.000 1.661
2800.000 1.712
2805.000 1.690
2810.000 1.714
2815.000 1.712
2820.000 1.749
2825.000 1.731
2830.000 1.753
2835.000 1.767
2840.000 1.748
2845.000 1.761
2850.000 1.763
2855.000 1.749
2860.000 1.786
2865.000 1.791
2870.000 1.768
2875.000 1.772
2880.000 1.790
2885.000 1.753
2890.000 1.727
2895.000 1.754
2900.000 1.751
2905.000 1.737
2910.000 1.720
2915.000 1.721
2920.000 1.718
2925.000 1.685
2930.000 1.667
2935.000 1.705
2940.000 1.668
2945.000 1.638
2950.000 1.627
2955.000 1.630
2960.000 1.612
2965.000 1.636
2970.000 1.578
2975.000 1.533
2980.000 1.495
2985.000 1.512
2990.000 1.524
2995.000 1.538
3000.000 1.413
3005.000 1.494
3010.000 1.414
3015.000 1.451
3020.000 1.455
3025.000 1.447
3030.000 1.334
3035.000 1.390
3040.000 1.353
3045.000 1.376
3050.000 1.348
3055.000 1.292
3060.000 1.295
3065.000 1.259
3070.000 1.205
3075.000 1.296
3080.000 1.192
3085.000 1.212
3090.000 1.217
3095.000 1.215
3100.000 1.204
3105.000 1.210
3110.000 1.167
3115.000 1.171
3120.000 1.155
3125.000 1.183
3130.000 1.159
3135.000 1.151
3140.000 1.153
3145.000 1.149
3150.000 1.154
3155.000 1.155
3160.000 1.114
3165.000 1.122
3170.000 1.125
3175.000 1.116
3180.000 1.122
3185.000 1.139
3190.000 1.126
3195.000 1.148
3200.000 1.139
3205.000 1.153
3210.000 1.156
3215.000 1.188
3220.000 1.164
3225.000 1.167
3230.000 1.177
3235.000 1.202
3240.000 1.176
3245.000 1.196
3250.000 1.205
3255.000 1.211
3260.000 1.218
3265.000 1.206
3270.000 1.228
3275.000 1.251
3280.000 1.264
3285.000 1.269
3290.000 1.276
3295.000 1.310
3300.000 1.311
3305.000 1.328
3310.000 1.315
3315.000 1.360
3320.000 1.369
3325.000 1.401
3330.000 1.364
3335.000 1.407
3340.000 1.428
3345.000 1.453
3350.000 1.453
3355.000 1.493
3360.000 1.520
3365.000 1.510
3370.000 1.559
3375.000 1.599
3380.000 1.616
3385.000 1.656
3390.000 1.652
3395.000 1.685
3400.000 1.718
3405.000 1.736
3410.000 1.800
3415.000 1.813
3420.000 1.850
3425.000 1.918
3430.000 1.932
3435.000 2.010
3440.000 2.053
3445.000 2.053
3450.000 2.132
3455.000 2.190
3460.000 2.280
3465.000 2.335
3470.000 2.379
3475.000 2.421
3480.000 2.480
3485.000 2.597
3490.000 2.660
3495.000 2.756
3500.000 2.872
3505.000 2.960
3510.000 3.037
3515.000 3.152
3520.000 3.373
3525.000 3.445
3530.000 3.571
3535.000 3.844
3540.000 3.975
3545.000 4.115
3550.000 4.295
3555.000 4.665
3560.000 4.835
3565.000 4.960
3570.000 5.346
3575.000 5.575
3580.000 5.779
3585.000 5.973
3590.000 6.564
3595.000 6.828
3600.000 7.187
3605.000 8.074
3610.000 8.586
3615.000 9.178
3620.000 10.634
3625.000 11.506
3630.000 12.579
3635.000 13.779
3640.000 15.292
3645.000 19.088
3650.000 21.511
3655.000 27.759
3660.000 31.691
3665.000 36.089
3670.000 40.660
3675.000 45.130
3680.000 54.512
3685.000 59.471
3690.000 64.100
3695.000 67.436
3700.000 72.110
3705.000 70.099
3710.000 61.890
3715.000 45.660
3720.000 33.057
3725.000 28.212
3730.000 24.395
3735.000 18.868
3740.000 16.379
3745.000 15.565
3750.000 12.967
3755.000 12.349
3760.000 11.584
3765.000 9.886
3770.000 9.124
3775.000 9.211
3780.000 8.162
3785.000 7.813
3790.000 7.509
3795.000 7.153
3800.000 6.626
3805.000 6.338
3810.000 5.744
3815.000 5.728
3820.000 5.650
3825.000 5.244
3830.000 5.077
3835.000 4.841
3840.000 4.620
3845.000 4.547
3850.000 4.365
3855.000 4.261
3860.000 4.103
3865.000 4.013
3870.000 3.928
3875.000 3.789
3880.000 3.723
3885.000 3.645
3890.000 3.524
3895.000 3.454
3900.000 3.405
3905.000 3.350
3910.000 3.245
3915.000 3.180
3920.000 3.126
3925.000 3.097
3930.000 3.028
3935.000 3.018
3940.000 2.949
3945.000 2.918
3950.000 2.882
3955.000 2.817
3960.000 2.809
3965.000 2.762
3970.000 2.730
3975.000 2.706
3980.000 2.672
3985.000 2.643
3990.000 2.603
3995.000 2.571
4000.000 2.571
4005.000 2.522
4010.000 2.524
4015.000 2.499
4020.000 2.521
4025.000 2.515
4030.000 2.492
4035.000 2.461
4040.000 2.382
4045.000 2.431
4050.000 2.385
4055.000 2.336
4060.000 2.325
4065.000 2.336
4070.000 2.304
4075.000 2.291
4080.000 2.313
4085.000 2.304
4090.000 2.286
4095.000 2.280
4100.000 2.236
4105.000 2.241
4110.000 2.214
4115.000 2.216
4120.000 2.218
4125.000 2.204
4130.000 2.177
4135.000 2.167
4140.000 2.165
4145.000 2.138
4150.000 2.142
4155.000 2.128
4160.000 2.129
4165.000 2.101
4170.000 2.094
4175.000 2.076
4180.000 2.077
4185.000 2.072
4190.000 2.038
4195.000 2.034
4200.000 2.014
4205.000 1.985
4210.000 1.979
4215.000 1.965
4220.000 1.960
4225.000 1.960
4230.000 1.943
4235.000 1.934
4240.000 1.900
4245.000 1.909
4250.000 1.887
4255.000 1.868
4260.000 1.869
4265.000 1.837
4270.000 1.837
4275.000 1.822
4280.000 1.808
4285.000 1.805
4290.000 1.794
4295.000 1.802
4300.000 1.782
4305.000 1.783
4310.000 1.783
4315.000 1.782
4320.000 1.794
4325.000 1.809
4330.000 1.803
4335.000 1.808
4340.000 1.824
4345.000 1.809
4350.000 1.806
4355.000 1.823
4360.000 1.832
4365.000 1.829
4370.000 1.823
4375.000 1.834
4380.000 1.830
4385.000 1.849
4390.000 1.838
4395.000 1.837
4400.000 1.847
4405.000 1.857
4410.000 1.857
4415.000 1.861
4420.000 1.873
4425.000 1.891
4430.000 1.879
4435.000 1.877
4440.000 1.892
4445.000 1.901
4450.000 1.899
4455.000 1.899
4460.000 1.897
4465.000 1.916
4470.000 1.906
4475.000 1.919
4480.000 1.923
4485.000 1.930
4490.000 1.927
4495.000 1.924
4500.000 1.952
4505.000 1.945
4510.000 1.962
4515.000 1.952
4520.000 1.964
4525.000 1.997
4530.000 1.990
4535.000 1.999
4540.000 1.999
4545.000 2.029
4550.000 2.033
4555.000 2.036
4560.000 2.037
4565.000 2.053
4570.000 2.057
4575.000 2.054
4580.000 2.085
4585.000 2.110
4590.000 2.121
4595.000 2.135
4600.000 2.155
4605.000 2.162
4610.000 2.170
4615.000 2.204
4620.000 2.198
4625.000 2.199
4630.000 2.244
4635.000 2.235
4640.000 2.238
4645.000 2.268
4650.000 2.317
4655.000 2.321
4660.000 2.344
4665.000 2.359
4670.000 2.399
4675.000 2.408
4680.000 2.443
4685.000 2.488
4690.000 2.515
4695.000 2.541
4700.000 2.565
4705.000 2.601
4710.000 2.649
4715.000 2.673
4720.000 2.729
4725.000 2.745
4730.000 2.793
4735.000 2.831
4740.000 2.906
4745.000 2.958
4750.000 3.003
4755.000 3.122
4760.000 3.173
4765.000 3.228
4770.000 3.284
4775.000 3.441
4780.000 3.520
4785.000 3.596
4790.000 3.764
4795.000 3.850
4800.000 3.903
4805.000 3.974
4810.000 4.103
4815.000 4.189
4820.000 4.259
4825.000 4.328
4830.000 4.535
4835.000 4.613
4840.000 4.733
4845.000 4.946
4850.000 5.068
4855.000 5.197
4860.000 5.340
4865.000 5.634
4870.000 5.801
4875.000 6.008
4880.000 6.232
4885.000 6.690
4890.000 7.009
4895.000 7.331
4900.000 8.050
4905.000 8.465
4910.000 8.999
4915.000 9.583
4920.000 11.133
4925.000 12.109
4930.000 13.183
4935.000 14.487
4940.000 17.819
4945.000 19.915
4950.000 24.750
4955.000 27.271
4960.000 30.386
4965.000 39.435
4970.000 54.355
4975.000 63.245
4980.000 63.935
4985.000 64.920
4990.000 56.889
4995.000 43.142
5000.000 34.413
5005.000 29.522
5010.000 19.939
5015.000 17.376
5020.000 15.350
5025.000 12.223
5030.000 11.135
5035.000 10.214
5040.000 9.382
5045.000 8.018
5050.000 7.429
5055.000 6.499
5060.000 6.499
5065.000 5.790
5070.000 5.462
5075.000 5.155
5080.000 4.674
5085.000 4.477
5090.000 4.287
5095.000 4.113
5100.000 3.806
5105.000 3.651
5110.000 3.523
5115.000 3.324
5120.000 3.220
5125.000 3.135
5130.000 2.973
5135.000 2.918
5140.000 2.847
5145.000 2.742
5150.000 2.692
5155.000 2.636
5160.000 2.583
5165.000 2.540
5170.000 2.461
5175.000 2.422
5180.000 2.402
5185.000 2.316
5190.000 2.278
5195.000 2.260
5200.000 2.221
5205.000 2.196
5210.000 2.159
5215.000 2.150
5220.000 2.120
5225.000 2.087
5230.000 2.059
5235.000 2.034
5240.000 2.001
5245.000 1.989
5250.000 1.977
5255.000 1.962
5260.000 1.950
5265.000 1.927
5270.000 1.915
5275.000 1.896
5280.000 1.855
5285.000 1.859
5290.000 1.833
5295.000 1.808
5300.000 1.822
5305.000 1.796
5310.000 1.777
5315.000 1.779
5320.000 1.754
5325.000 1.744
5330.000 1.721
5335.000 1.714
5340.000 1.703
5345.000 1.696
5350.000 1.686
5355.000 1.669
5360.000 1.660
5365.000 1.667
5370.000 1.638
5375.000 1.625
5380.000 1.622
5385.000 1.614
5390.000 1.596
5395.000 1.601
5400.000 1.587
5405.000 1.563
5410.000 1.570
5415.000 1.547
5420.000 1.536
5425.000 1.541
5430.000 1.534
5435.000 1.514
5440.000 1.515
5445.000 1.514
5450.000 1.499
5455.000 1.487
5460.000 1.480
5465.000 1.481
5470.000 1.479
5475.000 1.485
5480.000 1.459
5485.000 1.465
5490.000 1.465
5495.000 1.439
5500.000 1.447
5505.000 1.432
5510.000 1.455
5515.000 1.438
5520.000 1.421
5525.000 1.416
5530.000 1.423
5535.000 1.424
5540.000 1.419
5545.000 1.410
5550.000 1.417
5555.000 1.415
5560.000 1.406
5565.000 1.408
5570.000 1.401
5575.000 1.399
5580.000 1.410
5585.000 1.419
5590.000 1.420
5595.000 1.421
5600.000 1.419
5605.000 1.420
5610.000 1.427
5615.000 1.403
5620.000 1.405
5625.000 1.413
5630.000 1.420
5635.000 1.420
5640.000 1.411
5645.000 1.432
5650.000 1.446
5655.000 1.433
5660.000 1.430
5665.000 1.433
5670.000 1.444
5675.000 1.436
5680.000 1.459
5685.000 1.455
5690.000 1.470
5695.000 1.474
5700.000 1.491
5705.000 1.489
5710.000 1.507
5715.000 1.512
5720.000 1.510
5725.000 1.523
5730.000 1.542
5735.000 1.544
5740.000 1.563
5745.000 1.569
5750.000 1.577
5755.000 1.598
5760.000 1.585
5765.000 1.609
5770.000 1.623
5775.000 1.635
5780.000 1.649
5785.000 1.662
5790.000 1.677
5795.000 1.686
5800.000 1.710
5805.000 1.726
5810.000 1.748
5815.000 1.781
5820.000 1.795
5825.000 1.828
5830.000 1.827
5835.000 1.856
5840.000 1.875
5845.000 1.913
5850.000 1.939
5855.000 1.957
5860.000 1.968
5865.000 2.014
5870.000 2.032
5875.000 2.065
5880.000 2.085
5885.000 2.145
5890.000 2.166
5895.000 2.202
5900.000 2.227
5905.000 2.279
5910.000 2.321
5915.000 2.361
5920.000 2.431
5925.000 2.460
5930.000 2.491
5935.000 2.581
5940.000 2.661
5945.000 2.700
5950.000 2.765
5955.000 2.812
5960.000 2.933
5965.000 2.990
5970.000 3.052
5975.000 3.116
5980.000 3.292
5985.000 3.354
5990.000 3.453
5995.000 3.686
6000.000 3.769
6005.000 3.873
6010.000 4.192
6015.000 4.286
6020.000 4.471
6025.000 4.778
6030.000 4.778
6035.000 5.102
6040.000 5.186
6045.000 5.457
6050.000 5.560
6055.000 5.682
6060.000 5.798
6065.000 5.960
6070.000 6.314
6075.000 6.513
6080.000 6.839
6085.000 7.044
6090.000 7.270
6095.000 7.479
6100.000 7.949
6105.000 8.234
6110.000 8.531
6115.000 8.856
6120.000 9.625
6125.000 10.037
6130.000 10.532
6135.000 11.075
6140.000 12.343
6145.000 13.120
6150.000 14.002
6155.000 16.224
6160.000 17.637
6165.000 19.306
6170.000 23.828
6175.000 26.768
6180.000 30.269
6185.000 34.443
6190.000 38.286
6195.000 45.914
6200.000 50.024
6205.000 54.298
6210.000 61.544
6215.000 63.477
6220.000 66.411
6225.000 65.803
6230.000 59.206
6235.000 50.133
6240.000 33.697
6245.000 29.898
6250.000 25.886
6255.000 23.041
6260.000 19.168
6265.000 18.183
6270.000 17.090
6275.000 16.217
6280.000 14.718
6285.000 14.117
6290.000 13.536
6295.000 13.011
6300.000 12.303
6305.000 12.042
6310.000 11.790
6315.000 11.143
6320.000 10.864
6325.000 10.563
6330.000 10.300
6335.000 10.054
6340.000 9.568
6345.000 9.346
6350.000 9.085
6355.000 8.533
6360.000 8.285
6365.000 8.034
6370.000 7.794
6375.000 7.417
6380.000 7.217
6385.000 7.060
6390.000 6.813
6395.000 6.683
6400.000 6.577
6405.000 6.365
6410.000 6.294
6415.000 6.214
6420.000 6.144
6425.000 6.089
6430.000 5.998
6435.000 5.957
6440.000 5.920
6445.000 5.902
6450.000 5.890
6455.000 5.888
6460.000 5.914
6465.000 5.952
6470.000 6.004
6475.000 6.060
6480.000 6.215
6485.000 6.312
6490.000 6.432
6495.000 6.781
6500.000 7.032
6505.000 7.315
6510.000 7.680
6515.000 8.778
6520.000 9.596
6525.000 10.483
6530.000 13.561
6535.000 16.370
6540.000 20.810
6545.000 36.846
6550.000 45.485
6555.000 52.900
6560.000 57.365
6565.000 54.766
6570.000 12.571
6575.000 10.232
6580.000 5.055
6585.000 4.785
6590.000 3.602
6595.000 2.441
6600.000 1.471
6605.000 1.155
6610.000 1.159
6615.000 0.985
6620.000 1.080
6625.000 1.139
6630.000 1.193
6635.000 1.281
6640.000 1.306
6645.000 1.346
6650.000 1.367
6655.000 1.432
6660.000 1.455
6665.000 1.475
6670.000 1.498
6675.000 1.530
6680.000 1.555
6685.000 1.565
6690.000 1.593
6695.000 1.595
6700.000 1.621
6705.000 1.619
6710.000 1.639
6715.000 1.654
6720.000 1.648
6725.000 1.663
6730.000 1.677
6735.000 1.687
6740.000 1.703
6745.000 1.704
6750.000 1.707
6755.000 1.717
6760.000 1.732
6765.000 1.733
6770.000 1.746
6775.000 1.740
6780.000 1.766
6785.000 1.767
6790.000 1.768
6795.000 1.783
6800.000 1.786
6805.000 1.784
6810.000 1.806
6815.000 1.803
6820.000 1.808
6825.000 1.816
6830.000 1.812
6835.000 1.828
6840.000 1.842
6845.000 1.846
6850.000 1.852
6855.000 1.852
6860.000 1.857
6865.000 1.871
6870.000 1.868
6875.000 1.870
6880.000 1.885
6885.000 1.878
6890.000 1.890
6895.000 1.899
6900.000 1.913
6905.000 1.914
6910.000 1.919
6915.000 1.927
6920.000 1.937
6925.000 1.932
6930.000 1.945
6935.000 1.965
6940.000 1.959
6945.000 1.985
6950.000 1.988
6955.000 1.985
6960.000 2.011
6965.000 2.008
6970.000 2.016
6975.000 2.037
6980.000 2.039
6985.000 2.053
6990.000 2.075
6995.000 2.082
7000.000 2.095
7005.000 2.107
7010.000 2.123
7015.000 2.138
7020.000 2.142
7025.000 2.133
7030.000 2.176
7035.000 2.179
7040.000 2.179
7045.000 2.193
7050.000 2.227
7055.000 2.243
7060.000 2.258
7065.000 2.279
7070.000 2.300
7075.000 2.329
7080.000 2.335
7085.000 2.380
7090.000 2.380
7095.000 2.420
7100.000 2.437
7105.000 2.445
7110.000 2.493
7115.000 2.518
7120.000 2.566
7125.000 2.593
7130.000 2.601
7135.000 2.645
7140.000 2.679
7145.000 2.739
7150.000 2.784
7155.000 2.795
7160.000 2.869
7165.000 2.923
7170.000 2.959
7175.000 2.987
7180.000 3.101
7185.000 3.142
7190.000 3.184
7195.000 3.293
7200.000 3.357
7205.000 3.441
7210.000 3.499
7215.000 3.663
7220.000 3.760
7225.000 3.836
7230.000 4.051
7235.000 4.147
7240.000 4.260
7245.000 4.523
7250.000 4.645
7255.000 4.770
7260.000 4.916
7265.000 5.065
7270.000 5.387
7275.000 5.595
7280.000 5.780
7285.000 6.083
7290.000 6.217
7295.000 6.367
7300.000 6.537
7305.000 6.904
7310.000 7.118
7315.000 7.316
7320.000 7.510
7325.000 8.019
7330.000 8.277
7335.000 8.626
7340.000 9.360
7345.000 9.820
7350.000 10.322
7355.000 11.550
7360.000 12.093
7365.000 12.553
7370.000 14.406
7375.000 15.542
7380.000 18.837
7385.000 20.910
7390.000 26.732
7395.000 30.414
7400.000 34.371
7405.000 38.382
7410.000 42.318
7415.000 50.297
7420.000 54.349
7425.000 59.677
7430.000 59.825
7435.000 60.328
7440.000 57.116
7445.000 49.429
7450.000 33.063
7455.000 26.873
7460.000 21.119
7465.000 16.885
7470.000 15.930
7475.000 14.717
7480.000 13.681
7485.000 11.855
7490.000 11.121
7495.000 10.469
7500.000 9.359
7505.000 8.908
7510.000 8.537
7515.000 8.190
7520.000 7.504
7525.000 7.163
7530.000 6.855
7535.000 6.303
7540.000 6.074
7545.000 5.847
7550.000 5.620
7555.000 5.261
7560.000 5.096
7565.000 4.954
7570.000 4.671
7575.000 4.545
7580.000 4.418
7585.000 4.310
7590.000 4.212
7595.000 4.022
7600.000 3.937
7605.000 3.867
7610.000 3.711
7615.000 3.648
7620.000 3.583
7625.000 3.528
7630.000 3.421
7635.000 3.366
7640.000 3.337
7645.000 3.247
7650.000 3.209
7655.000 3.175
7660.000 3.133
7665.000 3.074
7670.000 3.029
7675.000 3.003
7680.000 2.955
7685.000 2.923
7690.000 2.906
7695.000 2.872
7700.000 2.845
7705.000 2.826
7710.000 2.813
7715.000 2.794
7720.000 2.759
7725.000 2.753
7730.000 2.720
7735.000 2.704
7740.000 2.701
7745.000 2.687
7750.000 2.679
7755.000 2.663
7760.000 2.652
7765.000 2.647
7770.000 2.648
7775.000 2.627
7780.000 2.631
7785.000 2.626
7790.000 2.620
7795.000 2.628
7800.000 2.630
7805.000 2.627
7810.000 2.638
7815.000 2.636
7820.000 2.639
7825.000 2.663
7830.000 2.665
7835.000 2.669
7840.000 2.683
7845.000 2.705
7850.000 2.709
7855.000 2.725
7860.000 2.759
7865.000 2.782
7870.000 2.797
7875.000 2.813
7880.000 2.877
7885.000 2.913
7890.000 2.948
7895.000 3.005
7900.000 3.052
7905.000 3.082
7910.000 3.132
7915.000 3.208
7920.000 3.269
7925.000 3.340
7930.000 3.488
7935.000 3.590
7940.000 3.662
7945.000 3.776
7950.000 3.992
7955.000 4.168
7960.000 4.307
7965.000 4.513
7970.000 5.003
7975.000 5.298
7980.000 5.678
7985.000 6.166
7990.000 7.284
7995.000 8.054
8000.000 9.048
8005.000 11.721
8010.000 13.621
8015.000 16.223
8020.000 19.855
8025.000 30.260
8030.000 37.092
8035.000 44.254
8040.000 56.584
8045.000 57.222
8050.000 44.162
8055.000 20.491
8060.000 10.762
8065.000 10.743
8070.000 9.488
8075.000 6.472
8080.000 5.583
8085.000 4.878
8090.000 3.663
8095.000 3.279
8100.000 2.917
8105.000 2.628
8110.000 2.191
8115.000 2.003
8120.000 1.851
8125.000 1.604
8130.000 1.502
8135.000 1.417
8140.000 1.347
8145.000 1.290
8150.000 1.191
8155.000 1.150
8160.000 1.088
8165.000 1.062
8170.000 1.054
8175.000 1.057
8180.000 1.032
8185.000 1.020
8190.000 1.019
8195.000 1.022
8200.000 1.026
8205.000 1.034
8210.000 1.033
8215.000 1.042
8220.000 1.056
8225.000 1.074
8230.000 1.094
8235.000 1.103
8240.000 1.124
8245.000 1.133
8250.000 1.159
8255.000 1.177
8260.000 1.199
8265.000 1.214
8270.000 1.234
8275.000 1.264
8280.000 1.277
8285.000 1.299
8290.000 1.307
8295.000 1.356
8300.000 1.365
8305.000 1.407
8310.000 1.437
8315.000 1.462
8320.000 1.471
8325.000 1.502
8330.000 1.544
8335.000 1.575
8340.000 1.584
8345.000 1.645
8350.000 1.673
8355.000 1.707
8360.000 1.743
8365.000 1.786
8370.000 1.830
8375.000 1.867
8380.000 1.896
8385.000 1.960
8390.000 2.009
8395.000 2.046
8400.000 2.145
8405.000 2.190
8410.000 2.247
8415.000 2.286
8420.000 2.403
8425.000 2.462
8430.000 2.540
8435.000 2.692
8440.000 2.769
8445.000 2.860
8450.000 2.962
8455.000 3.188
8460.000 3.315
8465.000 3.633
8470.000 3.633
8475.000 4.072
8480.000 4.357
8485.000 4.681
8490.000 5.637
8495.000 6.341
8500.000 7.345
8505.000 8.759
8510.000 14.150
8515.000 18.817
8520.000 24.605
8525.000 34.970
8530.000 32.906
8535.000 16.468
8540.000 11.498
8545.000 6.304
8550.000 7.064
8555.000 6.875
8560.000 7.246
8565.000 7.619
8570.000 8.829
8575.000 12.659
8580.000 15.233
8585.000 17.875
8590.000 20.560
8595.000 23.320
8600.000 29.332
8605.000 32.711
8610.000 36.301
8615.000 42.654
8620.000 44.814
8625.000 45.891
8630.000 45.262
8635.000 36.967
8640.000 31.137
8645.000 25.703
8650.000 21.167
8655.000 13.945
8660.000 10.750
8665.000 8.316
8670.000 8.818
8675.000 9.797
8685.000 10.763
8690.000 9.130
8695.000 8.486
8700.000 7.894
8705.000 7.534
8710.000 6.746
8715.000 6.402
8720.000 6.116
8725.000 5.683
8730.000 5.480
8735.000 5.243
8740.000 5.032
8745.000 4.658
8750.000 4.486
8755.000 4.346
8760.000 4.071
8765.000 3.968
8770.000 3.850
8775.000 3.734
8780.000 3.547
8785.000 3.469
8790.000 3.400
8795.000 3.258
8800.000 3.204
8805.000 3.143
8810.000 3.076
8815.000 2.969
8820.000 2.937
8825.000 2.882
8830.000 2.795
8835.000 2.759
8840.000 2.718
8845.000 2.690
8850.000 2.627
8855.000 2.588
8860.000 2.555
8865.000 2.533
8870.000 2.469
8875.000 2.460
8880.000 2.449
8885.000 2.434
8890.000 2.378
8895.000 2.354
8900.000 2.317
8905.000 2.280
8910.000 2.247
8915.000 2.229
8920.000 2.186
8925.000 2.163
8930.000 2.149
8935.000 2.133
8940.000 2.097
8945.000 2.097
8950.000 2.069
8955.000 2.056
8960.000 2.035
8965.000 2.016
8970.000 2.017
8975.000 1.999
8980.000 1.976
8985.000 1.957
8990.000 1.954
8995.000 1.947
9000.000 1.941
9005.000 1.923
9010.000 1.914
9015.000 1.886
9020.000 1.896
9025.000 1.869
9030.000 1.881
9035.000 1.876
9040.000 1.867
9045.000 1.862
9050.000 1.837
9055.000 1.846
9060.000 1.837
9065.000 1.810
9070.000 1.821
9075.000 1.807
9080.000 1.820
9085.000 1.819
9090.000 1.819
9095.000 1.814
9100.000 1.801
9105.000 1.787
9110.000 1.801
9115.000 1.796
9120.000 1.797
9125.000 1.806
9130.000 1.805
9135.000 1.798
9140.000 1.800
9145.000 1.803
9150.000 1.812
9155.000 1.817
9160.000 1.823
9165.000 1.822
9170.000 1.822
9175.000 1.850
9180.000 1.863
9185.000 1.864
9190.000 1.878
9195.000 1.864
9200.000 1.895
9205.000 1.895
9210.000 1.917
9215.000 1.922
9220.000 1.955
9225.000 1.956
9230.000 1.980
9235.000 2.000
9240.000 2.029
9245.000 2.066
9250.000 2.084
9255.000 2.112
9260.000 2.134
9265.000 2.180
9270.000 2.223
9275.000 2.256
9280.000 2.291
9285.000 2.356
9290.000 2.377
9295.000 2.489
9300.000 2.526
9305.000 2.578
9310.000 2.642
9315.000 2.770
9320.000 2.851
9325.000 2.928
9330.000 3.031
9335.000 3.176
9340.000 3.262
9345.000 3.355
9350.000 3.457
9355.000 3.692
9360.000 3.815
9365.000 3.971
9370.000 4.308
9375.000 4.485
9380.000 4.729
9385.000 5.173
9390.000 5.436
9395.000 5.768
9400.000 6.633
9405.000 6.633
9410.000 7.900
9415.000 8.820
9420.000 9.940
9425.000 13.181
9430.000 15.522
9435.000 18.495
9440.000 22.171
9445.000 31.865
9450.000 38.146
9455.000 44.527
9460.000 54.809
9465.000 53.911
9470.000 38.713
9475.000 21.661
9480.000 12.958
9485.000 15.046
9490.000 9.750
9495.000 8.369
9500.000 7.312
9505.000 6.421
9510.000 5.738
9515.000 4.683
9520.000 4.280
9525.000 3.617
9530.000 3.617
9535.000 3.119
9540.000 2.903
9545.000 2.563
9550.000 2.424
9555.000 2.298
9560.000 2.166
9565.000 2.048
9570.000 1.864
9575.000 1.781
9580.000 1.705
9585.000 1.568
9590.000 1.499
9595.000 1.454
9600.000 1.399
9605.000 1.287
9610.000 1.244
9615.000 1.198
9620.000 1.129
9625.000 1.083
9630.000 1.062
9635.000 0.980
9640.000 0.953
9645.000 0.925
9650.000 0.898
9655.000 0.876
9660.000 0.833
9665.000 0.819
9670.000 0.800
9675.000 0.795
9680.000 0.771
9685.000 0.760
9690.000 0.772
9695.000 0.783
9700.000 0.812
9705.000 0.837
9710.000 0.874
9715.000 0.980
9720.000 1.044
9725.000 1.205
9730.000 1.314
9735.000 1.447
9740.000 1.594
9745.000 1.758
9750.000 2.183
9755.000 2.451
9760.000 3.193
9765.000 3.710
9770.000 4.399
9775.000 5.358
9780.000 6.780
9785.000 11.623
9790.000 14.888
9795.000 17.995
9800.000 20.219
9805.000 20.615
9810.000 18.968
9815.000 16.786
9820.000 13.090
9825.000 11.717
9830.000 10.600
9835.000 9.666
9840.000 8.218
9845.000 7.620
9850.000 7.137
9855.000 6.133
9860.000 5.190
9865.000 3.830
9870.000 2.500
9875.000 1.610
9880.000 1.547
9885.000 1.554
9890.000 1.588
9895.000 1.604
9900.000 1.595
9905.000 1.605
9910.000 1.581
9915.000 1.570
9920.000 1.569
9925.000 1.554
9930.000 1.523
9935.000 1.514
9940.000 1.474
9945.000 1.468
9950.000 1.441
9955.000 1.431
9960.000 1.390
9965.000 1.386
9970.000 1.375
9975.000 1.366
9980.000 1.322
9985.000 1.299
9990.000 1.286
9995.000 1.276
10000.000 1.246
