105.000 0.107
110.000 0.188
115.000 0.277
120.000 0.703
125.000 0.887
130.000 0.872
135.000 0.869
140.000 0.895
145.000 0.812
150.000 0.803
155.000 0.860
160.000 0.752
165.000 0.714
170.000 0.743
175.000 0.721
180.000 0.770
185.000 0.656
190.000 0.561
195.000 0.478
200.000 0.429
205.000 0.443
210.000 0.423
215.000 0.302
220.000 0.368
225.000 0.329
230.000 0.201
235.000 0.290
240.000 0.219
245.000 0.129
250.000 0.171
255.000 0.111
260.000 0.126
265.000 0.112
270.000 0.124
275.000 0.092
280.000 0.214
285.000 0.214
290.000 0.275
295.000 0.345
300.000 0.340
305.000 0.420
310.000 0.425
315.000 0.748
320.000 0.748
325.000 0.856
330.000 0.939
335.000 1.066
340.000 1.236
345.000 1.366
350.000 1.392
355.000 1.623
360.000 1.949
365.000 2.143
370.000 2.212
375.000 2.728
380.000 3.137
385.000 3.550
390.000 4.005
395.000 4.215
400.000 4.758
405.000 5.219
410.000 5.702
415.000 6.007
420.000 6.191
425.000 6.661
430.000 6.610
435.000 6.811
440.000 6.695
445.000 6.695
450.000 6.617
455.000 6.464
460.000 6.157
465.000 5.806
470.000 5.796
475.000 5.467
480.000 5.543
485.000 4.938
490.000 4.862
495.000 4.424
500.000 4.533
505.000 4.117
510.000 3.923
515.000 3.524
520.000 3.260
525.000 3.258
530.000 3.096
535.000 2.745
540.000 2.515
545.000 2.401
550.000 2.370
555.000 2.135
560.000 2.022
565.000 2.105
570.000 1.876
575.000 1.841
580.000 1.876
585.000 1.783
590.000 1.783
595.000 1.840
600.000 1.642
605.000 1.703
610.000 1.660
615.000 1.699
620.000 1.688
625.000 1.766
630.000 1.721
635.000 1.601
640.000 1.654
645.000 1.622
650.000 1.604
655.000 1.597
660.000 1.598
665.000 1.555
670.000 1.525
675.000 1.598
680.000 1.627
685.000 1.599
690.000 1.525
695.000 1.644
700.000 1.599
705.000 1.520
710.000 1.560
715.000 1.485
720.000 1.568
725.000 1.440
730.000 1.487
735.000 1.526
740.000 1.572
745.000 1.517
750.000 1.519
755.000 1.477
760.000 1.448
765.000 1.451
770.000 1.421
775.000 1.419
780.000 1.443
785.000 1.403
790.000 1.340
795.000 1.380
800.000 1.384
805.000 1.360
810.000 1.425
815.000 1.390
820.000 1.424
825.000 1.426
830.000 1.364
835.000 1.375
840.000 1.347
845.000 1.326
850.000 1.391
855.000 1.331
860.000 1.358
865.000 1.323
870.000 1.411
875.000 1.337
880.000 1.386
885.000 1.426
890.000 1.363
895.000 1.319
900.000 1.288
905.000 1.282
910.000 1.273
915.000 1.273
920.000 1.290
925.000 1.271
930.000 1.310
935.000 1.316
940.000 1.294
945.000 1.333
950.000 1.259
955.000 1.256
960.000 1.247
965.000 1.296
970.000 1.385
975.000 1.241
980.000 1.295
985.000 1.313
990.000 1.420
995.000 1.260
1000.000 1.275
1005.000 1.318
1010.000 1.204
1015.000 1.215
1020.000 1.215
1025.000 1.293
1030.000 1.320
1035.000 1.232
1040.000 1.357
1045.000 1.430
1050.000 1.307
1055.000 1.221
1060.000 1.181
1065.000 1.252
1070.000 1.222
1075.000 1.174
1080.000 1.170
1085.000 1.190
1090.000 1.175
1095.000 1.152
1100.000 1.247
1105.000 1.234
1110.000 1.233
1115.000 1.265
1120.000 1.192
1125.000 1.198
1130.000 1.209
1135.000 1.188
1140.000 1.196
1145.000 1.195
1150.000 1.184
1155.000 1.197
1160.000 1.182
1165.000 1.224
1170.000 1.186
1175.000 1.205
1180.000 1.169
1185.000 1.172
1190.000 1.165
1195.000 1.170
1200.000 1.132
1205.000 1.187
1210.000 1.127
1215.000 1.105
1220.000 1.165
1225.000 1.120
1230.000 1.156
1235.000 1.213
1240.000 1.136
1245.000 1.200
1250.000 1.167
1255.000 1.146
1260.000 1.106
1265.000 1.151
1270.000 1.068
1275.000 1.130
1280.000 1.180
1285.000 1.096
1290.000 1.132
1295.000 1.086
1300.000 1.159
1305.000 1.142
1310.000 1.154
1315.000 1.043
1320.000 1.081
1325.000 1.046
1330.000 1.082
1335.000 1.061
1340.000 1.073
1345.000 1.030
1350.000 1.060
1355.000 1.077
1360.000 1.068
1365.000 1.094
1370.000 1.126
1375.000 1.098
1380.000 1.076
1385.000 1.095
1390.000 1.053
1395.000 1.037
1400.000 1.036
1405.000 1.058
1410.000 1.055
1415.000 1.057
1420.000 1.043
1425.000 1.034
1430.000 1.034
1435.000 1.031
1440.000 1.031
1445.000 0.995
1450.000 1.043
1455.000 1.071
1460.000 1.092
1465.000 1.073
1470.000 1.024
1475.000 0.989
1480.000 0.969
1485.000 0.957
1490.000 0.930
1495.000 0.933
1500.000 0.920
1505.000 0.920
1510.000 0.919
1515.000 0.916
1520.000 0.880
1525.000 0.894
1530.000 0.832
1535.000 0.822
1540.000 0.866
1545.000 0.873
1550.000 0.831
1555.000 0.802
1560.000 0.839
1565.000 0.821
1570.000 0.818
1575.000 0.818
1580.000 0.798
1585.000 0.815
1590.000 0.814
1595.000 0.808
1600.000 0.798
1605.000 0.826
1610.000 0.837
1615.000 0.811
1620.000 0.828
1625.000 0.792
1630.000 0.778
1635.000 0.814
1640.000 0.809
1645.000 0.849
1650.000 0.814
1655.000 0.853
1660.000 0.771
1665.000 0.914
1670.000 0.916
1675.000 0.904
1680.000 0.934
1685.000 0.929
1690.000 0.948
1695.000 0.944
1700.000 0.970
1705.000 1.024
1710.000 1.068
1715.000 1.049
1720.000 1.155
1725.000 1.198
1730.000 1.244
1735.000 1.249
1740.000 1.304
1745.000 1.350
1750.000 1.428
1755.000 1.478
1760.000 1.534
1765.000 1.578
1770.000 1.603
1775.000 1.731
1780.000 1.755
1785.000 1.839
1790.000 1.926
1795.000 1.963
1800.000 2.017
1805.000 2.112
1810.000 2.251
1815.000 2.317
1820.000 2.332
1825.000 2.391
1830.000 2.460
1835.000 2.528
1840.000 2.648
1845.000 2.681
1850.000 2.720
1855.000 2.781
1860.000 2.856
1865.000 2.999
1870.000 3.064
1875.000 3.053
1880.000 3.051
1885.000 3.268
1890.000 3.224
1895.000 3.287
1900.000 3.364
1905.000 3.354
1910.000 3.338
1915.000 3.343
1920.000 3.415
1925.000 3.404
1930.000 3.406
1935.000 3.395
1940.000 3.439
1945.000 3.411
1950.000 3.449
1955.000 3.498
1960.000 3.507
1965.000 3.405
1970.000 3.516
1975.000 3.499
1980.000 3.549
1985.000 3.528
1990.000 3.560
1995.000 3.593
2000.000 3.602
2005.000 3.540
2010.000 3.644
2015.000 3.666
2020.000 3.583
2025.000 3.607
2030.000 3.620
2035.000 3.628
2040.000 3.653
2045.000 3.587
2050.000 3.671
2055.000 3.636
2060.000 3.637
2065.000 3.685
2070.000 3.638
2075.000 3.666
2080.000 3.666
2085.000 3.768
2090.000 3.731
2095.000 3.809
2100.000 3.870
2105.000 4.040
2110.000 3.876
2115.000 3.876
2120.000 3.917
2125.000 3.850
2130.000 3.922
2135.000 4.013
2140.000 4.055
2145.000 4.081
2150.000 4.125
2155.000 4.208
2160.000 4.258
2165.000 4.282
2170.000 4.383
2175.000 4.419
2180.000 4.488
2185.000 4.611
2190.000 4.688
2195.000 4.724
2200.000 5.011
2205.000 5.106
2210.000 5.146
2215.000 5.313
2220.000 5.561
2225.000 5.740
2230.000 5.977
2235.000 6.332
2240.000 6.526
2245.000 6.854
2250.000 7.196
2255.000 8.142
2260.000 8.882
2265.000 9.782
2270.000 10.894
2275.000 14.325
2280.000 17.008
2285.000 20.574
2290.000 25.203
2295.000 37.919
2300.000 44.618
2305.000 50.436
2310.000 54.604
2315.000 47.944
2320.000 40.227
2325.000 25.381
2330.000 13.096
2335.000 10.959
2340.000 9.143
2345.000 7.696
2350.000 5.766
2355.000 4.965
2360.000 4.362
2365.000 3.817
2370.000 2.963
2375.000 2.815
2380.000 2.523
2385.000 2.135
2390.000 1.993
2395.000 1.799
2400.000 1.710
2405.000 1.493
2410.000 1.410
2415.000 1.351
2420.000 1.276
2425.000 1.180
2430.000 1.154
2435.000 1.127
2440.000 1.072
2445.000 1.059
2450.000 1.033
2455.000 1.018
2460.000 1.014
2465.000 0.992
2470.000 0.991
2475.000 0.988
2480.000 0.997
2485.000 0.985
2490.000 0.982
2495.000 0.990
2500.000 0.995
2505.000 1.001
2510.000 1.012
2515.000 1.025
2520.000 1.027
2525.000 1.034
2530.000 1.067
2535.000 1.065
2540.000 1.083
2545.000 1.083
2550.000 1.085
2555.000 1.101
2560.000 1.105
2565.000 1.141
2570.000 1.154
2575.000 1.156
2580.000 1.162
2585.000 1.185
2590.000 1.189
2595.000 1.211
2600.000 1.224
2605.000 1.239
2610.000 1.235
2615.000 1.277
2620.000 1.288
2625.000 1.291
2630.000 1.305
2635.000 1.301
2640.000 1.317
2645.000 1.322
2650.000 1.353
2655.000 1.367
2660.000 1.374
2665.000 1.379
2670.000 1.402
2675.000 1.423
2680.000 1.428
2685.000 1.450
2690.000 1.458
2695.000 1.490
2700.000 1.460
2705.000 1.477
2710.000 1.516
2715.000 1.526
2720.000 1.513
2725.000 1.547
2730.000 1.584
2735.000 1.604
2740.000 1.574
2745.000 1.629
2750.000 1.606
2755.000 1.643
2760.000 1.643
2765.000 1.671
2770.000 1.672
2775.000 1.703
2780.000 1.704
2785.000 1.724
2790.000 1.705
2795.000 1.739
2800.000 1.739
2805.000 1.749
2810.000 1.749
2815.000 1.761
2820.000 1.773
2825.000 1.783
2830.000 1.784
2835.000 1.810
2840.000 1.804
2845.000 1.789
2850.000 1.799
2855.000 1.825
2860.000 1.808
2865.000 1.828
2870.000 1.828
2875.000 1.835
2880.000 1.808
2885.000 1.823
2890.000 1.828
2895.000 1.825
2900.000 1.832
2905.000 1.798
2910.000 1.766
2915.000 1.795
2920.000 1.793
2925.000 1.755
2930.000 1.754
2935.000 1.745
2940.000 1.760
2945.000 1.713
2950.000 1.705
2955.000 1.700
2960.000 1.698
2965.000 1.677
2970.000 1.656
2975.000 1.647
2980.000 1.619
2985.000 1.648
2990.000 1.580
2995.000 1.548
3000.000 1.543
3005.000 1.562
3010.000 1.546
3015.000 1.574
3020.000 1.562
3025.000 1.504
3030.000 1.486
3035.000 1.461
3040.000 1.424
3045.000 1.438
3050.000 1.384
3055.000 1.390
3060.000 1.407
3065.000 1.382
3070.000 1.350
3075.000 1.319
3080.000 1.359
3085.000 1.329
3090.000 1.339
3095.000 1.294
3100.000 1.288
3105.000 1.278
3110.000 1.275
3115.000 1.253
3120.000 1.261
3125.000 1.245
3130.000 1.247
3135.000 1.243
3140.000 1.228
3145.000 1.221
3150.000 1.231
3155.000 1.236
3160.000 1.234
3165.000 1.228
3170.000 1.219
3175.000 1.219
3180.000 1.236
3185.000 1.224
3190.000 1.235
3195.000 1.229
3200.000 1.245
3205.000 1.254
3210.000 1.261
3215.000 1.270
3220.000 1.252
3225.000 1.245
3230.000 1.300
3235.000 1.299
3240.000 1.301
3245.000 1.305
3250.000 1.318
3255.000 1.330
3260.000 1.346
3265.000 1.329
3270.000 1.362
3275.000 1.381
3280.000 1.381
3285.000 1.389
3290.000 1.389
3295.000 1.404
3300.000 1.404
3305.000 1.441
3310.000 1.437
3315.000 1.461
3320.000 1.470
3325.000 1.483
3330.000 1.513
3335.000 1.525
3340.000 1.547
3345.000 1.571
3350.000 1.581
3355.000 1.639
3360.000 1.634
3365.000 1.672
3370.000 1.690
3375.000 1.696
3380.000 1.727
3385.000 1.774
3390.000 1.817
3395.000 1.858
3400.000 1.855
3405.000 1.941
3410.000 1.944
3415.000 1.995
3420.000 2.025
3425.000 2.047
3430.000 2.087
3435.000 2.472
3440.000 3.295
3445.000 3.302
3450.000 3.153
3455.000 3.042
3460.000 2.963
3465.000 2.912
3470.000 2.859
3475.000 2.811
3480.000 2.820
3485.000 2.842
3490.000 2.880
3495.000 2.929
3500.000 3.079
3505.000 3.196
3510.000 3.318
3515.000 3.506
3520.000 3.666
3525.000 3.772
3530.000 3.835
3535.000 4.143
3540.000 4.295
3545.000 4.465
3550.000 4.628
3555.000 5.002
3560.000 5.160
3565.000 5.305
3570.000 5.661
3575.000 5.879
3580.000 6.128
3585.000 6.467
3590.000 7.050
3595.000 7.311
3600.000 7.746
3605.000 8.197
3610.000 9.102
3615.000 9.688
3620.000 10.423
3625.000 12.156
3630.000 13.231
3635.000 14.482
3640.000 17.848
3645.000 19.961
3650.000 22.620
3655.000 28.954
3660.000 33.166
3665.000 37.651
3670.000 42.208
3675.000 46.552
3680.000 55.663
3685.000 60.666
3690.000 68.447
3695.000 71.380
3700.000 72.317
3705.000 70.406
3710.000 62.706
3715.000 41.576
3720.000 34.751
3725.000 29.830
3730.000 25.923
3735.000 19.465
3740.000 17.733
3745.000 15.836
3750.000 13.672
3755.000 12.524
3760.000 11.800
3765.000 11.385
3770.000 9.637
3775.000 9.730
3780.000 8.201
3785.000 7.938
3790.000 7.555
3795.000 7.163
3800.000 7.024
3805.000 6.361
3810.000 6.297
3815.000 5.892
3820.000 5.667
3825.000 5.534
3830.000 5.343
3835.000 5.077
3840.000 4.801
3845.000 4.704
3850.000 4.511
3855.000 4.508
3860.000 4.261
3865.000 4.194
3870.000 4.097
3875.000 3.943
3880.000 3.852
3885.000 3.788
3890.000 3.734
3895.000 3.620
3900.000 3.551
3905.000 3.506
3910.000 3.458
3915.000 3.369
3920.000 3.325
3925.000 3.289
3930.000 3.184
3935.000 3.175
3940.000 3.124
3945.000 3.110
3950.000 3.045
3955.000 3.000
3960.000 2.975
3965.000 2.949
3970.000 2.920
3975.000 2.869
3980.000 2.835
3985.000 2.802
3990.000 2.783
3995.000 2.755
4000.000 2.731
4005.000 2.707
4010.000 2.669
4015.000 2.681
4020.000 2.608
4025.000 2.586
4030.000 2.578
4035.000 2.603
4040.000 2.555
4045.000 2.539
4050.000 2.502
4055.000 2.528
4060.000 2.504
4065.000 2.495
4070.000 2.447
4075.000 2.424
4080.000 2.421
4085.000 2.394
4090.000 2.379
4095.000 2.383
4100.000 2.367
4105.000 2.367
4110.000 2.351
4115.000 2.337
4120.000 2.319
4125.000 2.306
4130.000 2.301
4135.000 2.291
4140.000 2.266
4145.000 2.260
4150.000 2.252
4155.000 2.236
4160.000 2.229
4165.000 2.234
4170.000 2.197
4175.000 2.186
4180.000 2.178
4185.000 2.156
4190.000 2.155
4195.000 2.121
4200.000 2.102
4205.000 2.101
4210.000 2.075
4215.000 2.075
4220.000 2.047
4225.000 2.048
4230.000 2.054
4235.000 2.017
4240.000 2.028
4245.000 1.981
4250.000 1.981
4255.000 1.972
4260.000 1.951
4265.000 1.949
4270.000 1.923
4275.000 1.901
4280.000 1.905
4285.000 1.881
4290.000 1.900
4295.000 1.882
4300.000 1.880
4305.000 1.884
4310.000 1.868
4315.000 1.864
4320.000 1.877
4325.000 1.888
4330.000 1.879
4335.000 1.892
4340.000 1.906
4345.000 1.905
4350.000 1.906
4355.000 1.891
4360.000 1.907
4365.000 1.914
4370.000 1.921
4375.000 1.921
4380.000 1.931
4385.000 1.941
4390.000 1.949
4395.000 1.961
4400.000 1.951
4405.000 1.949
4410.000 1.971
4415.000 1.969
4420.000 1.977
4425.000 1.972
4430.000 1.975
4435.000 1.984
4440.000 2.001
4445.000 1.994
4450.000 1.998
4455.000 2.010
4460.000 2.008
4465.000 2.021
4470.000 2.036
4475.000 2.023
4480.000 2.047
4485.000 2.049
4490.000 2.055
4495.000 2.057
4500.000 2.066
4505.000 2.067
4510.000 2.068
4515.000 2.100
4520.000 2.100
4525.000 2.101
4530.000 2.136
4535.000 2.115
4540.000 2.137
4545.000 2.143
4550.000 2.149
4555.000 2.165
4560.000 2.174
4565.000 2.166
4570.000 2.182
4575.000 2.210
4580.000 2.223
4585.000 2.252
4590.000 2.275
4595.000 2.282
4600.000 2.291
4605.000 2.312
4610.000 2.312
4615.000 2.348
4620.000 2.359
4625.000 2.395
4630.000 2.409
4635.000 2.427
4640.000 2.436
4645.000 2.454
4650.000 2.486
4655.000 2.504
4660.000 2.560
4665.000 2.560
4670.000 2.611
4675.000 2.645
4680.000 2.667
4685.000 2.730
4690.000 2.739
4695.000 2.765
4700.000 2.776
4705.000 2.860
4710.000 2.892
4715.000 2.981
4720.000 3.001
4725.000 3.052
4730.000 3.117
4735.000 3.210
4740.000 3.267
4745.000 3.337
4750.000 3.420
4755.000 3.487
4760.000 3.556
4765.000 3.631
4770.000 3.857
4775.000 3.908
4780.000 3.995
4785.000 4.108
4790.000 4.108
4795.000 4.232
4800.000 4.312
4805.000 4.434
4810.000 4.521
4815.000 4.604
4820.000 4.678
4825.000 4.850
4830.000 4.957
4835.000 5.075
4845.000 5.708
4850.000 5.736
4855.000 5.815
4860.000 5.954
4865.000 6.459
4870.000 6.639
4875.000 6.858
4880.000 7.697
4885.000 7.917
4890.000 8.174
4895.000 8.415
4900.000 9.559
4905.000 10.011
4915.000 11.163
4925.000 15.221
4930.000 14.823
4935.000 15.511
4940.000 16.927
4945.000 21.448
4950.000 24.398
4955.000 28.139
4960.000 31.561
4965.000 47.621
4970.000 61.369
4975.000 66.307
4980.000 68.619
4985.000 66.334
4990.000 56.731
5000.000 36.446
5005.000 29.754
5010.000 25.130
5015.000 20.808
5020.000 16.043
5025.000 14.398
5030.000 11.907
5035.000 10.951
5040.000 10.150
5045.000 9.451
5050.000 8.839
5055.000 7.759
5060.000 7.310
5065.000 6.898
5070.000 6.209
5075.000 5.897
5080.000 5.618
5085.000 5.173
5090.000 4.988
5095.000 4.774
5100.000 4.602
5105.000 4.442
5110.000 4.150
5115.000 4.040
5120.000 3.920
5125.000 3.723
5130.000 3.641
5135.000 3.556
5140.000 3.403
5150.000 3.566
5155.000 3.470
5160.000 3.373
5165.000 3.295
5170.000 3.174
5175.000 3.127
5180.000 3.058
5185.000 2.966
5190.000 2.923
5195.000 2.877
5200.000 2.789
5205.000 2.765
5210.000 2.734
5215.000 2.711
5220.000 2.665
5225.000 2.605
5230.000 2.574
5235.000 2.563
5240.000 2.542
5245.000 2.486
5250.000 2.455
5255.000 2.434
5260.000 2.399
5265.000 2.386
5270.000 2.380
5275.000 2.359
5280.000 2.320
5285.000 2.321
5290.000 2.291
5295.000 2.278
5300.000 2.251
5310.000 2.273
5315.000 2.238
5320.000 2.226
5325.000 2.218
5330.000 2.223
5335.000 2.230
5340.000 2.187
5345.000 2.187
5350.000 2.177
5355.000 2.150
5360.000 2.144
5365.000 2.135
5370.000 2.117
5375.000 2.100
5380.000 2.094
5385.000 2.081
5390.000 2.200
5395.000 2.151
5400.000 2.136
5405.000 2.096
5410.000 2.057
5415.000 2.066
5420.000 2.029
5425.000 2.021
5430.000 2.013
5435.000 1.993
5440.000 1.990
5450.000 2.160
5455.000 2.129
5460.000 2.109
5465.000 2.093
5470.000 2.093
5475.000 2.060
5480.000 2.041
5485.000 2.006
5490.000 1.986
5495.000 1.976
5500.000 1.963
5505.000 1.929
5510.000 1.942
5515.000 1.927
5520.000 1.917
5525.000 1.904
5530.000 1.892
5535.000 1.888
5540.000 1.874
5545.000 1.860
5550.000 1.871
5555.000 1.859
5560.000 1.836
5565.000 1.844
5570.000 1.845
5575.000 1.830
5580.000 1.839
5585.000 1.823
5590.000 1.820
5595.000 1.824
5600.000 1.825
5605.000 1.820
5610.000 1.816
5615.000 1.824
5620.000 1.838
5625.000 1.835
5630.000 1.833
5635.000 1.835
5640.000 1.840
5645.000 1.839
5650.000 1.843
5655.000 1.839
5660.000 1.858
5665.000 1.861
5670.000 1.869
5675.000 1.864
5680.000 1.867
5685.000 1.883
5690.000 1.903
5695.000 1.895
5700.000 1.911
5705.000 1.912
5710.000 1.934
5715.000 1.933
5720.000 1.947
5725.000 1.957
5730.000 1.966
5735.000 2.000
5740.000 2.059
5745.000 2.075
5750.000 2.085
5755.000 2.082
5760.000 2.087
5765.000 2.096
5770.000 2.083
5775.000 2.102
5780.000 2.136
5785.000 2.149
5790.000 2.169
5795.000 2.168
5800.000 2.197
5805.000 2.215
5810.000 2.262
5815.000 2.264
5820.000 2.285
5825.000 2.301
5830.000 2.341
5835.000 2.368
5840.000 2.398
5845.000 2.410
5850.000 2.459
5855.000 2.477
5860.000 2.505
5865.000 2.528
5870.000 2.579
5875.000 2.615
5880.000 2.642
5885.000 2.703
5890.000 2.744
5895.000 2.775
5900.000 2.849
5905.000 2.887
5910.000 2.937
5915.000 2.969
5920.000 3.004
5925.000 3.092
5930.000 3.139
5935.000 3.195
5940.000 3.286
5945.000 3.360
5950.000 3.416
5955.000 3.463
5960.000 3.607
5965.000 3.671
5970.000 3.724
5975.000 3.866
5980.000 3.932
5985.000 4.033
5990.000 4.194
5995.000 4.301
6000.000 4.384
6005.000 4.533
6010.000 4.737
6015.000 4.860
6020.000 5.019
6025.000 5.148
6030.000 5.467
6035.000 5.630
6040.000 5.827
6045.000 6.008
6050.000 6.489
6055.000 6.748
6060.000 6.891
6065.000 7.235
6070.000 7.417
6075.000 7.649
6080.000 7.867
6085.000 8.376
6090.000 8.588
6095.000 8.884
6100.000 9.496
6105.000 9.865
6110.000 10.306
6115.000 10.731
6120.000 11.803
6125.000 12.409
6130.000 13.010
6135.000 14.455
6140.000 15.286
6145.000 16.216
6150.000 17.310
6155.000 20.169
6160.000 22.047
6165.000 24.329
6170.000 26.866
6175.000 32.786
6180.000 35.916
6185.000 39.263
6190.000 42.865
6195.000 50.749
6200.000 54.821
6205.000 58.543
6210.000 64.567
6215.000 67.739
6220.000 69.622
6225.000 69.435
6230.000 65.255
6235.000 57.481
6240.000 49.341
6245.000 36.093
6250.000 31.057
6255.000 27.554
6260.000 24.884
6265.000 21.320
6270.000 20.005
6275.000 18.955
6280.000 17.165
6285.000 16.419
6290.000 15.722
6295.000 14.565
6300.000 14.286
6305.000 13.977
6310.000 13.733
6315.000 13.451
6320.000 12.787
6325.000 12.445
6330.000 12.149
6335.000 11.576
6340.000 11.340
6345.000 11.063
6350.000 10.829
6355.000 10.429
6360.000 10.219
6365.000 10.036
6370.000 9.648
6375.000 9.441
6380.000 9.182
6385.000 9.100
6390.000 9.054
6395.000 9.163
6400.000 8.872
6405.000 8.339
6410.000 8.138
6415.000 7.999
6420.000 7.839
6425.000 7.601
6430.000 7.492
6435.000 7.447
6440.000 7.320
6445.000 7.279
6450.000 7.236
6455.000 7.192
6460.000 7.185
6465.000 7.194
6470.000 7.266
6475.000 7.266
6480.000 7.400
6485.000 7.500
6490.000 7.642
6495.000 7.982
6500.000 8.207
6505.000 8.551
6510.000 8.925
6515.000 9.926
6520.000 10.488
6525.000 11.315
6530.000 14.157
6535.000 16.806
6540.000 21.142
6545.000 28.361
6550.000 46.377
6555.000 53.581
6560.000 57.765
6565.000 55.713
6570.000 9.712
6575.000 11.978
6580.000 3.633
6585.000 3.061
6590.000 2.210
6595.000 1.765
6600.000 1.254
6605.000 1.331
6610.000 1.150
6615.000 1.276
6620.000 1.417
6625.000 1.567
6630.000 1.638
6635.000 1.755
6640.000 1.807
6645.000 1.828
6650.000 1.874
6655.000 1.931
6660.000 1.962
6665.000 1.982
6670.000 1.990
6675.000 2.027
6680.000 2.035
6685.000 2.056
6690.000 2.081
6695.000 2.099
6700.000 2.097
6705.000 2.114
6710.000 2.130
6715.000 2.148
6720.000 2.152
6725.000 2.180
6730.000 2.179
6735.000 2.182
6740.000 2.215
6745.000 2.261
6750.000 2.298
6755.000 2.294
6760.000 2.291
6765.000 2.292
6770.000 2.287
6775.000 2.287
6780.000 2.301
6785.000 2.295
6790.000 2.312
6795.000 2.342
6800.000 2.415
6805.000 2.439
6810.000 2.447
6815.000 2.432
6820.000 2.448
6825.000 2.517
6830.000 2.548
6835.000 2.507
6840.000 2.489
6845.000 2.482
6850.000 2.489
6855.000 2.466
6860.000 2.478
6865.000 2.527
6870.000 2.635
6875.000 2.607
6880.000 2.588
6885.000 2.565
6890.000 2.555
6895.000 2.548
6900.000 2.526
6905.000 2.534
6910.000 2.540
6915.000 2.549
6920.000 2.544
6925.000 2.547
6930.000 2.561
6935.000 2.563
6940.000 2.625
6945.000 2.693
6950.000 2.689
6955.000 2.689
6960.000 2.689
6965.000 2.692
6970.000 2.700
6975.000 2.717
6980.000 2.707
6985.000 2.721
6990.000 2.734
6995.000 2.762
7000.000 2.763
7005.000 2.775
7010.000 2.791
7015.000 2.815
7020.000 2.827
7025.000 2.848
7030.000 2.864
7035.000 2.901
7040.000 2.914
7045.000 2.940
7050.000 2.954
7055.000 2.993
7060.000 3.021
7065.000 3.044
7070.000 3.103
7075.000 3.128
7080.000 3.153
7085.000 3.220
7090.000 3.258
7095.000 3.279
7100.000 3.314
7105.000 3.378
7110.000 3.427
7115.000 3.463
7120.000 3.538
7125.000 3.582
7130.000 3.674
7135.000 3.706
7140.000 3.738
7145.000 3.835
7150.000 3.910
7155.000 3.980
7160.000 4.127
7165.000 4.178
7170.000 4.259
7175.000 4.438
7180.000 4.528
7185.000 4.627
7190.000 4.761
7195.000 4.975
7200.000 5.079
7205.000 5.200
7210.000 5.370
7215.000 5.669
7220.000 5.834
7225.000 6.013
7230.000 6.315
7235.000 6.444
7240.000 6.572
7245.000 6.727
7250.000 6.994
7255.000 7.122
7260.000 7.252
7265.000 7.407
7270.000 7.695
7275.000 7.860
7280.000 8.220
7285.000 8.220
7290.000 8.603
7295.000 8.840
7300.000 9.074
7305.000 9.605
7310.000 9.887
7315.000 10.148
7320.000 10.469
7325.000 11.135
7330.000 11.532
7335.000 11.969
7340.000 13.020
7345.000 13.614
7350.000 14.357
7355.000 15.131
7360.000 17.151
7365.000 17.892
7370.000 19.858
7375.000 24.027
7380.000 26.542
7385.000 29.346
7390.000 32.319
7395.000 38.830
7400.000 42.442
7405.000 46.227
7410.000 50.126
7415.000 57.296
7420.000 59.787
7425.000 61.670
7430.000 64.394
7435.000 64.262
7440.000 62.177
7445.000 56.570
7450.000 41.749
7455.000 34.854
7460.000 24.717
7465.000 23.052
7470.000 21.674
7475.000 20.025
7480.000 18.549
7485.000 16.015
7490.000 15.033
7495.000 14.141
7500.000 12.733
7505.000 12.237
7510.000 11.866
7515.000 11.537
7520.000 11.010
7525.000 10.731
7530.000 10.475
7535.000 10.194
7540.000 9.565
7545.000 9.204
7550.000 8.843
7555.000 8.213
7560.000 7.926
7565.000 7.643
7570.000 7.386
7575.000 6.932
7580.000 6.739
7585.000 6.547
7590.000 6.213
7595.000 6.048
7600.000 5.922
7605.000 5.786
7610.000 5.550
7615.000 5.434
7620.000 5.311
7625.000 5.225
7630.000 5.031
7635.000 4.952
7640.000 4.809
7645.000 4.723
7650.000 4.667
7655.000 4.615
7660.000 4.562
7665.000 4.445
7670.000 4.375
7675.000 4.344
7680.000 4.291
7685.000 4.213
7690.000 4.188
7695.000 4.135
7700.000 4.056
7705.000 4.025
7710.000 3.991
7715.000 3.964
7720.000 3.912
7725.000 3.878
7730.000 3.859
7735.000 3.825
7740.000 3.799
7745.000 3.770
7750.000 3.753
7755.000 3.711
7760.000 3.706
7765.000 3.686
7770.000 3.677
7775.000 3.662
7780.000 3.653
7785.000 3.642
7790.000 3.626
7795.000 3.617
7800.000 3.617
7805.000 3.631
7810.000 3.634
7815.000 3.625
7820.000 3.633
7825.000 3.622
7830.000 3.637
7835.000 3.645
7840.000 3.653
7845.000 3.659
7850.000 3.675
7855.000 3.686
7860.000 3.727
7865.000 3.753
7870.000 3.761
7875.000 3.815
7880.000 3.836
7885.000 3.858
7890.000 3.900
7895.000 3.968
7900.000 4.016
7905.000 4.083
7910.000 4.116
7915.000 4.225
7920.000 4.294
7925.000 4.443
7930.000 4.522
7935.000 4.619
7940.000 4.721
7945.000 4.846
7950.000 5.120
7955.000 5.284
7960.000 5.709
7965.000 5.709
7970.000 6.274
7975.000 6.643
7980.000 7.031
7985.000 7.952
7990.000 8.659
7995.000 9.383
8000.000 10.806
8005.000 13.186
8010.000 14.967
8015.000 17.484
8020.000 20.932
8025.000 31.799
8030.000 38.680
8035.000 45.763
8040.000 57.704
8045.000 58.279
8050.000 44.734
8055.000 31.734
8060.000 8.174
8065.000 11.049
8070.000 8.805
8075.000 5.598
8080.000 4.732
8085.000 4.172
8090.000 3.458
8095.000 2.592
8100.000 2.247
8105.000 1.992
8110.000 1.594
8115.000 1.462
8120.000 1.359
8125.000 1.261
8130.000 1.141
8135.000 1.117
8140.000 1.097
8145.000 1.091
8150.000 1.102
8155.000 1.135
8160.000 1.143
8165.000 1.190
8170.000 1.233
8175.000 1.260
8180.000 1.273
8185.000 1.336
8190.000 1.382
8195.000 1.404
8200.000 1.467
8205.000 1.507
8210.000 1.529
8215.000 1.560
8220.000 1.615
8225.000 1.656
8230.000 1.707
8235.000 1.707
8240.000 1.781
8245.000 1.808
8250.000 1.835
8255.000 1.906
8260.000 1.934
8265.000 1.975
8270.000 2.008
8275.000 2.077
8280.000 2.106
8285.000 2.139
8290.000 2.211
8295.000 2.268
8300.000 2.310
8305.000 2.333
8310.000 2.424
8315.000 2.463
8320.000 2.539
8325.000 2.578
8330.000 2.631
8335.000 2.676
8340.000 2.736
8345.000 2.835
8350.000 2.885
8355.000 2.949
8360.000 3.011
8365.000 3.131
8370.000 3.196
8375.000 3.275
8380.000 3.331
8385.000 3.492
8390.000 3.560
8395.000 3.662
8400.000 3.852
8405.000 3.958
8410.000 4.086
8415.000 4.203
8420.000 4.460
8425.000 4.626
8430.000 4.978
8435.000 5.185
8440.000 5.411
8445.000 5.647
8450.000 5.908
8455.000 6.532
8460.000 6.821
8465.000 7.436
8470.000 7.782
8475.000 8.103
8480.000 8.431
8485.000 9.338
8490.000 9.914
8495.000 10.637
8500.000 11.562
8505.000 12.795
8510.000 17.143
8515.000 21.017
8520.000 26.648
8525.000 36.402
8530.000 30.933
8535.000 11.476
8540.000 5.422
8545.000 13.289
8550.000 12.771
8555.000 13.217
8560.000 14.480
8565.000 16.341
8570.000 18.567
8575.000 21.353
8580.000 27.297
8585.000 30.689
8590.000 34.283
8595.000 41.155
8600.000 44.510
8605.000 47.772
8610.000 51.258
8615.000 56.766
8620.000 58.386
8625.000 59.184
8630.000 58.833
8635.000 52.445
8640.000 46.009
8645.000 39.500
8650.000 28.779
8655.000 24.129
8660.000 19.671
8665.000 16.074
8670.000 14.420
8675.000 15.031
8680.000 14.734
8685.000 13.287
8690.000 12.630
8695.000 12.023
8700.000 11.472
8705.000 10.662
8710.000 10.371
8715.000 10.142
8720.000 9.678
8725.000 9.473
8730.000 9.274
8735.000 9.062
8740.000 8.699
8745.000 8.504
8750.000 8.245
8755.000 7.995
8760.000 7.483
8765.000 7.249
8770.000 6.804
8775.000 6.804
8780.000 6.422
8785.000 6.250
8790.000 6.105
8795.000 5.815
8800.000 5.680
8805.000 5.562
8810.000 5.325
8815.000 5.230
8820.000 5.132
8825.000 5.053
8830.000 4.864
8835.000 4.791
8840.000 4.712
8845.000 4.640
8850.000 4.525
8855.000 4.466
8860.000 4.356
8865.000 4.294
8870.000 4.235
8875.000 4.215
8880.000 4.160
8885.000 4.095
8890.000 4.049
8895.000 3.991
8900.000 3.942
8905.000 3.847
8910.000 3.811
8915.000 3.775
8920.000 3.691
8925.000 3.665
8930.000 3.638
8935.000 3.619
8940.000 3.534
8945.000 3.499
8950.000 3.463
8955.000 3.433
8960.000 3.401
8965.000 3.383
8970.000 3.356
8975.000 3.319
8980.000 3.296
8985.000 3.245
8990.000 3.230
8995.000 3.212
9000.000 3.207
9005.000 3.180
9010.000 3.205
9015.000 3.192
9020.000 3.153
9025.000 3.153
9030.000 3.088
9035.000 3.083
9040.000 3.082
9045.000 3.056
9050.000 3.046
9055.000 3.025
9060.000 3.011
9065.000 3.000
9070.000 2.987
9075.000 2.985
9080.000 2.960
9085.000 2.972
9090.000 2.947
9095.000 2.949
9100.000 2.940
9105.000 2.940
9110.000 2.933
9115.000 2.944
9120.000 2.951
9125.000 2.956
9130.000 2.944
9135.000 2.944
9140.000 2.937
9145.000 2.956
9150.000 2.943
9155.000 2.975
9160.000 2.994
9165.000 3.006
9170.000 2.999
9175.000 3.023
9180.000 3.016
9185.000 3.022
9190.000 3.031
9195.000 3.043
9200.000 3.057
9205.000 3.080
9210.000 3.120
9215.000 3.125
9220.000 3.130
9225.000 3.169
9230.000 3.202
9235.000 3.224
9240.000 3.248
9245.000 3.300
9250.000 3.336
9255.000 3.358
9260.000 3.436
9265.000 3.486
9270.000 3.525
9275.000 3.603
9280.000 3.649
9285.000 3.703
9290.000 3.773
9295.000 3.894
9300.000 3.977
9305.000 4.042
9310.000 4.124
9315.000 4.309
9320.000 4.420
9325.000 4.643
9330.000 4.643
9335.000 4.843
9340.000 4.963
9345.000 5.074
9350.000 5.356
9355.000 5.478
9360.000 5.643
9365.000 5.997
9370.000 6.201
9375.000 6.434
9380.000 6.710
9385.000 7.263
9390.000 7.581
9395.000 7.893
9400.000 8.311
9405.000 9.326
9410.000 10.015
9415.000 10.871
9420.000 13.261
9425.000 15.015
9430.000 17.359
9435.000 20.507
9440.000 29.629
9445.000 35.556
9450.000 41.609
9455.000 53.620
9460.000 57.636
9465.000 58.106
9470.000 48.248
9475.000 27.531
9480.000 13.752
9485.000 13.573
9490.000 9.662
9495.000 7.454
9500.000 6.300
9505.000 5.421
9510.000 4.650
9515.000 3.569
9520.000 3.114
9525.000 2.733
9530.000 2.140
9535.000 1.900
9540.000 1.685
9545.000 1.318
9550.000 1.179
9555.000 1.049
9560.000 0.891
9565.000 0.819
9570.000 0.810
9575.000 0.805
9580.000 0.809
9585.000 0.889
9590.000 0.941
9595.000 1.005
9600.000 1.080
9605.000 1.228
9610.000 1.292
9615.000 1.472
9620.000 1.558
9625.000 1.643
9630.000 1.732
9635.000 1.833
9640.000 2.025
9645.000 2.134
9650.000 2.355
9655.000 2.479
9660.000 2.592
9665.000 2.725
9670.000 3.020
9675.000 3.214
9680.000 3.398
9685.000 3.570
9690.000 3.980
9695.000 4.235
9700.000 4.506
9705.000 4.823
9710.000 5.614
9715.000 6.093
9720.000 6.685
9725.000 7.389
9730.000 9.262
9735.000 10.481
9740.000 13.781
9745.000 15.830
9750.000 18.164
9755.000 20.661
9760.000 23.487
9765.000 28.894
9770.000 31.750
9775.000 34.698
9780.000 40.773
9785.000 43.657
9790.000 46.340
9795.000 48.470
9800.000 50.066
9805.000 49.008
9810.000 41.706
9815.000 37.633
9820.000 33.827
9825.000 30.444
9830.000 27.391
9835.000 22.250
9840.000 20.035
9845.000 17.926
9850.000 15.690
9855.000 11.736
9860.000 9.689
9865.000 8.108
9870.000 7.577
9875.000 7.655
9880.000 7.534
9885.000 7.386
9890.000 7.028
9895.000 6.819
9900.000 6.612
9905.000 6.404
9910.000 6.006
9915.000 5.807
9920.000 5.481
9925.000 5.315
9930.000 5.170
9935.000 5.031
9940.000 4.894
9945.000 4.649
9950.000 4.531
9955.000 4.323
9960.000 4.231
9965.000 4.125
9970.000 4.049
9975.000 3.975
9980.000 3.792
9985.000 3.730
9990.000 3.666
9995.000 3.585
10000.000 3.449
