105.000 0.064
110.000 0.233
115.000 0.289
120.000 0.676
125.000 0.688
130.000 0.804
135.000 0.790
140.000 0.741
145.000 0.808
150.000 0.821
155.000 0.803
160.000 0.694
165.000 0.696
170.000 0.682
175.000 0.555
180.000 0.535
185.000 0.534
190.000 0.578
195.000 0.413
200.000 0.375
205.000 0.353
210.000 0.412
215.000 0.395
220.000 0.345
225.000 0.274
230.000 0.166
235.000 0.236
240.000 0.173
245.000 0.103
250.000 0.132
255.000 0.184
260.000 0.140
265.000 0.229
270.000 0.192
275.000 0.127
280.000 0.227
285.000 0.173
290.000 0.198
295.000 0.366
300.000 0.496
305.000 0.390
310.000 0.358
315.000 0.426
320.000 0.526
325.000 0.913
330.000 0.715
335.000 0.898
340.000 1.033
345.000 1.240
350.000 1.292
355.000 1.705
360.000 1.763
365.000 2.151
370.000 2.128
375.000 2.823
380.000 3.037
385.000 3.292
390.000 3.968
395.000 4.100
400.000 4.678
405.000 4.888
410.000 5.604
415.000 5.913
420.000 6.134
425.000 6.383
430.000 6.557
435.000 6.738
440.000 6.754
445.000 6.554
450.000 6.580
455.000 6.289
460.000 6.115
465.000 5.760
470.000 5.673
475.000 5.507
480.000 5.148
485.000 4.919
490.000 4.745
495.000 4.678
500.000 4.210
505.000 3.977
510.000 3.787
515.000 3.462
520.000 3.176
525.000 2.974
530.000 2.816
535.000 2.514
540.000 2.385
545.000 2.230
550.000 2.174
555.000 2.038
560.000 2.043
565.000 1.911
570.000 1.824
575.000 1.779
580.000 1.764
585.000 1.813
590.000 1.783
595.000 1.785
600.000 1.655
605.000 1.771
610.000 1.682
615.000 1.654
620.000 1.651
625.000 1.602
630.000 1.671
635.000 1.676
640.000 1.647
645.000 1.672
650.000 1.637
655.000 1.557
660.000 1.608
665.000 1.553
670.000 1.558
675.000 1.588
680.000 1.521
685.000 1.534
690.000 1.521
695.000 1.521
700.000 1.452
705.000 1.534
710.000 1.554
715.000 1.524
720.000 1.581
725.000 1.498
730.000 1.481
735.000 1.533
740.000 1.512
745.000 1.448
750.000 1.465
755.000 1.575
760.000 1.508
765.000 1.513
770.000 1.420
775.000 1.401
780.000 1.402
785.000 1.418
790.000 1.380
795.000 1.443
800.000 1.422
805.000 1.376
810.000 1.396
815.000 1.436
820.000 1.365
825.000 1.413
830.000 1.375
835.000 1.370
840.000 1.340
845.000 1.343
850.000 1.349
855.000 1.338
860.000 1.351
865.000 1.368
870.000 1.384
875.000 1.370
880.000 1.349
885.000 1.364
890.000 1.375
895.000 1.294
900.000 1.293
905.000 1.329
910.000 1.314
915.000 1.222
920.000 1.335
925.000 1.330
930.000 1.363
935.000 1.356
940.000 1.294
945.000 1.344
950.000 1.210
955.000 1.300
960.000 1.280
965.000 1.296
970.000 1.383
975.000 1.343
980.000 1.229
985.000 1.204
990.000 1.240
995.000 1.329
1000.000 1.312
1005.000 1.178
1010.000 1.325
1015.000 1.382
1020.000 1.259
1025.000 1.148
1030.000 1.232
1035.000 1.325
1040.000 1.269
1045.000 1.174
1050.000 1.262
1055.000 1.229
1060.000 1.261
1065.000 1.217
1070.000 1.234
1075.000 1.274
1080.000 1.200
1085.000 1.216
1090.000 1.181
1095.000 1.183
1100.000 1.151
1105.000 1.188
1110.000 1.188
1115.000 1.150
1120.000 1.215
1125.000 1.237
1130.000 1.183
1135.000 1.223
1140.000 1.213
1145.000 1.153
1150.000 1.182
1155.000 1.109
1160.000 1.117
1165.000 1.157
1170.000 1.185
1175.000 1.204
1180.000 1.199
1185.000 1.165
1190.000 1.166
1195.000 1.170
1200.000 1.141
1205.000 1.182
1210.000 1.087
1215.000 1.120
1220.000 1.184
1225.000 1.166
1230.000 1.147
1235.000 1.158
1240.000 1.144
1245.000 1.108
1250.000 1.153
1255.000 1.176
1260.000 1.131
1265.000 1.147
1270.000 1.177
1275.000 1.127
1280.000 1.205
1285.000 1.110
1290.000 1.153
1295.000 1.082
1300.000 1.109
1305.000 1.106
1310.000 1.079
1315.000 1.149
1320.000 1.114
1325.000 1.120
1330.000 1.104
1335.000 1.086
1340.000 1.078
1345.000 1.176
1350.000 1.122
1355.000 1.095
1360.000 1.121
1365.000 1.083
1370.000 1.077
1375.000 1.076
1380.000 1.111
1385.000 1.064
1390.000 1.039
1395.000 0.984
1400.000 1.061
1405.000 1.072
1410.000 1.058
1415.000 1.090
1420.000 1.020
1425.000 0.996
1430.000 1.083
1435.000 1.036
1440.000 1.003
1445.000 1.029
1450.000 1.009
1455.000 1.019
1460.000 1.004
1465.000 0.976
1470.000 0.998
1475.000 0.987
1480.000 0.970
1485.000 0.970
1490.000 0.960
1495.000 0.889
1500.000 0.893
1505.000 0.884
1510.000 0.868
1515.000 0.876
1520.000 0.855
1525.000 0.907
1530.000 0.857
1535.000 0.922
1540.000 0.823
1545.000 0.837
1550.000 0.838
1555.000 0.818
1560.000 0.807
1565.000 0.875
1570.000 0.842
1575.000 0.818
1580.000 0.846
1585.000 0.838
1590.000 0.840
1595.000 0.796
1600.000 0.792
1605.000 0.751
1610.000 0.798
1615.000 0.788
1620.000 0.776
1625.000 0.762
1630.000 0.804
1635.000 0.806
1640.000 0.821
1645.000 0.838
1650.000 0.814
1655.000 0.839
1660.000 0.852
1665.000 0.893
1670.000 0.862
1675.000 0.875
1680.000 0.916
1685.000 0.961
1690.000 1.033
1695.000 0.976
1700.000 1.027
1705.000 1.029
1710.000 1.121
1715.000 1.176
1720.000 1.140
1725.000 1.162
1730.000 1.221
1735.000 1.234
1740.000 1.302
1745.000 1.376
1750.000 1.409
1755.000 1.550
1760.000 1.536
1765.000 1.615
1770.000 1.627
1775.000 1.739
1780.000 1.805
1785.000 1.798
1790.000 1.939
1795.000 2.023
1800.000 2.036
1805.000 2.073
1810.000 2.207
1815.000 2.222
1820.000 2.310
1825.000 2.443
1830.000 2.572
1835.000 2.582
1840.000 2.613
1845.000 2.702
1850.000 2.750
1855.000 2.762
1860.000 2.865
1865.000 2.989
1870.000 2.981
1875.000 3.065
1880.000 3.105
1885.000 3.086
1890.000 3.137
1895.000 3.176
1900.000 3.277
1905.000 3.378
1910.000 3.286
1915.000 3.339
1920.000 3.375
1925.000 3.383
1930.000 3.427
1935.000 3.495
1940.000 3.477
1945.000 3.519
1950.000 3.503
1955.000 3.533
1960.000 3.519
1965.000 3.579
1970.000 3.524
1975.000 3.568
1980.000 3.484
1985.000 3.566
1990.000 3.527
1995.000 3.536
2000.000 3.573
2005.000 3.570
2010.000 3.526
2015.000 3.508
2020.000 3.562
2025.000 3.586
2030.000 3.608
2035.000 3.617
2040.000 3.602
2045.000 3.610
2050.000 3.603
2055.000 3.683
2060.000 3.770
2065.000 3.645
2070.000 3.767
2075.000 3.710
2080.000 3.715
2085.000 3.784
2090.000 3.705
2095.000 3.756
2100.000 3.834
2105.000 3.839
2110.000 3.841
2115.000 3.889
2120.000 3.957
2125.000 3.965
2130.000 3.985
2135.000 4.025
2140.000 4.031
2145.000 4.082
2150.000 4.125
2155.000 4.274
2160.000 4.265
2165.000 4.264
2170.000 4.430
2175.000 4.493
2180.000 4.505
2185.000 4.618
2190.000 4.753
2195.000 4.772
2200.000 4.904
2205.000 5.111
2210.000 5.202
2215.000 5.362
2220.000 5.582
2225.000 5.767
2230.000 5.971
2235.000 6.133
2240.000 6.563
2245.000 6.925
2250.000 7.221
2255.000 7.713
2260.000 8.947
2265.000 9.788
2270.000 10.889
2275.000 12.425
2280.000 17.092
2285.000 20.671
2290.000 25.416
2295.000 38.175
2300.000 45.055
2305.000 50.847
2310.000 54.607
2315.000 44.938
2320.000 38.150
2325.000 24.151
2330.000 12.832
2335.000 10.651
2340.000 8.889
2345.000 7.494
2350.000 5.640
2355.000 4.886
2360.000 4.312
2365.000 3.424
2370.000 3.077
2375.000 2.779
2380.000 2.556
2385.000 2.169
2390.000 2.013
2395.000 1.865
2400.000 1.747
2405.000 1.561
2410.000 1.485
2415.000 1.397
2420.000 1.288
2425.000 1.252
2430.000 1.188
2435.000 1.176
2440.000 1.100
2445.000 1.081
2450.000 1.042
2455.000 1.022
2460.000 1.023
2465.000 1.005
2470.000 1.009
2475.000 1.001
2480.000 0.999
2485.000 0.984
2490.000 1.008
2495.000 0.995
2500.000 1.016
2505.000 1.016
2510.000 1.029
2515.000 1.051
2520.000 1.036
2525.000 1.058
2530.000 1.038
2535.000 1.074
2540.000 1.066
2545.000 1.091
2550.000 1.104
2555.000 1.088
2560.000 1.101
2565.000 1.139
2570.000 1.121
2575.000 1.168
2580.000 1.159
2585.000 1.171
2590.000 1.186
2595.000 1.202
2600.000 1.231
2605.000 1.219
2610.000 1.247
2615.000 1.260
2620.000 1.262
2625.000 1.292
2630.000 1.288
2635.000 1.315
2640.000 1.317
2645.000 1.334
2650.000 1.337
2655.000 1.385
2660.000 1.395
2665.000 1.403
2670.000 1.415
2675.000 1.407
2680.000 1.434
2685.000 1.463
2690.000 1.464
2695.000 1.459
2700.000 1.510
2705.000 1.506
2710.000 1.553
2715.000 1.548
2720.000 1.561
2725.000 1.575
2730.000 1.585
2735.000 1.579
2740.000 1.599
2745.000 1.637
2750.000 1.676
2755.000 1.674
2760.000 1.665
2765.000 1.704
2770.000 1.695
2775.000 1.715
2780.000 1.785
2785.000 1.748
2790.000 1.769
2795.000 1.771
2800.000 1.777
2805.000 1.801
2810.000 1.792
2815.000 1.812
2820.000 1.836
2825.000 1.842
2830.000 1.824
2835.000 1.853
2840.000 1.875
2845.000 1.887
2850.000 1.865
2855.000 1.855
2860.000 1.874
2865.000 1.876
2870.000 1.866
2875.000 1.860
2880.000 1.846
2885.000 1.846
2890.000 1.843
2895.000 1.867
2900.000 1.862
2905.000 1.871
2910.000 1.862
2915.000 1.832
2920.000 1.840
2925.000 1.836
2930.000 1.824
2935.000 1.828
2940.000 1.783
2945.000 1.795
2950.000 1.793
2955.000 1.774
2960.000 1.749
2965.000 1.713
2970.000 1.707
2975.000 1.671
2980.000 1.675
2985.000 1.699
2990.000 1.681
2995.000 1.631
3000.000 1.586
3005.000 1.621
3010.000 1.582
3015.000 1.647
3020.000 1.625
3025.000 1.606
3030.000 1.527
3035.000 1.509
3040.000 1.509
3045.000 1.500
3050.000 1.459
3055.000 1.437
3060.000 1.439
3065.000 1.411
3070.000 1.416
3075.000 1.382
3080.000 1.378
3085.000 1.380
3090.000 1.337
3095.000 1.357
3100.000 1.374
3105.000 1.370
3110.000 1.311
3115.000 1.337
3120.000 1.328
3125.000 1.317
3130.000 1.329
3135.000 1.316
3140.000 1.286
3145.000 1.277
3150.000 1.287
3155.000 1.295
3160.000 1.310
3165.000 1.294
3170.000 1.289
3175.000 1.291
3180.000 1.289
3185.000 1.321
3190.000 1.324
3195.000 1.311
3200.000 1.324
3205.000 1.324
3210.000 1.342
3215.000 1.325
3220.000 1.330
3225.000 1.334
3230.000 1.350
3235.000 1.365
3240.000 1.352
3245.000 1.395
3250.000 1.372
3255.000 1.376
3260.000 1.400
3265.000 1.400
3270.000 1.413
3275.000 1.434
3280.000 1.452
3285.000 1.427
3290.000 1.439
3295.000 1.467
3300.000 1.483
3305.000 1.498
3310.000 1.472
3315.000 1.515
3320.000 1.523
3325.000 1.539
3330.000 1.556
3335.000 1.593
3340.000 1.589
3345.000 1.604
3350.000 1.623
3355.000 1.693
3360.000 1.706
3365.000 1.710
3370.000 1.749
3375.000 1.787
3380.000 1.800
3385.000 1.845
3390.000 1.852
3395.000 1.911
3400.000 1.937
3405.000 1.974
3410.000 2.009
3415.000 2.062
3420.000 2.100
3425.000 2.151
3430.000 2.174
3435.000 2.240
3440.000 2.263
3445.000 2.367
3450.000 2.399
3455.000 2.433
3460.000 2.537
3465.000 2.612
3470.000 2.641
3475.000 2.707
3480.000 2.869
3485.000 2.935
3490.000 2.994
3495.000 3.082
3500.000 3.248
3505.000 3.332
3510.000 3.469
3515.000 3.629
3520.000 3.748
3525.000 3.888
3530.000 4.036
3535.000 4.366
3540.000 4.532
3545.000 4.685
3550.000 4.973
3555.000 5.135
3560.000 5.320
3565.000 5.508
3570.000 5.916
3575.000 6.133
3580.000 6.332
3585.000 6.883
3590.000 7.206
3595.000 7.560
3600.000 7.980
3605.000 9.009
3610.000 9.512
3615.000 10.206
3620.000 10.911
3625.000 12.714
3630.000 13.792
3635.000 15.190
3640.000 18.726
3645.000 20.835
3650.000 23.425
3655.000 26.419
3660.000 34.283
3665.000 38.936
3670.000 43.117
3675.000 51.740
3680.000 56.429
3685.000 61.170
3690.000 65.162
3695.000 70.301
3700.000 70.916
3705.000 69.230
3710.000 49.526
3715.000 41.551
3720.000 35.102
3725.000 29.969
3730.000 23.259
3735.000 19.900
3740.000 18.311
3745.000 16.465
3750.000 13.843
3755.000 13.092
3760.000 12.315
3765.000 11.017
3770.000 9.875
3775.000 9.572
3780.000 9.354
3785.000 8.404
3790.000 7.781
3795.000 7.620
3800.000 7.326
3805.000 6.557
3810.000 6.394
3815.000 6.189
3820.000 5.731
3825.000 5.709
3830.000 5.404
3835.000 5.323
3840.000 4.990
3845.000 4.874
3850.000 4.752
3855.000 4.537
3860.000 4.438
3865.000 4.347
3870.000 4.268
3875.000 4.119
3880.000 3.998
3885.000 3.956
3890.000 3.825
3895.000 3.756
3900.000 3.695
3905.000 3.647
3910.000 3.549
3915.000 3.514
3920.000 3.456
3925.000 3.419
3930.000 3.338
3935.000 3.311
3940.000 3.302
3945.000 3.207
3950.000 3.174
3955.000 3.151
3960.000 3.125
3965.000 3.058
3970.000 3.026
3975.000 3.022
3980.000 2.959
3985.000 2.953
3990.000 2.926
3995.000 2.899
4000.000 2.819
4005.000 2.798
4010.000 2.812
4015.000 2.791
4020.000 2.766
4025.000 2.730
4030.000 2.715
4035.000 2.683
4040.000 2.677
4045.000 2.626
4050.000 2.638
4055.000 2.616
4060.000 2.577
4065.000 2.552
4070.000 2.525
4075.000 2.508
4080.000 2.519
4085.000 2.495
4090.000 2.479
4095.000 2.453
4100.000 2.446
4105.000 2.448
4110.000 2.408
4115.000 2.407
4120.000 2.387
4125.000 2.369
4130.000 2.367
4135.000 2.355
4140.000 2.338
4145.000 2.334
4150.000 2.335
4155.000 2.313
4160.000 2.294
4165.000 2.281
4170.000 2.264
4175.000 2.256
4180.000 2.233
4185.000 2.212
4190.000 2.214
4195.000 2.215
4200.000 2.177
4205.000 2.181
4210.000 2.160
4215.000 2.142
4220.000 2.122
4225.000 2.099
4230.000 2.108
4235.000 2.083
4240.000 2.075
4245.000 2.051
4250.000 2.024
4255.000 2.020
4260.000 2.015
4265.000 1.997
4270.000 1.975
4275.000 1.961
4280.000 1.967
4285.000 1.918
4290.000 1.938
4295.000 1.932
4300.000 1.937
4305.000 1.943
4310.000 1.930
4315.000 1.915
4320.000 1.912
4325.000 1.925
4330.000 1.936
4335.000 1.948
4340.000 1.931
4345.000 1.956
4350.000 1.963
4355.000 1.973
4360.000 1.989
4365.000 1.965
4370.000 1.978
4375.000 2.000
4380.000 2.003
4385.000 2.021
4390.000 2.014
4395.000 2.021
4400.000 2.026
4405.000 2.022
4410.000 2.043
4415.000 2.032
4420.000 2.030
4425.000 2.040
4430.000 2.057
4435.000 2.054
4440.000 2.075
4445.000 2.081
4450.000 2.086
4455.000 2.090
4460.000 2.098
4465.000 2.102
4470.000 2.106
4475.000 2.105
4480.000 2.110
4485.000 2.124
4490.000 2.135
4495.000 2.139
4500.000 2.143
4505.000 2.154
4510.000 2.171
4515.000 2.171
4520.000 2.190
4525.000 2.189
4530.000 2.201
4535.000 2.212
4540.000 2.220
4545.000 2.234
4550.000 2.265
4555.000 2.266
4560.000 2.277
4565.000 2.291
4570.000 2.314
4575.000 2.321
4580.000 2.323
4585.000 2.347
4590.000 2.349
4595.000 2.384
4600.000 2.417
4605.000 2.427
4610.000 2.457
4615.000 2.459
4620.000 2.502
4625.000 2.501
4630.000 2.514
4635.000 2.541
4640.000 2.573
4645.000 2.607
4650.000 2.634
4655.000 2.668
4660.000 2.679
4665.000 2.745
4670.000 2.764
4675.000 2.797
4680.000 2.856
4685.000 2.876
4690.000 2.939
4695.000 2.939
4700.000 3.053
4705.000 3.079
4710.000 3.112
4715.000 3.162
4720.000 3.257
4725.000 3.307
4730.000 3.362
4735.000 3.479
4740.000 3.535
4745.000 3.632
4750.000 3.684
4755.000 3.860
4760.000 3.905
4765.000 3.964
4770.000 4.081
4775.000 4.159
4780.000 4.206
4785.000 4.253
4790.000 4.441
4795.000 4.478
4800.000 4.577
4805.000 4.718
4810.000 4.801
4815.000 4.874
4820.000 4.995
4825.000 5.180
4830.000 5.310
4835.000 5.446
4840.000 5.566
4845.000 5.813
4850.000 5.980
4855.000 6.155
4860.000 6.367
4865.000 6.770
4870.000 7.021
4875.000 7.269
4880.000 7.769
4885.000 8.067
4890.000 8.385
4895.000 8.791
4900.000 9.728
4905.000 10.274
4910.000 10.909
4915.000 12.416
4920.000 13.346
4925.000 14.539
4930.000 15.842
4935.000 19.363
4940.000 21.614
4945.000 24.375
4950.000 31.214
4955.000 34.656
4960.000 37.874
4965.000 43.576
4970.000 64.816
4975.000 67.136
4980.000 65.723
4985.000 70.347
4990.000 61.315
4995.000 51.435
5000.000 40.157
5005.000 29.234
5010.000 24.194
5015.000 21.124
5020.000 18.058
5025.000 14.658
5030.000 13.375
5035.000 12.265
5040.000 10.603
5045.000 9.881
5050.000 9.295
5055.000 8.733
5060.000 7.786
5065.000 7.381
5070.000 6.985
5075.000 6.341
5080.000 6.054
5085.000 5.803
5090.000 5.578
5095.000 5.155
5100.000 4.971
5105.000 4.798
5110.000 4.676
5115.000 4.388
5120.000 4.292
5125.000 4.165
5130.000 3.978
5135.000 3.883
5140.000 3.817
5145.000 3.729
5150.000 3.583
5155.000 3.509
5160.000 3.451
5165.000 3.343
5170.000 3.301
5175.000 3.263
5180.000 3.220
5185.000 3.149
5190.000 3.111
5195.000 3.062
5200.000 3.009
5205.000 2.982
5210.000 2.944
5215.000 2.925
5220.000 2.877
5225.000 2.850
5230.000 2.828
5235.000 2.815
5240.000 2.771
5245.000 2.747
5250.000 2.726
5255.000 2.694
5260.000 2.681
5265.000 2.663
5270.000 2.648
5275.000 2.621
5280.000 2.607
5285.000 2.595
5290.000 2.586
5295.000 2.561
5300.000 2.550
5305.000 2.547
5310.000 2.515
5315.000 2.491
5320.000 2.503
5325.000 2.481
5330.000 2.474
5335.000 2.455
5340.000 2.440
5345.000 2.421
5350.000 2.419
5355.000 2.411
5360.000 2.397
5365.000 2.373
5370.000 2.379
5375.000 2.374
5380.000 2.347
5385.000 2.342
5390.000 2.327
5395.000 2.334
5400.000 2.297
5405.000 2.290
5410.000 2.300
5415.000 2.285
5420.000 2.263
5425.000 2.254
5430.000 2.261
5435.000 2.248
5440.000 2.227
5445.000 2.227
5450.000 2.206
5455.000 2.203
5460.000 2.193
5465.000 2.195
5470.000 2.180
5475.000 2.176
5480.000 2.181
5485.000 2.165
5490.000 2.148
5495.000 2.151
5500.000 2.150
5505.000 2.139
5510.000 2.138
5515.000 2.118
5520.000 2.122
5525.000 2.120
5530.000 2.113
5535.000 2.126
5540.000 2.112
5545.000 2.111
5550.000 2.099
5555.000 2.107
5560.000 2.087
5565.000 2.110
5570.000 2.091
5575.000 2.105
5580.000 2.085
5585.000 2.084
5590.000 2.114
5595.000 2.105
5600.000 2.103
5605.000 2.098
5610.000 2.102
5615.000 2.102
5620.000 2.117
5625.000 2.110
5630.000 2.113
5635.000 2.126
5640.000 2.107
5645.000 2.123
5650.000 2.141
5655.000 2.128
5660.000 2.136
5665.000 2.135
5670.000 2.144
5675.000 2.161
5680.000 2.171
5685.000 2.168
5690.000 2.192
5695.000 2.202
5700.000 2.209
5705.000 2.208
5710.000 2.228
5715.000 2.235
5720.000 2.246
5725.000 2.265
5730.000 2.284
5735.000 2.298
5740.000 2.301
5745.000 2.322
5750.000 2.330
5755.000 2.348
5760.000 2.384
5765.000 2.395
5770.000 2.406
5775.000 2.442
5780.000 2.456
5785.000 2.468
5790.000 2.495
5795.000 2.547
5800.000 2.559
5805.000 2.580
5810.000 2.603
5815.000 2.652
5820.000 2.654
5825.000 2.696
5830.000 2.761
5835.000 2.775
5840.000 2.828
5845.000 2.857
5850.000 2.924
5855.000 2.952
5860.000 2.990
5865.000 3.058
5870.000 3.106
5875.000 3.156
5880.000 3.191
5885.000 3.286
5890.000 3.328
5895.000 3.388
5900.000 3.504
5905.000 3.551
5910.000 3.628
5915.000 3.688
5920.000 3.823
5925.000 3.899
5930.000 3.982
5935.000 4.061
5940.000 4.237
5945.000 4.364
5950.000 4.460
5955.000 4.686
5960.000 4.814
5965.000 4.956
5970.000 5.123
5975.000 5.410
5980.000 5.565
5985.000 5.671
5990.000 5.798
5995.000 6.080
6000.000 6.196
6005.000 6.314
6010.000 6.584
6015.000 6.649
6020.000 6.803
6025.000 6.908
6030.000 7.189
6035.000 7.360
6040.000 7.528
6045.000 7.819
6050.000 8.049
6055.000 8.226
6060.000 8.395
6065.000 8.796
6070.000 9.000
6075.000 9.215
6080.000 9.439
6085.000 9.950
6090.000 10.241
6095.000 10.534
6100.000 11.204
6105.000 11.553
6110.000 11.932
6115.000 12.375
6120.000 13.324
6125.000 13.925
6130.000 14.581
6135.000 16.106
6140.000 17.056
6145.000 18.202
6150.000 19.521
6155.000 22.948
6160.000 25.111
6165.000 27.551
6170.000 32.707
6175.000 35.582
6180.000 38.612
6185.000 41.910
6190.000 49.330
6195.000 53.262
6200.000 57.053
6205.000 59.999
6210.000 66.456
6215.000 68.950
6220.000 70.688
6225.000 71.202
6230.000 68.423
6235.000 61.663
6240.000 52.915
6245.000 39.715
6250.000 34.349
6255.000 30.304
6260.000 25.012
6265.000 23.270
6270.000 21.908
6275.000 20.722
6280.000 18.840
6285.000 18.005
6290.000 17.280
6295.000 16.084
6300.000 15.729
6305.000 15.377
6310.000 15.127
6315.000 14.405
6320.000 14.186
6325.000 13.853
6330.000 13.509
6335.000 12.860
6340.000 12.574
6345.000 12.265
6350.000 12.000
6355.000 11.520
6360.000 11.281
6365.000 11.060
6370.000 10.674
6375.000 10.497
6380.000 10.329
6385.000 10.174
6390.000 9.824
6395.000 9.632
6400.000 9.433
6405.000 9.106
6410.000 8.950
6415.000 8.821
6420.000 8.718
6425.000 8.496
6430.000 8.386
6435.000 8.319
6440.000 8.191
6445.000 8.151
6450.000 8.103
6455.000 8.054
6460.000 8.057
6465.000 8.090
6470.000 8.114
6475.000 8.159
6480.000 8.283
6485.000 8.394
6490.000 8.513
6495.000 8.916
6500.000 9.147
6505.000 9.446
6510.000 9.826
6515.000 10.592
6520.000 11.122
6525.000 11.792
6530.000 14.258
6535.000 16.484
6540.000 20.159
6545.000 26.224
6550.000 43.674
6555.000 51.418
6560.000 56.887
6565.000 41.985
6570.000 4.029
6575.000 14.754
6580.000 4.170
6585.000 2.280
6590.000 1.475
6595.000 0.997
6600.000 1.146
6605.000 1.280
6610.000 1.474
6615.000 1.608
6620.000 1.844
6625.000 1.933
6630.000 1.999
6635.000 2.052
6640.000 2.153
6645.000 2.198
6650.000 2.242
6655.000 2.296
6660.000 2.307
6665.000 2.330
6670.000 2.345
6675.000 2.378
6680.000 2.391
6685.000 2.407
6690.000 2.419
6695.000 2.443
6700.000 2.455
6705.000 2.451
6710.000 2.468
6715.000 2.475
6720.000 2.488
6725.000 2.510
6730.000 2.510
6735.000 2.523
6740.000 2.523
6745.000 2.542
6750.000 2.546
6755.000 2.566
6760.000 2.571
6765.000 2.579
6770.000 2.589
6775.000 2.593
6780.000 2.601
6785.000 2.618
6790.000 2.617
6795.000 2.633
6800.000 2.640
6805.000 2.656
6810.000 2.661
6815.000 2.659
6820.000 2.684
6825.000 2.690
6830.000 2.688
6835.000 2.708
6840.000 2.711
6845.000 2.731
6850.000 2.733
6855.000 2.736
6860.000 2.750
6865.000 2.760
6870.000 2.767
6875.000 2.772
6880.000 2.780
6885.000 2.801
6890.000 2.819
6895.000 2.830
6900.000 2.844
6905.000 2.848
6910.000 2.866
6915.000 2.883
6920.000 2.895
6925.000 2.927
6930.000 2.929
6935.000 2.945
6940.000 2.966
6945.000 2.989
6950.000 2.996
6955.000 3.007
6960.000 3.044
6965.000 3.051
6970.000 3.074
6975.000 3.095
6980.000 3.120
6985.000 3.138
6990.000 3.169
6995.000 3.207
7000.000 3.208
7005.000 3.245
7010.000 3.268
7015.000 3.300
7020.000 3.339
7025.000 3.344
7030.000 3.375
7035.000 3.426
7040.000 3.457
7045.000 3.486
7050.000 3.558
7055.000 3.580
7060.000 3.606
7065.000 3.650
7070.000 3.730
7075.000 3.768
7080.000 3.831
7085.000 3.904
7090.000 3.939
7095.000 3.981
7100.000 4.039
7105.000 4.139
7110.000 4.186
7115.000 4.258
7120.000 4.306
7125.000 4.447
7130.000 4.517
7135.000 4.587
7140.000 4.747
7145.000 4.829
7150.000 4.908
7155.000 5.019
7160.000 5.227
7165.000 5.351
7170.000 5.463
7175.000 5.591
7180.000 5.884
7185.000 6.023
7190.000 6.179
7195.000 6.496
7200.000 6.644
7205.000 6.760
7210.000 6.875
7215.000 7.082
7220.000 7.205
7225.000 7.318
7230.000 7.553
7235.000 7.689
7240.000 7.821
7245.000 7.965
7250.000 8.263
7255.000 8.368
7260.000 8.580
7265.000 8.926
7270.000 9.103
7275.000 9.308
7280.000 9.491
7285.000 9.954
7290.000 10.189
7295.000 10.472
7300.000 10.730
7305.000 11.311
7310.000 11.619
7315.000 11.952
7320.000 12.724
7325.000 13.137
7330.000 13.598
7335.000 14.128
7340.000 15.375
7345.000 16.139
7350.000 16.979
7355.000 19.181
7360.000 20.202
7365.000 21.369
7370.000 24.206
7375.000 28.398
7380.000 30.906
7385.000 33.460
7390.000 39.186
7395.000 42.486
7400.000 46.103
7405.000 49.816
7410.000 56.342
7415.000 58.810
7420.000 61.196
7425.000 63.251
7430.000 65.571
7435.000 65.346
7440.000 63.624
7445.000 53.010
7450.000 46.108
7455.000 40.064
7460.000 33.319
7465.000 26.211
7470.000 24.484
7475.000 22.696
7480.000 21.169
7485.000 18.590
7490.000 17.505
7495.000 16.499
7500.000 14.868
7505.000 14.325
7510.000 13.886
7515.000 13.543
7520.000 12.929
7525.000 12.666
7530.000 12.366
7535.000 11.822
7540.000 11.607
7545.000 11.361
7550.000 11.129
7555.000 10.673
7560.000 10.412
7565.000 10.102
7570.000 9.762
7575.000 9.112
7580.000 8.797
7585.000 8.526
7590.000 8.040
7595.000 7.826
7600.000 7.618
7605.000 7.430
7610.000 7.079
7615.000 6.918
7620.000 6.755
7625.000 6.490
7630.000 6.376
7635.000 6.261
7640.000 6.143
7645.000 5.958
7650.000 5.872
7655.000 5.771
7660.000 5.600
7665.000 5.530
7670.000 5.465
7675.000 5.394
7680.000 5.274
7685.000 5.213
7690.000 5.150
7695.000 5.099
7700.000 5.004
7705.000 4.942
7710.000 4.929
7715.000 4.843
7720.000 4.808
7725.000 4.784
7730.000 4.744
7735.000 4.670
7740.000 4.646
7745.000 4.620
7750.000 4.572
7755.000 4.543
7760.000 4.518
7765.000 4.501
7770.000 4.462
7775.000 4.441
7780.000 4.432
7785.000 4.407
7790.000 4.388
7795.000 4.394
7800.000 4.368
7805.000 4.380
7810.000 4.369
7815.000 4.371
7820.000 4.369
7825.000 4.374
7830.000 4.380
7835.000 4.383
7840.000 4.403
7845.000 4.422
7850.000 4.446
7855.000 4.439
7860.000 4.480
7865.000 4.505
7870.000 4.531
7875.000 4.537
7880.000 4.616
7885.000 4.647
7890.000 4.690
7895.000 4.778
7900.000 4.819
7905.000 4.878
7910.000 4.944
7915.000 5.071
7920.000 5.168
7925.000 5.236
7930.000 5.437
7935.000 5.552
7940.000 5.684
7945.000 5.837
7950.000 6.158
7955.000 6.349
7960.000 6.613
7965.000 7.166
7970.000 7.434
7975.000 7.763
7980.000 8.139
7985.000 9.100
7990.000 9.726
7995.000 10.327
8000.000 11.136
8005.000 13.392
8010.000 15.134
8015.000 17.525
8020.000 25.801
8025.000 32.276
8030.000 39.917
8035.000 46.744
8040.000 58.371
8045.000 59.109
8050.000 47.064
8055.000 32.078
8060.000 6.588
8065.000 11.805
8070.000 8.016
8075.000 5.238
8080.000 4.216
8085.000 3.612
8090.000 2.514
8095.000 2.146
8100.000 1.843
8105.000 1.625
8110.000 1.319
8115.000 1.239
8120.000 1.182
8125.000 1.171
8130.000 1.177
8135.000 1.229
8140.000 1.258
8145.000 1.336
8150.000 1.387
8155.000 1.431
8160.000 1.480
8165.000 1.574
8170.000 1.615
8175.000 1.669
8180.000 1.750
8185.000 1.800
8190.000 1.843
8195.000 1.882
8200.000 1.974
8205.000 2.012
8210.000 2.057
8215.000 2.091
8220.000 2.177
8225.000 2.215
8230.000 2.252
8235.000 2.351
8240.000 2.384
8245.000 2.432
8250.000 2.474
8255.000 2.566
8260.000 2.610
8265.000 2.652
8270.000 2.691
8275.000 2.776
8280.000 2.826
8285.000 2.872
8290.000 2.981
8295.000 3.017
8300.000 3.067
8305.000 3.134
8310.000 3.247
8315.000 3.299
8320.000 3.366
8325.000 3.493
8330.000 3.555
8335.000 3.625
8340.000 3.712
8345.000 3.861
8350.000 3.956
8355.000 4.039
8360.000 4.206
8365.000 4.331
8370.000 4.420
8375.000 4.525
8380.000 4.793
8385.000 4.931
8390.000 5.081
8395.000 5.229
8400.000 5.556
8405.000 5.738
8410.000 5.960
8415.000 6.406
8420.000 6.645
8425.000 6.883
8430.000 7.113
8435.000 7.604
8440.000 7.832
8445.000 8.065
8450.000 8.496
8455.000 8.719
8460.000 8.971
8465.000 9.208
8470.000 9.880
8475.000 10.292
8480.000 10.674
8485.000 11.543
8490.000 12.127
8495.000 12.871
8500.000 13.779
8505.000 16.646
8510.000 19.087
8515.000 22.932
8520.000 28.504
8525.000 37.075
8530.000 29.849
8535.000 8.329
8540.000 9.191
8545.000 17.104
8550.000 16.010
8555.000 15.911
8560.000 19.269
8565.000 22.349
8570.000 24.921
8575.000 28.491
8580.000 34.685
8585.000 37.883
8590.000 41.166
8595.000 47.775
8600.000 50.803
8605.000 54.426
8610.000 57.148
8615.000 60.723
8620.000 61.689
8625.000 61.934
8630.000 59.744
8635.000 55.411
8640.000 50.222
8645.000 44.788
8650.000 34.032
8655.000 29.469
8660.000 25.307
8665.000 21.610
8670.000 18.621
8675.000 18.653
8680.000 18.012
8685.000 16.357
8690.000 15.596
8695.000 14.906
8700.000 14.206
8705.000 13.327
8710.000 13.012
8715.000 12.744
8720.000 12.238
8725.000 12.008
8730.000 11.761
8735.000 11.543
8740.000 11.116
8745.000 10.866
8750.000 10.690
8755.000 10.317
8760.000 10.181
8765.000 10.126
8770.000 9.919
8775.000 9.481
8780.000 9.192
8785.000 8.925
8790.000 8.656
8795.000 8.198
8800.000 7.990
8805.000 7.809
8810.000 7.471
8815.000 7.296
8820.000 7.153
8825.000 6.984
8830.000 6.741
8835.000 6.629
8840.000 6.500
8845.000 6.285
8850.000 6.183
8855.000 6.097
8860.000 6.001
8865.000 5.829
8870.000 5.761
8875.000 5.713
8880.000 5.581
8885.000 5.524
8890.000 5.461
8895.000 5.397
8900.000 5.250
8905.000 5.175
8910.000 5.110
8915.000 5.062
8920.000 4.955
8925.000 4.899
8930.000 4.872
8935.000 4.764
8940.000 4.741
8945.000 4.699
8950.000 4.661
8955.000 4.569
8960.000 4.523
8965.000 4.502
8970.000 4.474
8975.000 4.404
8980.000 4.377
8985.000 4.368
8990.000 4.309
8995.000 4.276
9000.000 4.257
9005.000 4.231
9010.000 4.185
9015.000 4.175
9020.000 4.154
9025.000 4.097
9030.000 4.100
9035.000 4.093
9040.000 4.067
9045.000 4.031
9050.000 4.016
9055.000 4.015
9060.000 4.011
9065.000 3.967
9070.000 3.968
9075.000 3.963
9080.000 3.943
9085.000 3.937
9090.000 3.931
9095.000 3.936
9100.000 3.917
9105.000 3.902
9110.000 3.906
9115.000 3.909
9120.000 3.907
9125.000 3.918
9130.000 3.898
9135.000 3.899
9140.000 3.912
9145.000 3.916
9150.000 3.935
9155.000 3.946
9160.000 3.952
9165.000 3.955
9170.000 3.982
9175.000 3.994
9180.000 3.995
9185.000 4.012
9190.000 4.061
9195.000 4.073
9200.000 4.096
9205.000 4.135
9210.000 4.146
9215.000 4.175
9220.000 4.217
9225.000 4.264
9230.000 4.293
9235.000 4.325
9240.000 4.396
9245.000 4.429
9250.000 4.482
9255.000 4.541
9260.000 4.627
9265.000 4.677
9270.000 4.739
9275.000 4.868
9280.000 4.941
9285.000 5.015
9290.000 5.098
9295.000 5.269
9300.000 5.354
9305.000 5.461
9310.000 5.649
9315.000 5.769
9320.000 5.840
9325.000 5.914
9330.000 6.122
9335.000 6.248
9340.000 6.361
9345.000 6.500
9350.000 6.799
9355.000 6.965
9360.000 7.167
9365.000 7.360
9370.000 7.854
9375.000 8.056
9380.000 8.321
9385.000 8.875
9390.000 9.168
9395.000 9.504
9400.000 9.922
9405.000 10.977
9410.000 11.645
9415.000 12.515
9420.000 14.906
9425.000 16.667
9430.000 18.959
9435.000 22.119
9440.000 32.071
9445.000 38.129
9450.000 44.395
9455.000 56.263
9460.000 59.459
9465.000 59.624
9470.000 50.125
9475.000 25.784
9480.000 14.424
9485.000 12.862
9490.000 9.476
9495.000 6.814
9500.000 5.615
9505.000 4.698
9510.000 3.249
9515.000 2.729
9520.000 2.261
9525.000 1.866
9530.000 1.268
9535.000 1.038
9540.000 0.865
9545.000 0.761
9550.000 0.802
9555.000 0.872
9560.000 0.981
9565.000 1.236
9570.000 1.370
9575.000 1.508
9580.000 1.759
9585.000 1.888
9590.000 2.024
9595.000 2.138
9600.000 2.379
9605.000 2.520
9610.000 2.641
9615.000 2.775
9620.000 3.115
9625.000 3.254
9630.000 3.401
9635.000 3.703
9640.000 3.865
9645.000 4.045
9650.000 4.229
9655.000 4.659
9660.000 4.893
9665.000 5.160
9670.000 5.765
9675.000 6.120
9680.000 6.511
9685.000 6.956
9690.000 8.155
9695.000 8.844
9700.000 9.666
9705.000 10.544
9710.000 12.791
9715.000 14.123
9720.000 15.641
9725.000 19.080
9730.000 20.909
9735.000 22.858
9740.000 24.875
9745.000 28.928
9750.000 31.108
9755.000 33.327
9760.000 35.720
9765.000 40.507
9770.000 43.118
9775.000 45.640
9780.000 51.170
9785.000 53.751
9790.000 55.984
9795.000 57.535
9800.000 58.707
9805.000 58.001
9810.000 55.816
9815.000 47.663
9820.000 43.493
9825.000 39.761
9830.000 36.437
9835.000 30.932
9840.000 28.395
9845.000 25.781
9850.000 20.048
9855.000 17.338
9860.000 15.082
9865.000 13.775
9870.000 13.334
9875.000 12.959
9880.000 12.466
9885.000 11.976
9890.000 11.118
9895.000 10.741
9900.000 10.378
9905.000 9.767
9910.000 9.498
9915.000 9.289
9920.000 9.115
9925.000 8.816
9930.000 8.646
9935.000 8.497
9940.000 8.097
9945.000 7.878
9950.000 7.645
9955.000 7.414
9960.000 7.014
9965.000 6.805
9970.000 6.638
9975.000 6.303
9980.000 6.142
9985.000 6.021
9990.000 5.879
9995.000 5.625
10000.000 5.513
