105.000 0.070
110.000 0.203
115.000 0.552
120.000 0.704
125.000 0.719
130.000 0.846
135.000 0.608
140.000 0.817
145.000 0.969
150.000 0.829
155.000 0.709
160.000 0.705
165.000 0.652
170.000 0.596
175.000 0.821
180.000 0.553
185.000 0.670
190.000 0.455
195.000 0.404
200.000 0.391
205.000 0.554
210.000 0.463
215.000 0.311
220.000 0.271
225.000 0.160
230.000 0.291
235.000 0.387
240.000 0.257
245.000 0.200
250.000 0.185
255.000 0.200
260.000 0.134
265.000 0.072
270.000 0.174
275.000 0.224
280.000 0.221
285.000 0.221
290.000 0.262
295.000 0.212
300.000 0.367
305.000 0.408
310.000 0.515
315.000 0.617
320.000 0.723
325.000 0.737
330.000 0.905
335.000 1.128
340.000 1.185
345.000 1.284
350.000 1.450
355.000 1.659
360.000 1.599
365.000 2.002
370.000 2.295
375.000 2.567
380.000 3.113
385.000 3.453
390.000 3.772
395.000 4.124
400.000 4.918
405.000 5.156
410.000 5.411
415.000 5.981
420.000 6.218
425.000 6.545
430.000 6.645
435.000 6.579
440.000 6.770
445.000 6.632
450.000 6.565
455.000 6.259
460.000 6.361
465.000 6.042
470.000 5.654
475.000 5.576
480.000 5.469
485.000 5.372
490.000 4.772
495.000 4.545
500.000 4.494
505.000 4.121
510.000 3.828
515.000 3.712
520.000 3.490
525.000 3.408
530.000 2.976
535.000 2.944
540.000 2.547
545.000 2.414
550.000 2.314
555.000 2.265
560.000 1.994
565.000 2.037
570.000 1.957
575.000 1.896
580.000 1.809
585.000 1.719
590.000 1.826
595.000 1.822
600.000 1.730
605.000 1.753
610.000 1.677
615.000 1.676
620.000 1.691
625.000 1.765
630.000 1.612
635.000 1.643
640.000 1.618
645.000 1.616
650.000 1.564
655.000 1.600
660.000 1.560
665.000 1.603
670.000 1.536
675.000 1.543
680.000 1.504
685.000 1.567
690.000 1.666
695.000 1.551
700.000 1.591
705.000 1.559
710.000 1.591
715.000 1.499
720.000 1.546
725.000 1.434
730.000 1.501
735.000 1.435
740.000 1.425
745.000 1.494
750.000 1.487
755.000 1.532
760.000 1.461
765.000 1.421
770.000 1.419
775.000 1.421
780.000 1.435
785.000 1.428
790.000 1.361
795.000 1.368
800.000 1.428
805.000 1.352
810.000 1.396
815.000 1.347
820.000 1.333
825.000 1.311
830.000 1.385
835.000 1.404
840.000 1.381
845.000 1.409
850.000 1.364
855.000 1.441
860.000 1.368
865.000 1.299
870.000 1.343
875.000 1.307
880.000 1.367
885.000 1.318
890.000 1.338
895.000 1.359
900.000 1.318
905.000 1.383
910.000 1.313
915.000 1.246
920.000 1.326
925.000 1.255
930.000 1.322
935.000 1.328
940.000 1.267
945.000 1.309
950.000 1.289
955.000 1.278
960.000 1.231
965.000 1.310
970.000 1.240
975.000 1.309
980.000 1.279
985.000 1.262
990.000 1.372
995.000 1.177
1000.000 1.292
1005.000 1.260
1010.000 1.361
1015.000 1.365
1020.000 1.332
1025.000 1.286
1030.000 1.408
1035.000 1.195
1040.000 1.290
1045.000 1.319
1050.000 1.310
1055.000 1.266
1060.000 1.294
1065.000 1.258
1070.000 1.250
1075.000 1.177
1080.000 1.203
1085.000 1.173
1090.000 1.186
1095.000 1.200
1100.000 1.214
1105.000 1.266
1110.000 1.152
1115.000 1.181
1120.000 1.263
1125.000 1.210
1130.000 1.193
1135.000 1.176
1140.000 1.192
1145.000 1.179
1150.000 1.176
1155.000 1.199
1160.000 1.184
1165.000 1.169
1170.000 1.155
1175.000 1.138
1180.000 1.237
1185.000 1.174
1190.000 1.143
1195.000 1.171
1200.000 1.095
1205.000 1.157
1210.000 1.121
1215.000 1.158
1220.000 1.144
1225.000 1.142
1230.000 1.139
1235.000 1.166
1240.000 1.107
1245.000 1.234
1250.000 1.154
1255.000 1.125
1260.000 1.104
1265.000 1.134
1270.000 1.167
1275.000 1.181
1280.000 1.117
1285.000 1.142
1290.000 1.080
1295.000 1.072
1300.000 1.093
1305.000 1.048
1310.000 1.092
1315.000 1.099
1320.000 1.074
1325.000 1.070
1330.000 1.133
1335.000 1.118
1340.000 1.075
1345.000 1.061
1350.000 1.040
1355.000 1.069
1360.000 1.057
1365.000 1.042
1370.000 1.025
1375.000 1.037
1380.000 1.085
1385.000 1.047
1390.000 1.030
1395.000 1.037
1400.000 1.048
1405.000 1.038
1410.000 1.051
1415.000 1.061
1420.000 1.033
1425.000 1.037
1430.000 1.018
1435.000 1.062
1440.000 1.065
1445.000 0.982
1450.000 1.002
1455.000 1.073
1460.000 1.097
1465.000 1.031
1470.000 1.021
1475.000 0.956
1480.000 0.967
1485.000 0.947
1490.000 0.949
1495.000 0.933
1500.000 0.926
1505.000 0.888
1510.000 0.890
1515.000 0.873
1520.000 0.866
1525.000 0.878
1530.000 0.857
1535.000 0.852
1540.000 0.821
1545.000 0.850
1550.000 0.836
1555.000 0.800
1560.000 0.835
1565.000 0.859
1570.000 0.815
1575.000 0.813
1580.000 0.840
1585.000 0.775
1590.000 0.795
1595.000 0.831
1600.000 0.821
1605.000 0.813
1610.000 0.809
1615.000 0.818
1620.000 0.797
1625.000 0.843
1630.000 0.827
1635.000 0.812
1640.000 0.759
1645.000 0.785
1650.000 0.830
1655.000 0.879
1660.000 0.868
1665.000 0.886
1670.000 0.880
1675.000 0.930
1680.000 0.934
1685.000 0.937
1690.000 0.954
1695.000 1.030
1700.000 0.989
1705.000 1.040
1710.000 1.107
1715.000 1.049
1720.000 1.118
1725.000 1.181
1730.000 1.196
1735.000 1.267
1740.000 1.281
1745.000 1.384
1750.000 1.392
1755.000 1.452
1760.000 1.532
1765.000 1.630
1770.000 1.649
1775.000 1.711
1780.000 1.766
1785.000 1.827
1790.000 1.914
1795.000 1.936
1800.000 2.078
1805.000 2.133
1810.000 2.144
1815.000 2.235
1820.000 2.336
1825.000 2.406
1830.000 2.470
1835.000 2.566
1840.000 2.576
1845.000 2.646
1850.000 2.746
1855.000 2.819
1860.000 2.837
1865.000 2.906
1870.000 3.040
1875.000 3.083
1880.000 3.039
1885.000 3.114
1890.000 3.222
1895.000 3.264
1900.000 3.268
1905.000 3.299
1910.000 3.364
1915.000 3.374
1920.000 3.413
1925.000 3.477
1930.000 3.490
1935.000 3.473
1940.000 3.467
1945.000 3.516
1950.000 3.608
1955.000 3.598
1960.000 3.606
1965.000 3.607
1970.000 3.543
1975.000 3.542
1980.000 3.580
1985.000 3.508
1990.000 3.498
1995.000 3.535
2000.000 3.601
2005.000 3.563
2010.000 3.543
2015.000 3.549
2020.000 3.581
2025.000 3.576
2030.000 3.632
2035.000 3.574
2040.000 3.625
2045.000 3.599
2050.000 3.640
2055.000 3.618
2060.000 3.640
2065.000 3.643
2070.000 3.849
2075.000 3.738
2080.000 3.774
2085.000 3.769
2090.000 3.758
2095.000 3.815
2100.000 3.841
2105.000 3.821
2110.000 3.839
2115.000 3.876
2120.000 3.901
2125.000 3.925
2130.000 3.982
2135.000 3.991
2140.000 4.066
2145.000 4.090
2150.000 4.116
2155.000 4.188
2160.000 4.259
2165.000 4.337
2170.000 4.349
2175.000 4.469
2180.000 4.571
2185.000 4.560
2190.000 4.649
2195.000 4.806
2200.000 4.904
2205.000 5.012
2210.000 5.107
2215.000 5.377
2220.000 5.471
2225.000 5.601
2230.000 5.939
2235.000 6.110
2240.000 6.365
2245.000 6.601
2250.000 7.300
2255.000 7.731
2260.000 8.263
2265.000 9.784
2270.000 10.861
2275.000 12.345
2280.000 14.254
2285.000 20.406
2290.000 25.103
2295.000 30.954
2300.000 44.770
2305.000 50.337
2310.000 53.672
2315.000 52.900
2320.000 45.296
2325.000 21.927
2330.000 19.061
2335.000 14.370
2340.000 9.365
2345.000 7.839
2350.000 6.634
2355.000 4.991
2360.000 4.409
2365.000 3.904
2370.000 3.508
2375.000 2.858
2380.000 2.589
2385.000 2.398
2390.000 2.055
2395.000 1.898
2400.000 1.757
2405.000 1.678
2410.000 1.504
2415.000 1.439
2420.000 1.388
2425.000 1.265
2430.000 1.251
2435.000 1.184
2440.000 1.159
2445.000 1.101
2450.000 1.077
2455.000 1.068
2460.000 1.028
2465.000 1.065
2470.000 1.025
2475.000 1.042
2480.000 1.017
2485.000 0.983
2490.000 0.994
2495.000 1.025
2500.000 1.042
2505.000 1.003
2510.000 1.027
2515.000 1.046
2520.000 1.059
2525.000 1.058
2530.000 1.065
2535.000 1.079
2540.000 1.080
2545.000 1.100
2550.000 1.115
2555.000 1.099
2560.000 1.151
2565.000 1.153
2570.000 1.173
2575.000 1.150
2580.000 1.182
2585.000 1.210
2590.000 1.210
2595.000 1.220
2600.000 1.238
2605.000 1.251
2610.000 1.288
2615.000 1.280
2620.000 1.298
2625.000 1.304
2630.000 1.321
2635.000 1.343
2640.000 1.348
2645.000 1.370
2650.000 1.358
2655.000 1.372
2660.000 1.396
2665.000 1.425
2670.000 1.430
2675.000 1.438
2680.000 1.464
2685.000 1.472
2690.000 1.488
2695.000 1.511
2700.000 1.518
2705.000 1.553
2710.000 1.553
2715.000 1.578
2720.000 1.588
2725.000 1.586
2730.000 1.642
2735.000 1.637
2740.000 1.627
2745.000 1.661
2750.000 1.668
2755.000 1.680
2760.000 1.712
2765.000 1.744
2770.000 1.761
2775.000 1.758
2780.000 1.756
2785.000 1.803
2790.000 1.798
2795.000 1.822
2800.000 1.825
2805.000 1.828
2810.000 1.846
2815.000 1.883
2820.000 1.887
2825.000 1.878
2830.000 1.879
2835.000 1.898
2840.000 1.906
2845.000 1.901
2850.000 1.923
2855.000 1.962
2860.000 1.959
2865.000 1.954
2870.000 1.956
2875.000 1.940
2880.000 1.943
2885.000 1.937
2890.000 1.939
2895.000 1.959
2900.000 1.951
2905.000 1.946
2910.000 1.931
2915.000 1.917
2920.000 1.888
2925.000 1.909
2930.000 1.890
2935.000 1.879
2940.000 1.897
2945.000 1.850
2950.000 1.837
2955.000 1.823
2960.000 1.806
2965.000 1.795
2970.000 1.775
2975.000 1.767
2980.000 1.729
2985.000 1.727
2990.000 1.788
2995.000 1.736
3000.000 1.707
3005.000 1.682
3010.000 1.684
3015.000 1.628
3020.000 1.577
3025.000 1.573
3030.000 1.585
3035.000 1.588
3040.000 1.612
3045.000 1.537
3050.000 1.533
3055.000 1.480
3060.000 1.500
3065.000 1.509
3070.000 1.494
3075.000 1.443
3080.000 1.430
3085.000 1.444
3090.000 1.422
3095.000 1.424
3100.000 1.423
3105.000 1.424
3110.000 1.427
3115.000 1.425
3120.000 1.407
3125.000 1.409
3130.000 1.383
3135.000 1.368
3140.000 1.367
3145.000 1.332
3150.000 1.329
3155.000 1.352
3160.000 1.368
3165.000 1.368
3170.000 1.357
3175.000 1.387
3180.000 1.414
3185.000 1.389
3190.000 1.390
3195.000 1.384
3200.000 1.371
3205.000 1.393
3210.000 1.392
3215.000 1.408
3220.000 1.406
3225.000 1.389
3230.000 1.405
3235.000 1.423
3240.000 1.427
3245.000 1.435
3250.000 1.427
3255.000 1.446
3260.000 1.438
3265.000 1.464
3270.000 1.491
3275.000 1.487
3280.000 1.528
3285.000 1.506
3290.000 1.508
3295.000 1.504
3300.000 1.524
3305.000 1.550
3310.000 1.565
3315.000 1.597
3320.000 1.612
3325.000 1.629
3330.000 1.654
3335.000 1.656
3340.000 1.674
3345.000 1.711
3350.000 1.713
3355.000 1.767
3360.000 1.772
3365.000 1.803
3370.000 1.831
3375.000 1.875
3380.000 1.890
3385.000 1.933
3390.000 1.939
3395.000 2.002
3400.000 2.046
3405.000 2.086
3410.000 2.100
3415.000 2.126
3420.000 2.195
3425.000 2.240
3430.000 2.253
3435.000 2.346
3440.000 2.394
3445.000 2.434
3450.000 2.539
3455.000 2.546
3460.000 2.580
3465.000 2.654
3470.000 2.807
3475.000 2.852
3480.000 2.946
3485.000 3.060
3490.000 3.133
3495.000 3.211
3500.000 3.292
3505.000 3.527
3510.000 3.626
3515.000 3.730
3520.000 4.005
3525.000 4.130
3530.000 4.274
3535.000 4.430
3540.000 4.717
3545.000 4.862
3550.000 5.000
3555.000 5.183
3560.000 5.525
3565.000 5.678
3570.000 5.858
3575.000 6.316
3580.000 6.578
3585.000 6.854
3590.000 7.165
3595.000 7.830
3600.000 8.223
3605.000 8.633
3610.000 9.185
3615.000 10.388
3620.000 11.150
3625.000 11.983
3630.000 14.207
3635.000 15.480
3640.000 17.159
3645.000 19.139
3650.000 23.976
3655.000 27.183
3660.000 31.049
3665.000 39.762
3670.000 43.835
3675.000 48.308
3680.000 52.741
3685.000 61.476
3690.000 65.418
3695.000 68.093
3700.000 71.048
3705.000 71.209
3710.000 62.664
3715.000 51.260
3720.000 36.055
3725.000 31.438
3730.000 26.823
3735.000 24.003
3740.000 18.325
3745.000 16.760
3750.000 15.213
3755.000 13.413
3760.000 12.510
3765.000 11.657
3770.000 10.765
3775.000 10.113
3780.000 9.603
3785.000 8.902
3790.000 8.336
3795.000 7.592
3800.000 7.576
3805.000 7.277
3810.000 6.655
3815.000 6.465
3820.000 6.214
3825.000 5.849
3830.000 5.580
3835.000 5.409
3840.000 5.300
3845.000 5.031
3850.000 4.868
3855.000 4.784
3860.000 4.651
3865.000 4.480
3870.000 4.375
3875.000 4.288
3880.000 4.118
3885.000 4.048
3890.000 3.999
3895.000 3.915
3900.000 3.782
3905.000 3.728
3910.000 3.684
3915.000 3.600
3920.000 3.547
3925.000 3.488
3930.000 3.462
3935.000 3.376
3940.000 3.317
3945.000 3.301
3950.000 3.232
3955.000 3.209
3960.000 3.186
3965.000 3.162
3970.000 3.083
3975.000 3.074
3980.000 3.008
3985.000 2.985
3990.000 2.969
3995.000 2.944
4000.000 2.929
4005.000 2.862
4010.000 2.818
4015.000 2.842
4020.000 2.812
4025.000 2.784
4030.000 2.757
4035.000 2.737
4040.000 2.702
4045.000 2.683
4050.000 2.624
4055.000 2.640
4060.000 2.608
4065.000 2.608
4070.000 2.576
4075.000 2.584
4080.000 2.575
4085.000 2.556
4090.000 2.525
4095.000 2.510
4100.000 2.508
4105.000 2.490
4110.000 2.486
4115.000 2.456
4120.000 2.454
4125.000 2.440
4130.000 2.424
4135.000 2.397
4140.000 2.401
4145.000 2.383
4150.000 2.365
4155.000 2.373
4160.000 2.362
4165.000 2.333
4170.000 2.316
4175.000 2.316
4180.000 2.293
4185.000 2.280
4190.000 2.250
4195.000 2.246
4200.000 2.233
4205.000 2.205
4210.000 2.219
4215.000 2.215
4220.000 2.193
4225.000 2.163
4230.000 2.169
4235.000 2.147
4240.000 2.125
4245.000 2.114
4250.000 2.091
4255.000 2.087
4260.000 2.056
4265.000 2.058
4270.000 2.026
4275.000 2.001
4280.000 1.984
4285.000 1.988
4290.000 1.976
4295.000 1.983
4300.000 1.984
4305.000 1.976
4310.000 1.967
4315.000 1.972
4320.000 1.970
4325.000 1.981
4330.000 1.984
4335.000 1.980
4340.000 1.999
4345.000 2.010
4350.000 2.016
4355.000 2.019
4360.000 2.011
4365.000 2.027
4370.000 2.040
4375.000 2.025
4380.000 2.035
4385.000 2.052
4390.000 2.054
4395.000 2.064
4400.000 2.054
4405.000 2.061
4410.000 2.084
4415.000 2.087
4420.000 2.086
4425.000 2.102
4430.000 2.112
4435.000 2.101
4440.000 2.105
4445.000 2.106
4450.000 2.116
4455.000 2.116
4460.000 2.131
4465.000 2.142
4470.000 2.145
4475.000 2.181
4480.000 2.172
4485.000 2.160
4490.000 2.172
4495.000 2.198
4500.000 2.191
4505.000 2.213
4510.000 2.229
4515.000 2.223
4520.000 2.214
4525.000 2.238
4530.000 2.265
4535.000 2.253
4540.000 2.267
4545.000 2.309
4550.000 2.314
4555.000 2.318
4560.000 2.323
4565.000 2.344
4570.000 2.352
4575.000 2.364
4580.000 2.388
4585.000 2.399
4590.000 2.423
4595.000 2.438
4600.000 2.480
4605.000 2.468
4610.000 2.494
4615.000 2.539
4620.000 2.558
4625.000 2.583
4630.000 2.582
4635.000 2.630
4640.000 2.641
4645.000 2.668
4650.000 2.699
4655.000 2.729
4660.000 2.784
4665.000 2.809
4670.000 2.857
4675.000 2.889
4680.000 2.923
4685.000 2.947
4690.000 3.020
4695.000 3.067
4700.000 3.100
4705.000 3.201
4710.000 3.231
4715.000 3.297
4720.000 3.337
4725.000 3.443
4730.000 3.500
4735.000 3.564
4740.000 3.628
4745.000 3.770
4750.000 3.841
4755.000 3.926
4760.000 4.065
4765.000 4.088
4770.000 4.157
4775.000 4.216
4780.000 4.335
4785.000 4.396
4790.000 4.458
4795.000 4.550
4800.000 4.686
4805.000 4.799
4810.000 4.884
4815.000 5.066
4820.000 5.168
4825.000 5.282
4830.000 5.374
4835.000 5.599
4840.000 5.736
4845.000 5.884
4850.000 6.213
4855.000 6.385
4860.000 6.586
4865.000 6.795
4870.000 7.288
4875.000 7.567
4880.000 7.869
4885.000 8.526
4890.000 8.889
4895.000 9.322
4900.000 9.822
4905.000 10.881
4910.000 11.553
4915.000 12.264
4920.000 13.181
4925.000 15.436
4930.000 16.903
4935.000 18.679
4940.000 23.290
4945.000 26.274
4950.000 29.819
4955.000 33.310
4960.000 39.902
4965.000 46.874
4970.000 59.196
4975.000 67.014
4980.000 68.633
4985.000 70.738
4990.000 69.929
4995.000 49.631
5000.000 40.961
5005.000 34.652
5010.000 24.533
5015.000 21.210
5020.000 18.773
5025.000 16.590
5030.000 13.766
5035.000 12.701
5040.000 11.775
5045.000 10.931
5050.000 9.683
5055.000 9.129
5060.000 8.628
5065.000 7.749
5070.000 7.356
5075.000 7.006
5080.000 6.697
5085.000 6.163
5090.000 5.893
5095.000 5.648
5100.000 5.462
5105.000 5.106
5110.000 4.948
5115.000 4.797
5120.000 4.549
5125.000 4.438
5130.000 4.336
5135.000 4.217
5140.000 4.064
5145.000 3.976
5150.000 3.900
5155.000 3.764
5160.000 3.708
5165.000 3.654
5170.000 3.594
5175.000 3.489
5180.000 3.450
5185.000 3.399
5190.000 3.327
5195.000 3.293
5200.000 3.263
5205.000 3.229
5210.000 3.169
5215.000 3.142
5220.000 3.127
5225.000 3.080
5230.000 3.051
5235.000 3.057
5240.000 3.015
5245.000 2.969
5250.000 2.965
5255.000 2.950
5260.000 2.912
5265.000 2.889
5270.000 2.876
5275.000 2.863
5280.000 2.826
5285.000 2.817
5290.000 2.815
5295.000 2.794
5300.000 2.782
5305.000 2.764
5310.000 2.747
5315.000 2.733
5320.000 2.729
5325.000 2.698
5330.000 2.688
5335.000 2.663
5340.000 2.663
5345.000 2.657
5350.000 2.659
5355.000 2.632
5360.000 2.632
5365.000 2.626
5370.000 2.600
5375.000 2.595
5380.000 2.575
5385.000 2.566
5390.000 2.562
5395.000 2.539
5400.000 2.528
5405.000 2.516
5410.000 2.500
5415.000 2.491
5420.000 2.492
5425.000 2.462
5430.000 2.474
5435.000 2.457
5440.000 2.435
5445.000 2.436
5450.000 2.414
5455.000 2.419
5460.000 2.404
5465.000 2.403
5470.000 2.398
5475.000 2.389
5480.000 2.380
5485.000 2.363
5490.000 2.369
5495.000 2.357
5500.000 2.342
5505.000 2.334
5510.000 2.336
5515.000 2.337
5520.000 2.339
5525.000 2.326
5530.000 2.321
5535.000 2.320
5540.000 2.308
5545.000 2.315
5550.000 2.311
5555.000 2.320
5560.000 2.306
5565.000 2.295
5570.000 2.320
5575.000 2.284
5580.000 2.294
5585.000 2.301
5590.000 2.297
5595.000 2.299
5600.000 2.296
5605.000 2.293
5610.000 2.309
5615.000 2.303
5620.000 2.317
5625.000 2.305
5630.000 2.305
5635.000 2.329
5640.000 2.325
5645.000 2.328
5650.000 2.342
5655.000 2.335
5660.000 2.347
5665.000 2.347
5670.000 2.356
5675.000 2.374
5680.000 2.366
5685.000 2.387
5690.000 2.392
5695.000 2.425
5700.000 2.427
5705.000 2.441
5710.000 2.448
5715.000 2.457
5720.000 2.458
5725.000 2.488
5730.000 2.502
5735.000 2.515
5740.000 2.541
5745.000 2.542
5750.000 2.584
5755.000 2.593
5760.000 2.605
5765.000 2.653
5770.000 2.659
5775.000 2.671
5780.000 2.697
5785.000 2.735
5790.000 2.755
5795.000 2.785
5800.000 2.834
5805.000 2.863
5810.000 2.874
5815.000 2.901
5820.000 2.970
5825.000 2.986
5830.000 3.004
5835.000 3.088
5840.000 3.120
5845.000 3.167
5850.000 3.192
5855.000 3.276
5860.000 3.318
5865.000 3.366
5870.000 3.407
5875.000 3.514
5880.000 3.555
5885.000 3.620
5890.000 3.673
5895.000 3.815
5900.000 3.883
5905.000 3.967
5910.000 4.118
5915.000 4.183
5920.000 4.258
5925.000 4.350
5930.000 4.532
5935.000 4.613
5940.000 6.051
5945.000 5.968
5950.000 5.862
5955.000 5.857
5960.000 5.906
5965.000 5.909
5970.000 5.944
5975.000 6.055
5980.000 6.245
5985.000 6.334
5990.000 6.460
5995.000 6.162
6000.000 9.517
6005.000 9.205
6010.000 8.841
6015.000 8.596
6020.000 8.212
6025.000 8.091
6030.000 8.004
6035.000 9.570
6040.000 9.790
6045.000 9.545
6050.000 9.432
6055.000 9.276
6060.000 9.311
6065.000 9.363
6070.000 9.662
6075.000 9.877
6080.000 10.131
6085.000 10.394
6090.000 10.932
6095.000 11.251
6100.000 11.558
6105.000 12.317
6110.000 12.720
6115.000 13.112
6125.000 16.404
6135.000 18.132
6140.000 18.255
6145.000 18.543
6150.000 20.075
6155.000 21.797
6160.000 23.753
6165.000 28.150
6170.000 30.598
6175.000 33.345
6180.000 36.394
6190.000 35.741
6195.000 37.682
6200.000 43.465
6205.000 49.360
6210.000 54.948
6215.000 61.731
6220.000 62.852
6225.000 62.752
6230.000 61.309
6235.000 51.597
6240.000 44.944
6245.000 39.078
6250.000 31.119
6255.000 28.068
6260.000 25.731
6265.000 23.944
6270.000 21.499
6275.000 20.759
6280.000 20.127
6285.000 19.634
6290.000 18.766
6295.000 18.314
6300.000 17.896
6305.000 16.987
6310.000 16.522
6315.000 16.122
6320.000 15.702
6325.000 14.890
6330.000 14.503
6335.000 14.117
6340.000 13.373
6345.000 13.010
6350.000 12.705
6355.000 12.400
6360.000 11.861
6365.000 11.616
6370.000 11.408
6375.000 10.992
6380.000 10.804
6385.000 10.619
6390.000 10.441
6395.000 10.148
6400.000 10.024
6405.000 9.919
6410.000 9.646
6415.000 9.498
6420.000 9.338
6425.000 9.210
6430.000 8.984
6435.000 8.893
6440.000 8.820
6445.000 8.728
6450.000 8.626
6455.000 8.580
6460.000 8.537
6465.000 8.536
6470.000 8.585
6475.000 8.644
6480.000 8.694
6485.000 8.877
6490.000 9.011
6495.000 9.197
6500.000 9.379
6505.000 9.861
6510.000 10.115
6515.000 10.450
6520.000 11.334
6525.000 12.036
6530.000 13.038
6535.000 14.489
6540.000 20.420
6545.000 26.471
6550.000 34.941
6555.000 52.132
6560.000 57.840
6565.000 57.951
6570.000 41.493
6575.000 10.662
6580.000 7.341
6585.000 1.550
6590.000 2.064
6595.000 1.172
6600.000 1.124
6605.000 1.315
6610.000 1.752
6615.000 1.846
6620.000 1.994
6625.000 2.104
6630.000 2.253
6635.000 2.324
6640.000 2.372
6645.000 2.456
6650.000 2.490
6655.000 2.520
6660.000 2.530
6665.000 2.573
6670.000 2.586
6675.000 2.601
6680.000 2.640
6685.000 2.646
6690.000 2.658
6695.000 2.660
6700.000 2.690
6705.000 2.685
6710.000 2.717
6715.000 2.700
6720.000 2.717
6725.000 2.741
6730.000 2.737
6735.000 2.756
6740.000 2.771
6745.000 2.762
6750.000 2.780
6755.000 2.800
6760.000 2.816
6765.000 2.813
6770.000 2.821
6775.000 2.835
6780.000 2.848
6785.000 2.863
6790.000 2.866
6795.000 2.865
6800.000 2.884
6805.000 2.898
6810.000 2.909
6815.000 2.909
6820.000 2.928
6825.000 2.947
6830.000 2.938
6835.000 2.955
6840.000 2.962
6845.000 2.972
6850.000 2.989
6855.000 2.983
6860.000 3.000
6865.000 3.016
6870.000 3.035
6875.000 3.042
6880.000 3.072
6885.000 3.067
6890.000 3.076
6895.000 3.092
6900.000 3.114
6905.000 3.122
6910.000 3.140
6915.000 3.163
6920.000 3.188
6925.000 3.189
6930.000 3.220
6935.000 3.244
6940.000 3.252
6945.000 3.284
6950.000 3.298
6955.000 3.319
6960.000 3.339
6965.000 3.343
6970.000 3.386
6975.000 3.407
6980.000 3.427
6985.000 3.443
6990.000 3.496
6995.000 3.498
7000.000 3.529
7005.000 3.578
7010.000 3.608
7015.000 3.650
7020.000 3.674
7025.000 3.718
7030.000 3.754
7035.000 3.793
7040.000 3.841
7045.000 3.887
7050.000 3.929
7055.000 3.979
7060.000 4.050
7065.000 4.114
7070.000 4.144
7075.000 4.246
7080.000 4.303
7085.000 4.356
7090.000 4.426
7095.000 4.516
7100.000 4.591
7105.000 4.649
7110.000 4.714
7115.000 4.856
7120.000 4.930
7125.000 5.013
7130.000 5.170
7135.000 5.269
7140.000 5.360
7145.000 5.469
7150.000 5.707
7155.000 5.832
7160.000 5.973
7165.000 6.265
7170.000 6.420
7175.000 6.567
7180.000 6.750
7185.000 6.918
7190.000 7.004
7195.000 7.116
7200.000 7.211
7205.000 7.426
7210.000 7.532
7215.000 7.652
7220.000 7.857
7225.000 8.002
7230.000 8.137
7235.000 8.272
7240.000 8.572
7245.000 8.737
7250.000 8.872
7255.000 9.041
7260.000 9.398
7265.000 9.580
7270.000 9.780
7275.000 10.216
7280.000 10.441
7285.000 10.693
7290.000 10.948
7295.000 11.499
7300.000 11.776
7305.000 12.095
7310.000 12.769
7315.000 13.183
7320.000 13.626
7325.000 14.081
7330.000 15.056
7335.000 15.685
7340.000 16.313
7345.000 18.009
7350.000 19.068
7355.000 20.300
7360.000 21.566
7365.000 25.080
7370.000 27.072
7375.000 28.841
7380.000 30.902
7385.000 35.598
7390.000 38.286
7395.000 41.291
7400.000 48.156
7405.000 51.651
7410.000 54.563
7415.000 57.065
7420.000 61.863
7425.000 63.735
7430.000 64.944
7435.000 64.905
7440.000 63.306
7445.000 59.561
7450.000 54.119
7455.000 42.284
7460.000 37.248
7465.000 32.673
7470.000 27.070
7475.000 25.007
7480.000 23.291
7485.000 21.838
7495.000 30.785
7500.000 27.611
7505.000 22.588
7510.000 20.677
7515.000 19.111
7520.000 16.646
7525.000 15.672
7530.000 14.748
7535.000 14.068
7540.000 13.094
7545.000 12.739
7550.000 12.449
7555.000 12.195
7560.000 11.755
7565.000 11.552
7570.000 11.326
7575.000 10.971
7580.000 10.777
7585.000 10.607
7590.000 10.392
7595.000 9.890
7600.000 9.621
7605.000 9.350
7610.000 8.846
7615.000 8.598
7620.000 8.400
7625.000 8.189
7630.000 7.803
7635.000 7.648
7640.000 7.469
7645.000 7.321
7650.000 7.050
7655.000 6.940
7660.000 6.814
7665.000 6.629
7670.000 6.506
7675.000 6.440
7680.000 6.336
7685.000 6.187
7690.000 6.107
7695.000 6.038
7700.000 5.905
7705.000 5.848
7710.000 5.792
7715.000 5.716
7720.000 5.620
7725.000 5.586
7730.000 5.549
7735.000 5.454
7740.000 5.427
7745.000 5.384
7750.000 5.364
7755.000 5.289
7760.000 5.265
7765.000 5.244
7770.000 5.207
7775.000 5.176
7780.000 5.149
7785.000 5.124
7790.000 5.107
7795.000 5.090
7800.000 5.097
7805.000 5.082
7810.000 5.081
7815.000 5.070
7820.000 5.052
7825.000 5.065
7830.000 5.066
7835.000 5.090
7840.000 5.101
7845.000 5.112
7850.000 5.129
7855.000 5.140
7860.000 5.202
7865.000 5.209
7870.000 5.258
7875.000 5.297
7880.000 5.367
7885.000 5.405
7890.000 5.441
7895.000 5.492
7900.000 5.631
7905.000 5.719
7910.000 5.785
7915.000 5.855
7920.000 6.044
7925.000 6.151
7930.000 6.301
7935.000 6.556
7940.000 6.703
7945.000 6.906
7950.000 7.060
7955.000 7.421
7960.000 7.637
7965.000 7.882
7970.000 8.435
7975.000 8.758
7980.000 9.151
7985.000 9.513
7990.000 10.318
7995.000 10.920
8000.000 11.606
8005.000 13.691
8010.000 15.258
8015.000 17.484
8020.000 20.592
8025.000 31.622
8030.000 39.097
8035.000 46.342
8040.000 52.921
8045.000 59.722
8050.000 54.355
8055.000 30.916
8060.000 9.566
8065.000 10.453
8070.000 9.631
8075.000 7.150
8080.000 4.096
8085.000 3.231
8090.000 2.712
8095.000 1.874
8100.000 1.606
8105.000 1.429
8110.000 1.306
8115.000 1.200
8120.000 1.223
8125.000 1.267
8130.000 1.371
8135.000 1.448
8140.000 1.503
8145.000 1.570
8150.000 1.699
8155.000 1.756
8160.000 1.820
8165.000 1.874
8170.000 1.983
8175.000 2.055
8180.000 2.100
8185.000 2.201
8190.000 2.255
8195.000 2.303
8200.000 2.348
8205.000 2.450
8210.000 2.499
8215.000 2.536
8220.000 2.648
8225.000 2.694
8230.000 2.734
8235.000 2.800
8240.000 2.905
8245.000 2.957
8250.000 3.003
8255.000 3.118
8260.000 3.170
8265.000 3.227
8270.000 3.287
8275.000 3.406
8280.000 3.461
8285.000 3.507
8290.000 3.594
8295.000 3.744
8300.000 3.804
8305.000 3.866
8310.000 3.945
8315.000 4.080
8320.000 4.164
8325.000 4.257
8330.000 4.424
8335.000 4.529
8340.000 4.617
8345.000 4.728
8350.000 4.938
8355.000 5.073
8360.000 5.211
8365.000 5.499
8370.000 5.653
8375.000 5.816
8380.000 5.979
8385.000 6.387
8390.000 6.612
8395.000 6.840
8400.000 7.228
8405.000 7.445
8410.000 7.664
8415.000 7.911
8420.000 8.256
8425.000 8.449
8430.000 8.627
8435.000 8.825
8440.000 9.253
8445.000 9.445
8450.000 9.699
8455.000 10.270
8460.000 10.511
8465.000 10.833
8470.000 11.152
8475.000 11.837
8480.000 12.270
8485.000 12.720
8490.000 13.979
8495.000 14.792
8500.000 15.856
8505.000 17.204
8510.000 22.150
8515.000 26.511
8520.000 32.114
8525.000 38.256
8530.000 26.596
8535.000 8.122
8540.000 22.052
8545.000 17.630
8550.000 19.061
8555.000 19.285
8560.000 20.746
8565.000 26.104
8570.000 28.836
8575.000 31.782
8580.000 37.406
8585.000 40.572
8590.000 43.750
8595.000 46.922
8600.000 53.360
8605.000 55.984
8610.000 58.225
8620.000 55.342
8625.000 55.872
8630.000 54.907
8635.000 52.434
8640.000 44.659
8645.000 40.401
8650.000 36.747
8655.000 29.993
8660.000 26.926
8665.000 24.232
8670.000 22.048
8675.000 20.060
8680.000 19.419
8685.000 18.846
8690.000 18.306
8695.000 17.858
8700.000 17.316
8705.000 16.811
8710.000 15.838
8715.000 15.387
8720.000 14.976
8725.000 14.580
8730.000 13.917
8735.000 13.617
8740.000 13.338
8745.000 12.837
8750.000 12.601
8755.000 12.352
8760.000 12.125
8765.000 11.737
8770.000 11.550
8775.000 11.366
8780.000 10.994
8785.000 10.822
8790.000 10.661
8795.000 10.498
8800.000 10.196
8805.000 10.029
8810.000 9.848
8815.000 9.500
8820.000 9.324
8825.000 9.155
8830.000 8.954
8835.000 8.559
8840.000 8.414
8845.000 8.249
8850.000 8.114
8855.000 7.847
8860.000 7.705
8865.000 7.585
8870.000 7.430
8875.000 7.317
8880.000 7.234
8885.000 7.143
8890.000 6.952
8895.000 6.848
8900.000 6.739
8905.000 6.548
8910.000 6.451
8915.000 6.363
8920.000 6.284
8925.000 6.148
8930.000 6.087
8935.000 6.045
8940.000 5.914
8945.000 5.864
8950.000 5.808
8955.000 5.761
8960.000 5.685
8965.000 5.624
8970.000 5.576
8975.000 5.522
8980.000 5.472
8985.000 5.420
8995.000 6.218
9000.000 6.194
9005.000 6.164
9010.000 6.151
9015.000 6.157
9020.000 6.128
9025.000 6.086
9030.000 6.042
9035.000 6.022
9040.000 5.987
9045.000 5.922
9050.000 5.944
9055.000 5.908
9060.000 5.865
9065.000 5.849
9070.000 5.824
9075.000 5.795
9080.000 5.786
9085.000 5.778
9090.000 5.750
9095.000 5.721
9100.000 5.731
9105.000 5.740
9110.000 5.711
9115.000 5.713
9120.000 5.699
9125.000 5.693
9130.000 5.704
9135.000 5.715
9140.000 5.710
9145.000 5.707
9150.000 5.708
9155.000 5.742
9160.000 5.754
9165.000 5.753
9170.000 5.777
9175.000 5.779
9180.000 5.816
9185.000 5.822
9190.000 5.860
9195.000 5.881
9200.000 5.907
9205.000 5.929
9210.000 5.973
9215.000 6.013
9220.000 6.056
9225.000 6.084
9230.000 6.128
9235.000 6.194
9240.000 6.209
9245.000 6.248
9250.000 6.307
9255.000 6.328
9260.000 6.390
9265.000 6.417
9270.000 6.503
9275.000 6.551
9280.000 6.632
9285.000 6.664
9290.000 6.789
9295.000 6.866
9300.000 6.895
9305.000 6.969
9310.000 7.076
9315.000 7.148
9320.000 7.256
9325.000 7.445
9330.000 7.548
9335.000 7.667
9340.000 7.744
9345.000 7.974
9350.000 8.117
9355.000 8.250
9360.000 8.527
9365.000 8.699
9370.000 8.899
9375.000 9.131
9380.000 9.571
9385.000 9.859
9390.000 10.173
9395.000 10.870
9400.000 11.292
9405.000 11.780
9410.000 12.374
9415.000 13.968
9420.000 15.079
9425.000 16.493
9430.000 18.380
9435.000 24.595
9440.000 29.382
9445.000 34.853
9450.000 47.329
9455.000 53.665
9460.000 58.421
9465.000 61.138
9470.000 47.942
9475.000 22.224
9480.000 21.157
9485.000 11.075
9490.000 9.074
9495.000 7.228
9500.000 5.792
9505.000 3.823
9510.000 3.043
9515.000 2.412
9520.000 1.456
9525.000 1.072
9530.000 0.814
9535.000 0.690
9540.000 0.866
9545.000 1.051
9550.000 1.233
9555.000 1.433
9560.000 1.804
9565.000 1.989
9570.000 2.157
9575.000 2.503
9580.000 2.668
9585.000 2.828
9590.000 2.982
9595.000 3.295
9600.000 3.453
9605.000 3.607
9610.000 3.917
9615.000 4.094
9620.000 4.298
9625.000 4.502
9630.000 4.941
9635.000 5.183
9640.000 5.457
9645.000 6.044
9650.000 6.379
9655.000 6.762
9660.000 7.138
9665.000 8.142
9670.000 8.746
9675.000 9.355
9680.000 10.070
9685.000 11.741
9690.000 12.744
9695.000 13.841
9700.000 15.057
9705.000 17.748
9710.000 19.279
9715.000 20.836
9720.000 24.134
9725.000 25.782
9730.000 27.643
9735.000 29.440
9740.000 32.991
9745.000 34.964
9750.000 36.919
9755.000 40.801
9760.000 42.918
9765.000 45.090
9770.000 47.401
9775.000 52.268
9780.000 54.720
9785.000 56.921
9790.000 60.319
9795.000 61.547
9800.000 62.205
9805.000 62.204
9810.000 59.109
9815.000 56.182
9820.000 53.006
9825.000 49.541
9830.000 42.478
9835.000 39.422
9840.000 36.753
9845.000 31.906
9850.000 29.469
9855.000 26.793
9860.000 24.018
9865.000 20.035
9870.000 19.270
9875.000 18.543
9880.000 16.835
9885.000 16.046
9890.000 15.294
9895.000 14.576
9900.000 13.491
9905.000 13.027
9910.000 12.623
9915.000 11.829
9920.000 11.492
9925.000 11.243
9930.000 11.011
9935.000 10.640
9940.000 10.463
9945.000 10.277
9950.000 9.966
9955.000 9.802
9960.000 9.640
9965.000 9.462
9970.000 9.111
9975.000 8.905
9980.000 8.696
9985.000 8.456
9990.000 8.034
9995.000 7.852
10000.000 7.700
