105.000 0.089
110.000 0.279
115.000 0.564
120.000 0.726
125.000 0.817
130.000 1.007
135.000 0.793
140.000 0.970
145.000 0.810
150.000 0.962
155.000 0.789
160.000 0.772
165.000 0.646
170.000 0.603
175.000 0.790
180.000 0.539
185.000 0.441
190.000 0.456
195.000 0.419
200.000 0.387
205.000 0.558
210.000 0.454
215.000 0.517
220.000 0.414
225.000 0.291
230.000 0.220
235.000 0.205
240.000 0.259
245.000 0.196
250.000 0.167
255.000 0.163
260.000 0.178
265.000 0.110
270.000 0.142
275.000 0.136
280.000 0.199
285.000 0.251
290.000 0.431
295.000 0.296
300.000 0.396
305.000 0.390
310.000 0.492
315.000 0.562
320.000 0.545
325.000 0.586
330.000 0.872
335.000 1.178
340.000 1.198
345.000 1.187
350.000 1.475
355.000 1.526
360.000 1.777
365.000 2.013
370.000 2.424
375.000 2.459
380.000 2.717
385.000 3.283
390.000 3.541
395.000 4.023
400.000 4.813
405.000 5.221
410.000 5.498
415.000 5.727
420.000 6.134
425.000 6.683
430.000 6.583
435.000 6.687
440.000 6.654
445.000 6.571
450.000 6.591
455.000 6.217
460.000 6.202
465.000 5.883
470.000 5.521
475.000 5.453
480.000 5.252
485.000 5.078
490.000 4.521
495.000 4.384
500.000 4.162
505.000 3.944
510.000 3.507
515.000 3.154
520.000 3.038
525.000 2.930
530.000 2.618
535.000 2.577
540.000 2.449
545.000 2.192
550.000 2.129
555.000 2.039
560.000 1.950
565.000 1.870
570.000 1.876
575.000 1.805
580.000 1.829
585.000 1.809
590.000 1.795
595.000 1.775
600.000 1.715
605.000 1.755
610.000 1.756
615.000 1.666
620.000 1.690
625.000 1.722
630.000 1.654
635.000 1.603
640.000 1.603
645.000 1.598
650.000 1.522
655.000 1.645
660.000 1.526
665.000 1.554
670.000 1.657
675.000 1.580
680.000 1.477
685.000 1.567
690.000 1.568
695.000 1.489
700.000 1.486
705.000 1.538
710.000 1.617
715.000 1.547
720.000 1.641
725.000 1.466
730.000 1.530
735.000 1.435
740.000 1.449
745.000 1.459
750.000 1.433
755.000 1.406
760.000 1.496
765.000 1.418
770.000 1.447
775.000 1.420
780.000 1.416
785.000 1.411
790.000 1.403
795.000 1.353
800.000 1.412
805.000 1.350
810.000 1.426
815.000 1.414
820.000 1.359
825.000 1.350
830.000 1.347
835.000 1.366
840.000 1.354
845.000 1.390
850.000 1.383
855.000 1.309
860.000 1.326
865.000 1.328
870.000 1.351
875.000 1.274
880.000 1.358
885.000 1.314
890.000 1.390
895.000 1.368
900.000 1.271
905.000 1.331
910.000 1.253
915.000 1.263
920.000 1.341
925.000 1.295
930.000 1.303
935.000 1.306
940.000 1.321
945.000 1.289
950.000 1.278
955.000 1.253
960.000 1.183
965.000 1.318
970.000 1.347
975.000 1.213
980.000 1.180
985.000 1.332
990.000 1.184
995.000 1.391
1000.000 1.199
1005.000 1.247
1010.000 1.219
1015.000 1.247
1020.000 1.286
1025.000 1.273
1030.000 1.353
1035.000 1.342
1040.000 1.299
1045.000 1.187
1050.000 1.171
1055.000 1.301
1060.000 1.332
1065.000 1.240
1070.000 1.243
1075.000 1.198
1080.000 1.255
1085.000 1.183
1090.000 1.288
1095.000 1.242
1100.000 1.224
1105.000 1.222
1110.000 1.187
1115.000 1.174
1120.000 1.205
1125.000 1.210
1130.000 1.219
1135.000 1.184
1140.000 1.184
1145.000 1.154
1150.000 1.159
1155.000 1.167
1160.000 1.164
1165.000 1.157
1170.000 1.201
1175.000 1.148
1180.000 1.151
1185.000 1.174
1190.000 1.141
1195.000 1.178
1200.000 1.106
1205.000 1.174
1210.000 1.097
1215.000 1.169
1220.000 1.130
1225.000 1.079
1230.000 1.096
1235.000 1.186
1240.000 1.223
1245.000 1.137
1250.000 1.145
1255.000 1.149
1260.000 1.192
1265.000 1.139
1270.000 1.122
1275.000 1.084
1280.000 1.124
1285.000 1.077
1290.000 1.086
1295.000 1.098
1300.000 1.184
1305.000 1.138
1310.000 1.108
1315.000 1.053
1320.000 1.024
1325.000 1.090
1330.000 1.135
1335.000 1.078
1340.000 1.049
1345.000 1.091
1350.000 1.023
1355.000 1.057
1360.000 1.117
1365.000 1.105
1370.000 1.046
1375.000 1.092
1380.000 1.104
1385.000 1.094
1390.000 1.027
1395.000 1.080
1400.000 1.061
1405.000 1.015
1410.000 1.038
1415.000 1.025
1420.000 1.031
1425.000 1.095
1430.000 1.091
1435.000 1.069
1440.000 1.066
1445.000 1.081
1450.000 1.089
1455.000 1.060
1460.000 1.068
1465.000 1.009
1470.000 0.986
1475.000 1.013
1480.000 0.996
1485.000 0.905
1490.000 0.885
1495.000 0.960
1500.000 0.913
1505.000 0.924
1510.000 0.926
1515.000 0.862
1520.000 0.915
1525.000 0.912
1530.000 0.884
1535.000 0.810
1540.000 0.843
1545.000 0.807
1550.000 0.863
1555.000 0.835
1560.000 0.819
1565.000 0.829
1570.000 0.756
1575.000 0.844
1580.000 0.833
1585.000 0.835
1590.000 0.791
1595.000 0.790
1600.000 0.813
1605.000 0.778
1610.000 0.795
1615.000 0.796
1620.000 0.766
1625.000 0.796
1630.000 0.792
1635.000 0.807
1640.000 0.768
1645.000 0.817
1650.000 0.843
1655.000 0.879
1660.000 0.837
1665.000 0.858
1670.000 0.867
1675.000 0.920
1680.000 0.950
1685.000 0.937
1690.000 0.969
1695.000 1.002
1700.000 1.017
1705.000 1.042
1710.000 1.058
1715.000 1.124
1720.000 1.155
1725.000 1.168
1730.000 1.249
1735.000 1.264
1740.000 1.307
1745.000 1.392
1750.000 1.376
1755.000 1.425
1760.000 1.473
1765.000 1.585
1770.000 1.665
1775.000 1.659
1780.000 1.739
1785.000 1.806
1790.000 1.934
1795.000 2.002
1800.000 2.057
1805.000 2.149
1810.000 2.149
1815.000 2.298
1820.000 2.398
1825.000 2.440
1830.000 2.497
1835.000 2.606
1840.000 2.625
1845.000 2.698
1850.000 2.753
1855.000 2.869
1860.000 2.830
1865.000 2.989
1870.000 3.006
1875.000 3.068
1880.000 3.107
1885.000 3.126
1890.000 3.215
1895.000 3.215
1900.000 3.236
1905.000 3.284
1910.000 3.325
1915.000 3.369
1920.000 3.409
1925.000 3.423
1930.000 3.427
1935.000 3.449
1940.000 3.469
1945.000 3.425
1950.000 3.539
1955.000 3.523
1960.000 3.527
1965.000 3.518
1970.000 3.617
1975.000 3.540
1980.000 3.571
1985.000 3.578
1990.000 3.472
1995.000 3.538
2000.000 3.545
2005.000 3.560
2010.000 3.531
2015.000 3.497
2020.000 3.536
2025.000 3.592
2030.000 3.582
2035.000 3.629
2040.000 3.578
2045.000 3.593
2050.000 3.651
2055.000 3.702
2060.000 3.672
2065.000 3.734
2070.000 3.676
2075.000 3.665
2080.000 3.716
2085.000 3.784
2090.000 3.749
2095.000 3.759
2100.000 3.783
2105.000 3.855
2110.000 3.833
2115.000 3.868
2120.000 3.929
2125.000 4.005
2130.000 4.072
2135.000 4.057
2140.000 4.062
2145.000 4.099
2150.000 4.106
2155.000 4.152
2160.000 4.281
2165.000 4.303
2170.000 4.386
2175.000 4.393
2180.000 4.508
2185.000 4.626
2190.000 4.693
2195.000 4.808
2200.000 4.918
2205.000 4.989
2210.000 5.131
2215.000 5.400
2220.000 5.520
2225.000 5.650
2230.000 6.014
2235.000 6.333
2240.000 6.484
2245.000 6.748
2250.000 7.441
2255.000 7.910
2260.000 8.568
2265.000 10.418
2270.000 11.562
2275.000 13.135
2280.000 15.548
2285.000 22.473
2290.000 27.586
2295.000 33.762
2300.000 40.806
2305.000 52.683
2310.000 55.713
2315.000 53.093
2320.000 36.841
2325.000 19.195
2330.000 18.069
2335.000 12.936
2340.000 8.650
2345.000 7.448
2350.000 6.353
2355.000 4.827
2360.000 4.261
2365.000 3.793
2370.000 3.373
2375.000 2.765
2380.000 2.518
2385.000 2.324
2390.000 1.995
2395.000 1.831
2400.000 1.719
2405.000 1.629
2410.000 1.463
2415.000 1.378
2420.000 1.336
2425.000 1.297
2430.000 1.177
2435.000 1.158
2440.000 1.134
2445.000 1.077
2450.000 1.063
2455.000 1.071
2460.000 1.040
2465.000 0.984
2470.000 1.018
2475.000 1.014
2480.000 1.011
2485.000 1.006
2490.000 1.022
2495.000 1.017
2500.000 1.034
2505.000 1.036
2510.000 1.031
2515.000 1.042
2520.000 1.064
2525.000 1.092
2530.000 1.078
2535.000 1.079
2540.000 1.089
2545.000 1.110
2550.000 1.115
2555.000 1.119
2560.000 1.129
2565.000 1.146
2570.000 1.166
2575.000 1.188
2580.000 1.189
2585.000 1.222
2590.000 1.218
2595.000 1.220
2600.000 1.225
2605.000 1.238
2610.000 1.282
2615.000 1.277
2620.000 1.280
2625.000 1.286
2630.000 1.326
2635.000 1.336
2640.000 1.349
2645.000 1.353
2650.000 1.367
2655.000 1.394
2660.000 1.426
2665.000 1.414
2670.000 1.434
2675.000 1.457
2680.000 1.468
2685.000 1.473
2690.000 1.480
2695.000 1.504
2700.000 1.516
2705.000 1.565
2710.000 1.563
2715.000 1.561
2720.000 1.572
2725.000 1.582
2730.000 1.616
2735.000 1.623
2740.000 1.639
2745.000 1.660
2750.000 1.675
2755.000 1.689
2760.000 1.677
2765.000 1.701
2770.000 1.713
2775.000 1.713
2780.000 1.752
2785.000 1.767
2790.000 1.781
2795.000 1.793
2800.000 1.799
2805.000 1.805
2810.000 1.828
2815.000 1.826
2820.000 1.853
2825.000 1.858
2830.000 1.848
2835.000 1.878
2840.000 1.876
2845.000 1.905
2850.000 1.886
2855.000 1.902
2860.000 1.901
2865.000 1.898
2870.000 1.903
2875.000 1.894
2880.000 1.916
2885.000 1.916
2890.000 1.916
2895.000 1.897
2900.000 1.934
2905.000 1.906
2910.000 1.900
2915.000 1.880
2920.000 1.894
2925.000 1.883
2930.000 1.838
2935.000 1.835
2940.000 1.837
2945.000 1.817
2950.000 1.795
2955.000 1.818
2960.000 1.789
2965.000 1.771
2970.000 1.800
2975.000 1.726
2980.000 1.718
2985.000 1.710
2990.000 1.720
2995.000 1.712
3000.000 1.680
3005.000 1.708
3010.000 1.609
3015.000 1.617
3020.000 1.672
3025.000 1.621
3030.000 1.577
3035.000 1.574
3040.000 1.540
3045.000 1.611
3050.000 1.565
3055.000 1.514
3060.000 1.494
3065.000 1.456
3070.000 1.500
3075.000 1.501
3080.000 1.453
3085.000 1.453
3090.000 1.441
3095.000 1.451
3100.000 1.397
3105.000 1.424
3110.000 1.375
3115.000 1.379
3120.000 1.374
3125.000 1.385
3130.000 1.389
3135.000 1.354
3140.000 1.386
3145.000 1.372
3150.000 1.350
3155.000 1.358
3160.000 1.359
3165.000 1.348
3170.000 1.336
3175.000 1.356
3180.000 1.370
3185.000 1.362
3190.000 1.374
3195.000 1.388
3200.000 1.413
3205.000 1.367
3210.000 1.408
3215.000 1.391
3220.000 1.430
3225.000 1.436
3230.000 1.435
3235.000 1.448
3240.000 1.427
3245.000 1.467
3250.000 1.460
3255.000 1.493
3260.000 1.479
3265.000 1.498
3270.000 1.485
3275.000 1.513
3280.000 1.512
3285.000 1.529
3290.000 1.559
3295.000 1.568
3300.000 1.569
3305.000 1.579
3310.000 1.605
3315.000 1.618
3320.000 1.637
3325.000 1.654
3330.000 1.647
3335.000 1.674
3340.000 1.691
3345.000 1.720
3350.000 1.740
3355.000 1.763
3360.000 1.769
3365.000 1.805
3370.000 1.833
3375.000 1.852
3380.000 1.902
3385.000 1.922
3390.000 1.969
3395.000 1.995
3400.000 2.053
3405.000 2.068
3410.000 2.106
3415.000 2.171
3420.000 2.204
3425.000 2.247
3430.000 2.270
3435.000 2.371
3440.000 2.392
3445.000 2.437
3455.000 3.191
3460.000 3.134
3465.000 3.093
3470.000 3.043
3475.000 3.052
3480.000 3.051
3485.000 3.073
3490.000 3.208
3495.000 3.312
3500.000 3.363
3505.000 3.576
3510.000 3.683
3515.000 3.819
3520.000 3.942
3525.000 4.223
3530.000 4.354
3535.000 4.511
3540.000 4.804
3545.000 5.008
3550.000 5.246
3555.000 5.323
3560.000 5.664
3565.000 5.814
3570.000 6.025
3575.000 6.203
3580.000 6.669
3585.000 6.946
3590.000 7.200
3595.000 7.860
3600.000 8.253
3605.000 8.707
3610.000 9.182
3615.000 10.449
3620.000 11.134
3625.000 11.986
3630.000 12.964
3635.000 15.523
3640.000 17.153
3645.000 19.046
3650.000 24.083
3655.000 27.406
3660.000 31.337
3665.000 35.613
3670.000 44.529
3675.000 49.033
3680.000 53.884
3685.000 63.463
3690.000 67.031
3695.000 70.082
3700.000 72.493
3705.000 72.811
3710.000 64.508
3715.000 49.305
3720.000 35.577
3725.000 30.399
3730.000 25.998
3735.000 23.118
3740.000 17.982
3745.000 16.187
3750.000 14.992
3755.000 14.246
3760.000 12.010
3765.000 11.583
3770.000 11.078
3775.000 9.561
3780.000 9.189
3785.000 8.989
3790.000 8.613
3795.000 7.917
3800.000 7.404
3805.000 6.997
3810.000 6.509
3815.000 6.290
3820.000 6.217
3825.000 5.971
3830.000 5.572
3835.000 5.462
3840.000 5.325
3845.000 5.046
3850.000 4.895
3855.000 4.800
3860.000 4.686
3865.000 4.486
3870.000 4.400
3875.000 4.311
3880.000 4.242
3885.000 4.082
3890.000 3.990
3895.000 3.945
3900.000 3.825
3905.000 3.760
3910.000 3.707
3915.000 3.663
3920.000 3.585
3925.000 3.532
3930.000 3.482
3935.000 3.410
3940.000 3.349
3945.000 3.344
3950.000 3.281
3955.000 3.225
3960.000 3.194
3965.000 3.131
3970.000 3.126
3975.000 3.074
3980.000 3.027
3985.000 2.998
3990.000 2.956
3995.000 2.911
4000.000 2.902
4005.000 2.899
4010.000 2.866
4015.000 2.808
4020.000 2.803
4025.000 2.800
4030.000 2.718
4035.000 2.722
4040.000 2.736
4045.000 2.685
4050.000 2.670
4055.000 2.649
4060.000 2.620
4065.000 2.627
4070.000 2.608
4075.000 2.591
4080.000 2.574
4085.000 2.562
4090.000 2.558
4095.000 2.558
4100.000 2.501
4105.000 2.527
4110.000 2.490
4115.000 2.473
4120.000 2.465
4125.000 2.467
4130.000 2.450
4135.000 2.442
4140.000 2.421
4145.000 2.422
4150.000 2.413
4155.000 2.391
4160.000 2.381
4165.000 2.378
4170.000 2.330
4175.000 2.327
4180.000 2.309
4185.000 2.323
4190.000 2.296
4195.000 2.278
4200.000 2.272
4205.000 2.242
4210.000 2.211
4215.000 2.218
4220.000 2.201
4225.000 2.187
4230.000 2.184
4235.000 2.170
4240.000 2.127
4245.000 2.117
4250.000 2.095
4255.000 2.095
4260.000 2.075
4265.000 2.069
4270.000 2.039
4275.000 2.034
4280.000 2.013
4285.000 2.011
4290.000 2.009
4295.000 1.989
4300.000 1.971
4305.000 1.987
4310.000 1.997
4315.000 1.986
4320.000 1.981
4325.000 1.991
4330.000 2.006
4335.000 2.025
4340.000 2.001
4345.000 2.015
4350.000 2.033
4355.000 2.030
4360.000 2.052
4365.000 2.051
4370.000 2.045
4375.000 2.055
4380.000 2.055
4385.000 2.059
4390.000 2.078
4395.000 2.090
4400.000 2.078
4405.000 2.105
4410.000 2.086
4415.000 2.104
4420.000 2.095
4425.000 2.133
4430.000 2.134
4435.000 2.142
4440.000 2.132
4445.000 2.146
4450.000 2.150
4455.000 2.146
4460.000 2.148
4465.000 2.161
4470.000 2.168
4475.000 2.171
4480.000 2.195
4485.000 2.207
4490.000 2.197
4495.000 2.221
4500.000 2.237
4505.000 2.235
4510.000 2.241
4515.000 2.246
4520.000 2.250
4525.000 2.261
4530.000 2.285
4535.000 2.290
4540.000 2.312
4545.000 2.325
4550.000 2.342
4555.000 2.354
4560.000 2.367
4565.000 2.388
4570.000 2.394
4575.000 2.424
4580.000 2.431
4585.000 2.447
4590.000 2.463
4595.000 2.472
4600.000 2.500
4605.000 2.511
4610.000 2.530
4615.000 2.547
4620.000 2.583
4625.000 2.603
4630.000 2.638
4635.000 2.652
4640.000 2.679
4645.000 2.693
4650.000 2.744
4655.000 2.787
4660.000 2.821
4665.000 2.855
4670.000 2.872
4675.000 2.942
4680.000 2.971
4685.000 3.028
4690.000 3.043
4695.000 3.104
4700.000 3.151
4705.000 3.196
4710.000 3.285
4715.000 3.330
4720.000 3.409
4725.000 3.461
4730.000 3.588
4735.000 3.662
4740.000 3.732
4745.000 3.859
4750.000 3.969
4755.000 4.003
4760.000 4.075
4765.000 4.188
4770.000 4.254
4775.000 4.297
4780.000 4.418
4785.000 4.476
4790.000 4.564
4795.000 4.630
4800.000 4.772
4805.000 4.851
4810.000 4.946
4815.000 5.077
4820.000 5.262
4825.000 5.401
4830.000 5.490
4835.000 5.742
4840.000 5.879
4845.000 6.037
4850.000 6.172
4855.000 6.535
4860.000 6.700
4865.000 6.925
4870.000 7.387
4875.000 7.688
4880.000 8.002
4885.000 8.365
4890.000 9.220
4895.000 9.695
4900.000 10.201
4905.000 11.399
4910.000 12.072
4915.000 12.793
4920.000 13.556
4925.000 23.489
4930.000 23.910
4935.000 24.348
4940.000 25.136
4945.000 26.980
4950.000 30.414
4955.000 33.733
4960.000 39.855
4965.000 47.269
4970.000 59.828
4975.000 66.465
4980.000 68.341
4985.000 68.904
4990.000 67.998
4995.000 50.156
5000.000 40.745
5005.000 34.243
5010.000 28.307
5015.000 20.965
5020.000 16.663
5025.000 15.024
5035.000 19.094
5040.000 15.093
5045.000 13.643
5050.000 12.462
5055.000 11.409
5060.000 9.746
5065.000 9.101
5070.000 8.535
5075.000 7.532
5080.000 7.143
5085.000 6.769
5090.000 6.462
5095.000 5.910
5100.000 5.683
5105.000 5.486
5110.000 5.099
5115.000 4.947
5120.000 4.791
5125.000 4.660
5130.000 4.418
5135.000 4.319
5140.000 4.222
5145.000 4.126
5150.000 3.964
5155.000 3.897
5160.000 3.821
5165.000 3.711
5170.000 3.651
5175.000 3.597
5180.000 3.542
5185.000 3.446
5190.000 3.423
5195.000 3.385
5200.000 3.318
5205.000 3.285
5210.000 3.266
5215.000 3.235
5220.000 3.172
5225.000 3.146
5230.000 3.133
5235.000 3.079
5240.000 3.058
5245.000 3.057
5250.000 3.035
5255.000 2.997
5260.000 2.980
5265.000 2.966
5270.000 2.953
5275.000 2.907
5280.000 2.901
5285.000 2.894
5290.000 2.870
5295.000 2.849
5300.000 2.842
5305.000 2.838
5310.000 2.823
5315.000 2.797
5320.000 2.791
5325.000 2.761
5330.000 2.756
5335.000 2.748
5340.000 2.738
5345.000 2.715
5350.000 2.702
5355.000 2.705
5360.000 2.690
5365.000 2.678
5370.000 2.670
5375.000 2.656
5380.000 2.639
5385.000 2.626
5390.000 2.610
5395.000 2.602
5400.000 2.598
5405.000 2.587
5410.000 2.585
5415.000 2.567
5420.000 2.551
5425.000 2.555
5430.000 2.546
5435.000 2.527
5440.000 2.519
5445.000 2.506
5450.000 2.510
5455.000 2.481
5460.000 2.475
5465.000 2.480
5470.000 2.468
5475.000 2.460
5480.000 2.456
5485.000 2.454
5490.000 2.437
5495.000 2.425
5500.000 2.430
5505.000 2.426
5510.000 2.420
5515.000 2.414
5520.000 2.407
5525.000 2.402
5530.000 2.398
5535.000 2.394
5540.000 2.394
5545.000 2.403
5550.000 2.387
5555.000 2.395
5560.000 2.393
5565.000 2.380
5570.000 2.385
5575.000 2.385
5580.000 2.367
5585.000 2.381
5590.000 2.376
5595.000 2.378
5600.000 2.363
5605.000 2.379
5610.000 2.390
5615.000 2.393
5620.000 2.391
5625.000 2.395
5630.000 2.395
5635.000 2.410
5640.000 2.418
5645.000 2.415
5650.000 2.420
5655.000 2.432
5660.000 2.437
5665.000 2.442
5670.000 2.453
5675.000 2.460
5680.000 2.471
5685.000 2.479
5690.000 2.495
5695.000 2.500
5700.000 2.512
5705.000 2.534
5710.000 2.535
5715.000 2.566
5720.000 2.580
5725.000 2.588
5730.000 2.606
5735.000 2.616
5740.000 2.654
5745.000 2.679
5750.000 2.670
5755.000 2.703
5760.000 2.728
5765.000 2.754
5770.000 2.773
5775.000 2.811
5780.000 2.825
5785.000 2.850
5790.000 2.865
5795.000 2.922
5800.000 2.947
5805.000 2.986
5810.000 2.994
5815.000 3.062
5820.000 3.091
5825.000 3.128
5830.000 3.181
5835.000 3.215
5840.000 3.282
5845.000 3.314
5850.000 3.395
5855.000 3.434
5860.000 3.504
5865.000 3.592
5870.000 3.652
5875.000 3.679
5880.000 3.760
5885.000 3.875
5890.000 3.956
5895.000 4.041
5900.000 4.343
5905.000 4.736
5910.000 4.857
5915.000 4.840
5920.000 4.877
5925.000 4.939
5930.000 5.033
5935.000 5.118
5940.000 5.373
5945.000 5.473
5950.000 5.557
5955.000 5.727
5960.000 5.832
5965.000 5.937
5970.000 5.997
5975.000 6.202
5980.000 6.318
5985.000 6.372
5990.000 6.602
5995.000 6.674
6000.000 6.829
6005.000 6.963
6010.000 7.170
6015.000 7.290
6020.000 7.417
6025.000 7.715
6030.000 7.866
6035.000 7.979
6040.000 8.153
6045.000 8.504
6050.000 8.707
6055.000 8.889
6060.000 9.105
6065.000 9.538
6070.000 9.717
6075.000 9.984
6080.000 10.511
6085.000 10.837
6090.000 11.147
6095.000 11.477
6100.000 12.195
6105.000 12.581
6110.000 13.038
6115.000 14.010
6120.000 14.588
6125.000 15.297
6130.000 16.030
6135.000 17.904
6140.000 19.031
6145.000 20.400
6150.000 22.036
6155.000 26.012
6160.000 27.312
6165.000 29.862
6170.000 34.896
6175.000 37.350
6180.000 40.500
6185.000 43.635
6190.000 51.108
6195.000 54.689
6200.000 57.800
6205.000 64.213
6210.000 67.169
6215.000 69.421
6220.000 70.891
6225.000 70.911
6230.000 68.502
6235.000 62.968
6240.000 56.518
6245.000 43.189
6250.000 37.933
6255.000 33.458
6260.000 27.316
6265.000 25.320
6270.000 23.777
6275.000 22.478
6280.000 20.424
6285.000 19.586
6290.000 18.819
6295.000 17.765
6300.000 17.422
6305.000 17.096
6310.000 16.718
6315.000 15.951
6320.000 15.679
6325.000 15.346
6330.000 14.674
6335.000 14.348
6340.000 14.005
6345.000 13.671
6350.000 13.050
6355.000 12.760
6360.000 12.497
6365.000 12.255
6370.000 11.808
6375.000 11.614
6380.000 11.425
6385.000 11.024
6390.000 10.843
6395.000 10.693
6400.000 10.546
6405.000 10.268
6410.000 10.159
6415.000 10.038
6420.000 9.829
6425.000 9.716
6430.000 9.602
6435.000 9.474
6440.000 9.303
6445.000 9.204
6450.000 9.167
6455.000 9.106
6460.000 9.101
6465.000 9.083
6470.000 9.087
6475.000 9.183
6480.000 9.251
6485.000 9.358
6490.000 9.479
6495.000 9.805
6500.000 9.973
6505.000 10.210
6510.000 10.482
6515.000 11.218
6520.000 11.729
6525.000 12.450
6530.000 14.896
6535.000 17.104
6540.000 20.748
6545.000 26.699
6550.000 44.192
6555.000 52.581
6560.000 58.498
6565.000 46.301
6570.000 8.846
6575.000 19.341
6580.000 5.295
6585.000 2.690
6590.000 2.017
6595.000 1.418
6600.000 1.585
6605.000 1.663
6610.000 1.989
6615.000 2.057
6620.000 2.267
6625.000 2.365
6630.000 2.437
6635.000 2.495
6640.000 2.586
6645.000 2.616
6650.000 2.655
6655.000 2.694
6660.000 2.712
6665.000 2.749
6670.000 2.737
6675.000 2.783
6680.000 2.787
6685.000 2.801
6690.000 2.810
6695.000 2.824
6700.000 2.834
6705.000 2.851
6710.000 2.869
6715.000 2.869
6720.000 2.876
6725.000 2.898
6730.000 2.905
6735.000 2.906
6740.000 2.918
6745.000 2.931
6750.000 2.946
6755.000 2.950
6760.000 2.961
6765.000 2.966
6770.000 2.987
6775.000 2.989
6780.000 3.006
6785.000 3.018
6790.000 3.014
6795.000 3.030
6800.000 3.053
6805.000 3.042
6810.000 3.062
6815.000 3.082
6820.000 3.084
6825.000 3.099
6830.000 3.100
6835.000 3.104
6840.000 3.133
6845.000 3.134
6850.000 3.159
6855.000 3.156
6860.000 3.178
6865.000 3.189
6870.000 3.193
6875.000 3.218
6880.000 3.232
6885.000 3.250
6890.000 3.268
6895.000 3.262
6900.000 3.282
6905.000 3.293
6910.000 3.328
6915.000 3.335
6920.000 3.366
6925.000 3.397
6930.000 3.425
6935.000 3.435
6940.000 3.442
6945.000 3.478
6950.000 3.512
6955.000 3.510
6960.000 3.551
6965.000 3.580
6970.000 3.578
6975.000 3.590
6980.000 3.653
6985.000 3.664
6990.000 3.694
6995.000 3.749
7000.000 3.782
7005.000 3.819
7010.000 3.846
7015.000 3.901
7020.000 3.917
7025.000 3.973
7030.000 4.004
7035.000 4.070
7040.000 4.110
7045.000 4.178
7050.000 4.257
7055.000 4.297
7060.000 4.335
7065.000 4.398
7070.000 4.502
7075.000 4.574
7080.000 4.635
7085.000 4.745
7090.000 4.811
7095.000 4.883
7100.000 4.954
7105.000 5.087
7110.000 5.165
7115.000 5.262
7120.000 5.453
7125.000 5.539
7130.000 5.646
7135.000 5.741
7140.000 5.987
7145.000 6.114
7150.000 6.246
7155.000 6.388
7160.000 6.702
7165.000 6.831
7170.000 6.926
7175.000 7.117
7180.000 7.211
7185.000 7.304
7190.000 7.406
7195.000 7.634
7200.000 7.715
7205.000 7.861
7210.000 8.120
7215.000 8.221
7220.000 8.356
7225.000 8.461
7230.000 8.769
7235.000 8.882
7240.000 9.078
7245.000 9.387
7250.000 9.592
7255.000 9.727
7260.000 9.922
7265.000 10.330
7270.000 10.542
7275.000 10.766
7280.000 11.022
7285.000 11.519
7290.000 11.797
7295.000 12.071
7300.000 12.373
7305.000 13.051
7310.000 13.417
7315.000 13.787
7320.000 14.675
7325.000 15.161
7330.000 15.710
7335.000 16.327
7340.000 17.847
7345.000 18.873
7350.000 19.978
7355.000 22.754
7360.000 24.497
7365.000 26.372
7370.000 27.387
7375.000 31.389
7380.000 33.655
7385.000 36.153
7390.000 41.805
7395.000 45.153
7400.000 48.571
7405.000 51.792
7410.000 56.909
7415.000 59.453
7420.000 61.750
7425.000 63.571
7430.000 64.875
7435.000 64.431
7440.000 62.742
7445.000 54.002
7450.000 48.524
7455.000 43.026
7460.000 38.527
7465.000 31.099
7470.000 28.358
7475.000 26.110
7480.000 22.750
7485.000 21.450
7490.000 20.296
7495.000 19.242
7500.000 17.694
7505.000 16.666
7510.000 16.666
7515.000 15.748
7520.000 15.327
7525.000 14.961
7530.000 14.595
7535.000 13.912
7540.000 13.659
7545.000 13.365
7550.000 13.102
7560.000 17.303
7565.000 16.003
7570.000 13.980
7575.000 13.223
7580.000 12.518
7585.000 11.919
7590.000 10.959
7595.000 10.613
7600.000 10.361
7605.000 10.095
7610.000 9.571
7615.000 9.303
7620.000 9.063
7625.000 8.660
7630.000 8.444
7635.000 8.258
7640.000 8.093
7645.000 7.796
7650.000 7.642
7655.000 7.492
7660.000 7.357
7665.000 7.132
7670.000 7.035
7675.000 6.924
7680.000 6.735
7685.000 6.648
7690.000 6.566
7695.000 6.482
7700.000 6.341
7705.000 6.271
7710.000 6.202
7715.000 6.096
7720.000 6.032
7725.000 5.977
7730.000 5.933
7735.000 5.851
7740.000 5.812
7745.000 5.760
7750.000 5.690
7755.000 5.659
7760.000 5.641
7765.000 5.600
7770.000 5.556
7775.000 5.521
7780.000 5.524
7785.000 5.504
7790.000 5.490
7795.000 5.473
7800.000 5.463
7805.000 5.420
7810.000 5.419
7815.000 5.401
7820.000 5.422
7825.000 5.437
7830.000 5.434
7835.000 5.448
7840.000 5.461
7845.000 5.468
7850.000 5.486
7855.000 5.510
7860.000 5.539
7865.000 5.569
7870.000 5.611
7875.000 5.682
7880.000 5.725
7885.000 5.787
7890.000 5.826
7895.000 5.932
7900.000 6.003
7905.000 6.114
7910.000 6.182
7915.000 6.331
7920.000 6.450
7925.000 6.561
7930.000 6.836
7935.000 6.985
7940.000 7.146
7945.000 7.286
7950.000 7.610
7955.000 7.789
7960.000 8.191
7965.000 8.438
7970.000 8.976
7975.000 9.327
7980.000 9.634
7985.000 10.308
7990.000 10.794
7995.000 11.322
8000.000 12.075
8005.000 14.240
8010.000 15.931
8015.000 18.268
8020.000 26.627
8025.000 33.261
8030.000 40.621
8035.000 47.479
8040.000 58.847
8045.000 59.320
8050.000 46.751
8055.000 17.532
8060.000 6.555
8065.000 11.101
8070.000 7.240
8075.000 4.606
8080.000 3.680
8085.000 3.101
8090.000 2.543
8095.000 1.760
8100.000 1.522
8105.000 1.378
8110.000 1.283
8115.000 1.307
8120.000 1.333
8125.000 1.394
8130.000 1.553
8135.000 1.621
8140.000 1.699
8145.000 1.877
8150.000 1.933
8155.000 1.995
8160.000 2.055
8165.000 2.170
8170.000 2.210
8175.000 2.282
8180.000 2.330
8185.000 2.435
8190.000 2.482
8195.000 2.539
8200.000 2.615
8205.000 2.689
8210.000 2.728
8215.000 2.782
8220.000 2.903
8225.000 3.006
8230.000 3.055
8235.000 3.171
8240.000 3.213
8245.000 3.257
8250.000 3.309
8255.000 3.427
8260.000 3.490
8265.000 3.545
8270.000 3.652
8275.000 3.717
8280.000 3.781
8285.000 3.848
8290.000 3.987
8295.000 4.048
8300.000 4.127
8305.000 4.208
8310.000 4.381
8315.000 4.465
8320.000 4.560
8325.000 4.674
8330.000 4.884
8335.000 4.977
8340.000 5.112
8345.000 5.377
8350.000 5.519
8355.000 5.652
8360.000 5.829
8365.000 6.156
8370.000 6.354
8375.000 6.531
8380.000 6.985
8385.000 7.194
8390.000 7.378
8395.000 7.556
8400.000 7.958
8405.000 8.111
8410.000 8.293
8415.000 8.649
8420.000 8.801
8425.000 8.992
8430.000 9.174
8435.000 9.598
8440.000 9.794
8445.000 10.047
8450.000 10.271
8455.000 10.801
8460.000 11.085
8465.000 11.332
8470.000 12.009
8475.000 12.396
8480.000 12.818
8485.000 13.289
8490.000 14.420
8495.000 15.179
8500.000 16.132
8505.000 19.114
8510.000 21.674
8515.000 25.309
8520.000 30.192
8525.000 37.042
8530.000 28.774
8535.000 5.070
8540.000 13.311
8545.000 20.952
8550.000 19.413
8555.000 19.828
8560.000 25.388
8565.000 28.242
8570.000 30.717
8575.000 33.435
8580.000 39.043
8585.000 42.085
8590.000 45.340
8595.000 51.694
8600.000 54.449
8605.000 56.746
8610.000 58.928
8615.000 61.197
8620.000 61.987
8625.000 61.814
8630.000 59.866
8635.000 56.690
8640.000 52.358
8645.000 47.184
8650.000 38.783
8655.000 35.063
8660.000 31.535
8665.000 26.309
8670.000 24.753
8675.000 23.568
8680.000 22.383
8685.000 20.204
8690.000 19.256
8695.000 18.353
8700.000 17.737
8705.000 16.823
8710.000 16.406
8715.000 16.003
8720.000 15.637
8725.000 14.964
8730.000 14.651
8735.000 14.373
8740.000 13.824
8745.000 13.560
8750.000 13.350
8755.000 13.122
8760.000 12.657
8765.000 12.448
8770.000 12.213
8775.000 11.837
8780.000 11.675
8785.000 11.488
8790.000 11.333
8795.000 11.050
8800.000 10.886
8805.000 10.740
8810.000 10.504
8815.000 10.331
8820.000 10.191
8825.000 10.038
8830.000 9.679
8835.000 9.525
8840.000 9.337
8845.000 9.029
8850.000 8.854
8855.000 8.720
8860.000 8.563
8865.000 8.287
8870.000 8.134
8875.000 8.103
8880.000 7.990
8885.000 7.824
8890.000 7.693
8895.000 7.588
8900.000 7.321
8905.000 7.219
8910.000 7.103
8915.000 7.012
8920.000 6.844
8925.000 6.766
8930.000 6.673
8935.000 6.560
8940.000 6.491
8945.000 6.438
8950.000 6.374
8955.000 6.266
8960.000 6.215
8965.000 6.156
8970.000 6.072
8975.000 6.038
8980.000 6.012
8985.000 5.964
8990.000 5.857
8995.000 5.850
9000.000 5.817
9005.000 5.769
9010.000 5.699
9015.000 5.682
9020.000 5.634
9025.000 5.606
9030.000 5.575
9035.000 5.560
9040.000 5.534
9045.000 5.491
9050.000 5.473
9055.000 5.454
9060.000 5.429
9065.000 5.411
9070.000 5.392
9075.000 5.382
9080.000 5.345
9085.000 5.370
9090.000 5.352
9095.000 5.343
9100.000 5.348
9105.000 5.351
9110.000 5.334
9115.000 5.337
9120.000 5.326
9125.000 5.333
9130.000 5.347
9135.000 5.358
9140.000 5.375
9145.000 5.373
9150.000 5.392
9155.000 5.410
9160.000 5.433
9165.000 5.450
9170.000 5.483
9175.000 5.506
9180.000 5.546
9185.000 5.569
9190.000 5.626
9195.000 5.658
9200.000 5.701
9205.000 5.761
9210.000 5.797
9215.000 5.842
9220.000 5.907
9225.000 6.001
9230.000 6.052
9235.000 6.074
9240.000 6.140
9245.000 6.173
9250.000 6.200
9255.000 6.242
9260.000 6.357
9265.000 6.391
9270.000 6.449
9275.000 6.510
9280.000 6.688
9285.000 6.723
9290.000 6.805
9295.000 6.932
9300.000 7.003
9305.000 7.103
9310.000 7.184
9315.000 7.373
9320.000 7.495
9325.000 7.605
9330.000 7.871
9335.000 8.017
9340.000 8.157
9345.000 8.338
9350.000 8.624
9355.000 8.799
9360.000 8.941
9365.000 9.288
9370.000 9.500
9375.000 9.715
9380.000 9.956
9385.000 10.515
9390.000 10.849
9395.000 11.211
9400.000 11.602
9405.000 12.650
9410.000 13.333
9415.000 14.155
9420.000 16.451
9425.000 18.135
9430.000 20.484
9435.000 23.696
9440.000 33.695
9445.000 39.635
9450.000 45.948
9455.000 52.389
9460.000 60.598
9465.000 60.466
9470.000 51.495
9475.000 26.008
9480.000 15.285
9485.000 12.214
9490.000 9.202
9495.000 6.101
9500.000 4.816
9505.000 3.841
9510.000 2.293
9515.000 1.722
9520.000 1.245
9525.000 0.903
9530.000 0.681
9535.000 0.842
9540.000 1.056
9550.000 1.804
9555.000 2.004
9560.000 2.201
9565.000 2.591
9570.000 2.785
9575.000 2.970
9580.000 3.148
9585.000 3.699
9590.000 3.699
9595.000 3.857
9600.000 4.189
9610.000 4.656
9615.000 5.016
9620.000 5.242
9625.000 5.525
9630.000 5.820
9635.000 6.510
9640.000 6.902
9645.000 7.315
9650.000 8.301
9655.000 8.866
9660.000 9.510
9665.000 10.166
9670.000 11.510
9675.000 12.221
9680.000 12.997
9685.000 13.813
9690.000 15.547
9695.000 16.511
9700.000 17.484
9705.000 19.567
9710.000 20.686
9715.000 21.850
9720.000 22.994
9725.000 25.600
9730.000 27.265
9735.000 28.934
9740.000 30.772
9745.000 34.573
9750.000 36.641
9755.000 38.789
9760.000 43.469
9765.000 46.060
9770.000 48.759
9775.000 51.453
9780.000 56.292
9785.000 58.230
9790.000 59.901
9795.000 62.149
9800.000 62.363
9805.000 61.951
9810.000 60.284
9815.000 52.858
9820.000 49.223
9825.000 45.570
9830.000 41.854
9835.000 35.176
9840.000 32.341
9845.000 29.793
9850.000 25.394
9855.000 23.481
9860.000 21.797
9865.000 20.483
9870.000 18.653
9875.000 17.821
9880.000 17.064
9885.000 15.705
9890.000 15.133
9895.000 14.602
9900.000 14.165
9905.000 13.591
9910.000 13.339
9915.000 13.110
9920.000 12.613
9925.000 12.393
9930.000 12.165
9935.000 11.926
9940.000 11.509
9945.000 11.345
9950.000 11.134
9955.000 10.912
9960.000 10.609
9965.000 10.429
9970.000 10.256
9975.000 9.955
9980.000 9.794
9985.000 9.652
9990.000 9.475
9995.000 9.033
10000.000 8.829
