105.000 0.034
110.000 0.474
115.000 0.474
120.000 0.595
125.000 0.638
130.000 0.770
135.000 0.738
140.000 0.826
145.000 0.894
150.000 0.666
155.000 0.624
160.000 0.632
165.000 0.704
170.000 0.714
175.000 0.601
180.000 0.590
185.000 0.716
190.000 0.566
195.000 0.518
200.000 0.448
205.000 0.486
210.000 0.536
215.000 0.519
220.000 0.511
225.000 0.181
230.000 0.411
235.000 0.265
240.000 0.451
245.000 0.183
250.000 0.279
255.000 0.149
260.000 0.188
265.000 0.119
270.000 0.136
275.000 0.147
280.000 0.141
285.000 0.189
290.000 0.245
295.000 0.265
300.000 0.367
305.000 0.321
310.000 0.408
315.000 0.471
320.000 0.490
325.000 0.562
330.000 0.736
335.000 0.992
340.000 0.986
345.000 1.148
350.000 1.454
355.000 1.547
360.000 1.629
365.000 2.056
370.000 2.355
375.000 2.460
380.000 2.740
385.000 3.177
390.000 3.543
395.000 4.014
400.000 4.030
405.000 4.927
410.000 5.038
415.000 5.356
420.000 6.048
425.000 6.283
430.000 6.348
435.000 6.645
440.000 6.209
445.000 6.477
450.000 6.268
455.000 5.848
460.000 5.870
465.000 5.545
470.000 5.239
475.000 5.022
480.000 4.785
485.000 4.521
490.000 4.435
495.000 3.677
500.000 3.515
505.000 3.286
510.000 2.795
515.000 2.637
520.000 2.512
525.000 2.491
530.000 2.136
535.000 2.208
540.000 2.177
545.000 2.014
550.000 1.916
555.000 1.902
560.000 1.859
565.000 1.894
570.000 1.817
575.000 1.815
580.000 1.799
585.000 1.827
590.000 1.830
595.000 1.806
600.000 1.723
605.000 1.746
610.000 1.706
615.000 1.721
620.000 1.753
625.000 1.707
630.000 1.615
635.000 1.737
640.000 1.664
645.000 1.647
650.000 1.625
655.000 1.702
660.000 1.546
665.000 1.573
670.000 1.669
675.000 1.539
680.000 1.534
685.000 1.562
690.000 1.560
695.000 1.551
700.000 1.483
705.000 1.467
710.000 1.599
715.000 1.594
720.000 1.688
725.000 1.462
730.000 1.632
735.000 1.562
740.000 1.474
745.000 1.515
750.000 1.493
755.000 1.475
760.000 1.459
765.000 1.488
770.000 1.486
775.000 1.572
780.000 1.620
785.000 1.452
790.000 1.498
795.000 1.426
800.000 1.522
805.000 1.415
810.000 1.437
815.000 1.433
820.000 1.529
825.000 1.514
830.000 1.542
835.000 1.436
840.000 1.498
845.000 1.531
850.000 1.595
855.000 1.514
860.000 1.523
865.000 1.483
870.000 1.411
875.000 1.382
880.000 1.332
885.000 1.348
890.000 1.347
895.000 1.414
900.000 1.344
905.000 1.452
910.000 1.317
915.000 1.344
920.000 1.340
925.000 1.241
930.000 1.325
935.000 1.286
940.000 1.290
945.000 1.278
950.000 1.304
955.000 1.420
960.000 1.267
965.000 1.401
970.000 1.202
975.000 1.343
980.000 1.216
985.000 1.271
990.000 1.222
995.000 1.171
1000.000 1.295
1005.000 1.227
1010.000 1.330
1015.000 1.320
1020.000 1.440
1025.000 1.365
1030.000 1.337
1035.000 1.192
1040.000 1.277
1045.000 1.311
1050.000 1.369
1055.000 1.380
1060.000 1.265
1065.000 1.161
1070.000 1.368
1075.000 1.241
1080.000 1.238
1085.000 1.258
1090.000 1.153
1095.000 1.209
1100.000 1.219
1105.000 1.177
1110.000 1.174
1115.000 1.179
1120.000 1.184
1125.000 1.157
1130.000 1.085
1135.000 1.175
1140.000 1.185
1145.000 1.216
1150.000 1.180
1155.000 1.195
1160.000 1.157
1165.000 1.163
1170.000 1.199
1175.000 1.193
1180.000 1.211
1185.000 1.142
1190.000 1.167
1195.000 1.187
1200.000 1.108
1205.000 1.192
1210.000 1.205
1215.000 1.149
1220.000 1.168
1225.000 1.158
1230.000 1.167
1235.000 1.185
1240.000 1.154
1245.000 1.129
1250.000 1.178
1255.000 1.149
1260.000 1.148
1265.000 1.173
1270.000 1.120
1275.000 1.129
1280.000 1.100
1285.000 1.069
1290.000 1.122
1295.000 1.149
1300.000 1.091
1305.000 1.107
1310.000 1.136
1315.000 1.112
1320.000 1.137
1325.000 1.111
1330.000 1.090
1335.000 1.071
1340.000 1.087
1345.000 1.133
1350.000 1.102
1355.000 1.048
1360.000 1.061
1365.000 1.072
1370.000 1.061
1375.000 1.092
1380.000 1.060
1385.000 1.034
1390.000 1.056
1395.000 1.069
1400.000 1.035
1405.000 1.010
1410.000 1.021
1415.000 1.073
1420.000 1.009
1425.000 1.026
1430.000 1.051
1435.000 1.014
1440.000 1.058
1445.000 1.021
1450.000 1.010
1455.000 1.043
1460.000 1.035
1465.000 1.040
1470.000 1.088
1475.000 1.027
1480.000 0.962
1485.000 0.958
1490.000 0.931
1495.000 0.930
1500.000 0.905
1505.000 0.848
1510.000 0.872
1515.000 0.854
1520.000 0.837
1525.000 0.866
1530.000 0.832
1535.000 0.826
1540.000 0.808
1545.000 0.811
1550.000 0.844
1555.000 0.851
1560.000 0.799
1565.000 0.851
1570.000 0.787
1575.000 0.785
1580.000 0.813
1585.000 0.813
1590.000 0.804
1595.000 0.823
1600.000 0.818
1605.000 0.838
1610.000 0.827
1615.000 0.779
1620.000 0.792
1625.000 0.785
1630.000 0.775
1635.000 0.864
1640.000 0.856
1645.000 0.888
1650.000 0.901
1655.000 0.877
1660.000 0.945
1665.000 0.923
1670.000 0.859
1675.000 0.890
1680.000 0.914
1685.000 0.911
1690.000 0.927
1695.000 1.005
1700.000 1.001
1705.000 1.021
1710.000 1.051
1715.000 1.104
1720.000 1.185
1725.000 1.149
1730.000 1.181
1735.000 1.229
1740.000 1.342
1745.000 1.337
1750.000 1.529
1755.000 1.524
1760.000 1.634
1765.000 1.624
1770.000 1.674
1775.000 1.765
1780.000 1.751
1785.000 1.835
1790.000 1.911
1795.000 1.962
1800.000 2.011
1805.000 2.149
1810.000 2.235
1815.000 2.276
1820.000 2.376
1825.000 2.436
1830.000 2.456
1835.000 2.562
1840.000 2.585
1845.000 2.660
1850.000 2.755
1855.000 2.823
1860.000 2.910
1865.000 2.958
1870.000 2.980
1875.000 3.096
1880.000 3.091
1885.000 3.205
1890.000 3.183
1895.000 3.254
1900.000 3.272
1905.000 3.301
1910.000 3.338
1915.000 3.388
1920.000 3.376
1925.000 3.395
1930.000 3.455
1935.000 3.460
1940.000 3.438
1945.000 3.475
1950.000 3.530
1955.000 3.447
1960.000 3.523
1965.000 3.595
1970.000 3.456
1975.000 3.576
1980.000 3.523
1985.000 3.560
1990.000 3.514
1995.000 3.499
2000.000 3.571
2005.000 3.554
2010.000 3.572
2015.000 3.617
2020.000 3.528
2025.000 3.568
2030.000 3.686
2035.000 3.642
2040.000 3.617
2045.000 3.560
2050.000 3.583
2055.000 3.639
2060.000 3.627
2065.000 3.584
2070.000 3.653
2075.000 3.730
2080.000 3.717
2085.000 3.784
2090.000 3.723
2095.000 3.781
2100.000 3.752
2105.000 3.788
2110.000 3.907
2115.000 3.906
2120.000 3.887
2125.000 3.940
2130.000 3.926
2135.000 3.948
2140.000 3.987
2145.000 4.093
2150.000 4.122
2155.000 4.232
2160.000 4.214
2165.000 4.277
2170.000 4.296
2175.000 4.431
2180.000 4.494
2185.000 4.606
2190.000 4.713
2195.000 4.757
2200.000 4.949
2205.000 5.006
2210.000 5.100
2215.000 5.427
2220.000 5.517
2225.000 5.642
2230.000 5.841
2235.000 6.220
2240.000 6.408
2245.000 6.694
2250.000 7.445
2255.000 7.865
2260.000 8.409
2265.000 9.230
2270.000 11.323
2275.000 12.814
2280.000 14.951
2285.000 17.711
2290.000 26.320
2295.000 32.359
2300.000 39.296
2305.000 51.267
2310.000 54.096
2315.000 52.784
2320.000 49.766
2325.000 20.735
2330.000 18.298
2335.000 14.127
2340.000 9.226
2345.000 7.635
2350.000 6.576
2355.000 5.733
2360.000 4.413
2365.000 3.896
2370.000 3.482
2375.000 2.838
2380.000 2.576
2385.000 2.351
2390.000 2.167
2395.000 1.875
2400.000 1.744
2405.000 1.658
2410.000 1.549
2415.000 1.394
2420.000 1.311
2425.000 1.295
2430.000 1.230
2435.000 1.150
2440.000 1.121
2445.000 1.118
2450.000 1.063
2455.000 1.059
2460.000 1.035
2465.000 1.045
2470.000 1.021
2475.000 1.016
2480.000 1.025
2485.000 1.037
2490.000 1.035
2495.000 1.033
2500.000 1.033
2505.000 1.033
2510.000 1.052
2515.000 1.051
2520.000 1.077
2525.000 1.074
2530.000 1.070
2535.000 1.085
2540.000 1.107
2545.000 1.112
2550.000 1.105
2555.000 1.131
2560.000 1.162
2565.000 1.154
2570.000 1.170
2575.000 1.170
2580.000 1.212
2585.000 1.217
2590.000 1.224
2595.000 1.241
2600.000 1.241
2605.000 1.274
2610.000 1.281
2615.000 1.283
2620.000 1.306
2625.000 1.317
2630.000 1.317
2635.000 1.333
2640.000 1.358
2645.000 1.385
2650.000 1.391
2655.000 1.397
2660.000 1.412
2665.000 1.424
2670.000 1.454
2675.000 1.461
2680.000 1.479
2685.000 1.489
2690.000 1.505
2695.000 1.510
2700.000 1.525
2705.000 1.557
2710.000 1.556
2715.000 1.579
2720.000 1.598
2725.000 1.601
2730.000 1.630
2735.000 1.644
2740.000 1.657
2745.000 1.648
2750.000 1.698
2755.000 1.686
2760.000 1.688
2765.000 1.741
2770.000 1.738
2775.000 1.754
2780.000 1.769
2785.000 1.790
2790.000 1.808
2795.000 1.815
2800.000 1.827
2805.000 1.845
2810.000 1.874
2815.000 1.870
2820.000 1.873
2825.000 1.870
2830.000 1.902
2835.000 1.909
2840.000 1.909
2845.000 1.933
2850.000 1.954
2855.000 1.943
2860.000 1.945
2865.000 1.956
2870.000 1.960
2875.000 1.953
2880.000 1.973
2885.000 1.927
2890.000 1.960
2895.000 1.969
2900.000 1.984
2905.000 1.953
2910.000 1.946
2915.000 1.939
2920.000 1.945
2925.000 1.932
2930.000 1.934
2935.000 1.961
2940.000 1.904
2945.000 1.885
2950.000 1.914
2955.000 1.854
2960.000 1.876
2965.000 1.816
2970.000 1.813
2975.000 1.800
2980.000 1.771
2985.000 1.795
2990.000 1.781
2995.000 1.780
3000.000 1.713
3005.000 1.767
3010.000 1.691
3015.000 1.636
3020.000 1.640
3025.000 1.612
3030.000 1.569
3035.000 1.625
3040.000 1.596
3045.000 1.549
3050.000 1.573
3055.000 1.535
3060.000 1.510
3065.000 1.566
3070.000 1.492
3075.000 1.530
3080.000 1.501
3085.000 1.468
3090.000 1.473
3095.000 1.489
3100.000 1.455
3105.000 1.462
3110.000 1.431
3115.000 1.431
3120.000 1.413
3125.000 1.436
3130.000 1.419
3135.000 1.387
3140.000 1.396
3145.000 1.421
3150.000 1.412
3155.000 1.411
3160.000 1.404
3165.000 1.411
3170.000 1.403
3175.000 1.400
3180.000 1.406
3185.000 1.434
3190.000 1.440
3195.000 1.434
3200.000 1.411
3205.000 1.429
3210.000 1.431
3215.000 1.418
3220.000 1.424
3225.000 1.440
3230.000 1.435
3235.000 1.424
3240.000 1.428
3245.000 1.458
3250.000 1.476
3255.000 1.472
3260.000 1.436
3265.000 1.472
3270.000 1.498
3275.000 1.504
3280.000 1.502
3285.000 1.504
3290.000 1.522
3295.000 1.550
3300.000 1.572
3305.000 1.566
3310.000 1.595
3315.000 1.594
3320.000 1.617
3325.000 1.646
3330.000 1.647
3335.000 1.686
3340.000 1.690
3345.000 1.726
3350.000 1.727
3355.000 1.753
3360.000 1.784
3365.000 1.832
3370.000 1.855
3375.000 1.872
3380.000 1.869
3385.000 1.946
3390.000 1.962
3395.000 1.980
3400.000 2.045
3405.000 2.058
3410.000 2.113
3415.000 2.149
3420.000 2.222
3425.000 2.269
3430.000 2.279
3435.000 2.391
3440.000 2.429
3445.000 2.487
3450.000 2.520
3455.000 2.644
3460.000 2.710
3465.000 2.742
3470.000 2.887
3475.000 2.928
3480.000 3.300
3485.000 3.347
3490.000 3.389
3495.000 3.415
3500.000 3.486
3505.000 3.555
3510.000 3.762
3515.000 3.844
3520.000 3.954
3525.000 4.102
3530.000 4.433
3535.000 4.601
3540.000 4.704
3545.000 4.966
3550.000 5.137
3555.000 5.275
3560.000 5.446
3565.000 5.783
3570.000 5.955
3575.000 6.176
3580.000 6.657
3585.000 6.889
3590.000 7.135
3595.000 7.469
3600.000 8.198
3605.000 8.623
3610.000 9.059
3615.000 10.188
3620.000 10.917
3625.000 11.741
3630.000 12.730
3635.000 15.199
3640.000 16.752
3645.000 18.626
3650.000 20.844
3655.000 26.648
3660.000 30.499
3665.000 34.658
3670.000 43.635
3675.000 48.089
3680.000 52.863
3685.000 57.644
3690.000 66.947
3695.000 69.501
3700.000 72.887
3705.000 74.004
3710.000 66.451
3715.000 51.208
3720.000 43.732
3725.000 31.345
3730.000 26.590
3735.000 23.881
3740.000 18.163
3745.000 16.397
3750.000 15.045
3755.000 14.207
3760.000 12.103
3765.000 11.955
3770.000 10.816
3775.000 10.192
3780.000 9.291
3785.000 8.778
3790.000 8.655
3795.000 7.791
3800.000 7.402
3805.000 7.300
3810.000 7.072
3815.000 6.488
3820.000 6.138
3825.000 6.035
3830.000 5.696
3835.000 5.471
3840.000 5.314
3845.000 5.177
3850.000 4.968
3855.000 4.810
3860.000 4.704
3865.000 4.499
3870.000 4.415
3875.000 4.332
3880.000 4.242
3885.000 4.092
3890.000 4.010
3895.000 3.956
3900.000 3.892
3905.000 3.794
3910.000 3.736
3915.000 3.695
3920.000 3.630
3925.000 3.558
3930.000 3.496
3935.000 3.449
3940.000 3.384
3945.000 3.340
3950.000 3.297
3955.000 3.288
3960.000 3.212
3965.000 3.194
3970.000 3.143
3975.000 3.083
3980.000 3.059
3985.000 3.009
3990.000 3.011
3995.000 2.935
4000.000 2.906
4005.000 2.906
4010.000 2.879
4015.000 2.812
4020.000 2.832
4025.000 2.833
4030.000 2.727
4035.000 2.734
4040.000 2.759
4045.000 2.696
4050.000 2.709
4055.000 2.696
4060.000 2.674
4065.000 2.580
4070.000 2.621
4075.000 2.593
4080.000 2.597
4085.000 2.554
4090.000 2.545
4095.000 2.533
4100.000 2.510
4105.000 2.513
4110.000 2.506
4115.000 2.487
4120.000 2.457
4125.000 2.456
4130.000 2.470
4135.000 2.410
4140.000 2.419
4145.000 2.417
4150.000 2.415
4155.000 2.392
4160.000 2.375
4165.000 2.360
4170.000 2.353
4175.000 2.343
4180.000 2.304
4185.000 2.304
4190.000 2.297
4195.000 2.281
4200.000 2.259
4205.000 2.239
4210.000 2.209
4215.000 2.221
4220.000 2.191
4225.000 2.209
4230.000 2.192
4235.000 2.159
4240.000 2.141
4245.000 2.122
4250.000 2.099
4255.000 2.099
4260.000 2.087
4265.000 2.076
4270.000 2.027
4275.000 2.033
4280.000 2.017
4285.000 1.995
4290.000 2.008
4295.000 1.987
4300.000 1.987
4305.000 1.990
4310.000 1.993
4315.000 1.997
4320.000 1.997
4325.000 2.005
4330.000 2.022
4335.000 2.018
4340.000 2.025
4345.000 2.033
4350.000 2.031
4355.000 2.052
4360.000 2.052
4365.000 2.057
4370.000 2.041
4375.000 2.058
4380.000 2.072
4385.000 2.073
4390.000 2.062
4395.000 2.080
4400.000 2.099
4405.000 2.097
4410.000 2.106
4415.000 2.111
4420.000 2.111
4425.000 2.110
4430.000 2.132
4435.000 2.133
4440.000 2.144
4445.000 2.136
4450.000 2.154
4455.000 2.145
4460.000 2.151
4465.000 2.148
4470.000 2.171
4475.000 2.186
4480.000 2.194
4485.000 2.192
4490.000 2.220
4495.000 2.220
4500.000 2.226
4505.000 2.236
4510.000 2.249
4515.000 2.260
4520.000 2.257
4525.000 2.279
4530.000 2.284
4535.000 2.310
4540.000 2.328
4545.000 2.319
4550.000 2.336
4555.000 2.345
4560.000 2.349
4565.000 2.384
4570.000 2.380
4575.000 2.398
4580.000 2.444
4585.000 2.442
4590.000 2.450
4595.000 2.474
4600.000 2.496
4605.000 2.504
4610.000 2.522
4615.000 2.563
4620.000 2.599
4625.000 2.611
4630.000 2.627
4635.000 2.677
4640.000 2.683
4645.000 2.715
4650.000 2.754
4655.000 2.785
4660.000 2.823
4665.000 2.838
4670.000 2.900
4675.000 2.949
4680.000 2.964
4685.000 2.999
4690.000 3.066
4695.000 3.092
4700.000 3.145
4705.000 3.241
4710.000 3.308
4715.000 3.345
4720.000 3.393
4725.000 3.534
4730.000 3.581
4735.000 3.653
4740.000 3.759
4745.000 3.833
4750.000 3.929
4755.000 4.013
4760.000 4.118
4765.000 4.183
4770.000 4.252
4775.000 4.325
4780.000 4.450
4785.000 4.517
4790.000 4.564
4795.000 4.704
4800.000 4.775
4805.000 4.855
4810.000 4.931
4815.000 5.145
4820.000 5.205
4825.000 5.323
4830.000 5.561
4835.000 5.712
4840.000 5.838
4845.000 5.988
4850.000 6.330
4855.000 6.478
4860.000 6.661
4865.000 7.094
4870.000 7.344
4875.000 7.597
4880.000 7.908
4885.000 8.579
4890.000 9.038
4895.000 9.440
4900.000 9.982
4905.000 11.212
4910.000 11.907
4915.000 12.728
4920.000 14.655
4925.000 15.979
4930.000 17.495
4935.000 19.316
4940.000 24.217
4945.000 27.428
4950.000 31.004
4955.000 37.748
4960.000 41.198
4965.000 48.777
4970.000 60.691
4975.000 66.818
4980.000 69.445
4985.000 69.863
4990.000 69.363
4995.000 50.068
5000.000 41.231
5005.000 33.558
5010.000 24.604
5015.000 21.036
5020.000 18.435
5025.000 16.587
5030.000 13.756
5035.000 12.730
5040.000 11.846
5045.000 11.051
5050.000 9.787
5055.000 9.246
5060.000 8.733
5065.000 7.869
5070.000 7.456
5075.000 7.131
5080.000 6.834
5085.000 6.267
5090.000 6.020
5095.000 5.781
5100.000 5.399
5105.000 5.222
5110.000 5.062
5115.000 4.926
5120.000 4.678
5125.000 4.554
5130.000 4.455
5135.000 4.246
5140.000 4.168
5145.000 4.085
5150.000 4.012
5155.000 3.891
5160.000 3.834
5165.000 3.767
5170.000 3.713
5175.000 3.610
5180.000 3.558
5185.000 3.501
5190.000 3.411
5195.000 3.396
5200.000 3.359
5205.000 3.338
5210.000 3.276
5215.000 3.265
5220.000 3.230
5225.000 3.187
5230.000 3.165
5235.000 3.128
5240.000 3.107
5245.000 3.086
5250.000 3.091
5255.000 3.036
5260.000 3.024
5265.000 2.999
5270.000 2.993
5275.000 2.976
5280.000 2.943
5285.000 2.926
5290.000 2.920
5295.000 2.908
5300.000 2.865
5305.000 2.864
5310.000 2.864
5315.000 2.825
5320.000 2.823
5325.000 2.807
5330.000 2.803
5335.000 2.773
5340.000 2.763
5345.000 2.744
5350.000 2.734
5355.000 2.722
5360.000 2.708
5365.000 2.698
5370.000 2.680
5375.000 2.683
5380.000 2.674
5385.000 2.667
5390.000 2.653
5395.000 2.627
5400.000 2.633
5405.000 2.620
5410.000 2.605
5415.000 2.582
5420.000 2.580
5425.000 2.566
5430.000 2.571
5435.000 2.555
5440.000 2.551
5445.000 2.549
5450.000 2.528
5455.000 2.526
5460.000 2.517
5465.000 2.513
5470.000 2.508
5475.000 2.504
5480.000 2.490
5485.000 2.482
5490.000 2.481
5495.000 2.455
5500.000 2.460
5505.000 2.451
5510.000 2.444
5515.000 2.442
5520.000 2.433
5525.000 2.439
5530.000 2.429
5535.000 2.436
5540.000 2.427
5545.000 2.420
5550.000 2.410
5555.000 2.414
5560.000 2.416
5565.000 2.414
5570.000 2.415
5575.000 2.405
5580.000 2.419
5585.000 2.409
5590.000 2.408
5595.000 2.425
5600.000 2.410
5605.000 2.407
5610.000 2.425
5615.000 2.424
5620.000 2.426
5625.000 2.434
5630.000 2.421
5635.000 2.450
5640.000 2.443
5645.000 2.447
5650.000 2.456
5655.000 2.461
5660.000 2.480
5665.000 2.476
5670.000 2.497
5675.000 2.503
5680.000 2.507
5685.000 2.514
5690.000 2.525
5695.000 2.547
5700.000 2.552
5705.000 2.572
5710.000 2.583
5715.000 2.593
5720.000 2.601
5725.000 2.616
5730.000 2.638
5735.000 2.651
5740.000 2.665
5745.000 2.677
5750.000 2.725
5755.000 2.720
5760.000 2.740
5765.000 2.767
5770.000 2.797
5775.000 2.831
5780.000 2.834
5785.000 2.876
5790.000 2.902
5795.000 2.930
5800.000 2.974
5805.000 2.995
5810.000 3.004
5815.000 3.060
5820.000 3.105
5825.000 3.142
5830.000 3.188
5835.000 3.207
5840.000 3.296
5845.000 3.333
5850.000 3.362
5855.000 3.453
5860.000 3.507
5865.000 3.556
5870.000 3.620
5875.000 3.723
5880.000 3.783
5885.000 3.849
5890.000 3.960
5895.000 4.039
5900.000 4.129
5905.000 4.202
5910.000 4.359
5915.000 4.432
5920.000 4.542
5925.000 4.756
5930.000 4.856
5935.000 4.980
5940.000 5.101
5945.000 5.371
5950.000 5.514
5955.000 5.618
5960.000 5.762
5965.000 5.947
5970.000 6.058
5975.000 6.173
5980.000 6.437
5985.000 6.571
5990.000 6.688
5995.000 6.815
6000.000 7.053
6005.000 7.217
6010.000 7.294
6015.000 7.570
6020.000 7.773
6025.000 7.930
6030.000 8.087
6035.000 8.354
6040.000 8.525
6045.000 8.724
6050.000 9.104
6055.000 9.306
6060.000 9.513
6065.000 9.764
6070.000 10.186
6075.000 10.394
6080.000 10.680
6085.000 11.234
6090.000 11.514
6095.000 11.851
6100.000 12.223
6105.000 12.967
6110.000 13.432
6115.000 13.927
6120.000 14.447
6125.000 15.686
6130.000 16.420
6135.000 17.300
6140.000 18.396
6145.000 20.999
6150.000 22.590
6155.000 24.439
6160.000 28.441
6165.000 30.665
6170.000 33.065
6175.000 35.666
6180.000 41.612
6185.000 45.064
6190.000 48.773
6195.000 56.015
6200.000 58.923
6205.000 61.720
6210.000 65.492
6215.000 69.973
6220.000 71.193
6225.000 71.330
6230.000 66.335
6235.000 60.344
6240.000 54.023
6245.000 47.039
6250.000 36.288
6255.000 32.184
6260.000 29.040
6265.000 26.681
6270.000 23.409
6275.000 22.222
6280.000 21.174
6285.000 19.408
6290.000 18.689
6295.000 18.153
6300.000 17.746
6305.000 17.015
6310.000 16.596
6315.000 16.239
6320.000 15.685
6325.000 15.266
6330.000 14.922
6335.000 14.600
6340.000 13.943
6345.000 13.641
6350.000 13.295
6355.000 12.768
6360.000 12.478
6365.000 12.244
6370.000 12.010
6375.000 11.606
6380.000 11.409
6385.000 11.228
6390.000 11.062
6395.000 10.743
6400.000 10.609
6405.000 10.491
6410.000 10.260
6415.000 10.138
6420.000 10.051
6425.000 9.950
6430.000 9.720
6435.000 9.611
6440.000 9.522
6445.000 9.352
6450.000 9.302
6455.000 9.274
6460.000 9.266
6465.000 9.227
6470.000 9.281
6475.000 9.320
6480.000 9.389
6485.000 9.609
6490.000 9.734
6495.000 9.877
6500.000 10.230
6505.000 10.465
6510.000 10.735
6515.000 11.067
6520.000 12.012
6525.000 12.752
6530.000 13.828
6535.000 15.412
6540.000 21.926
6545.000 28.560
6550.000 37.239
6555.000 53.825
6560.000 58.387
6565.000 56.435
6570.000 33.352
6575.000 7.365
6580.000 8.166
6585.000 2.234
6590.000 1.346
6595.000 1.324
6600.000 1.213
6605.000 1.542
6610.000 1.992
6615.000 2.100
6620.000 2.182
6625.000 2.387
6630.000 2.446
6635.000 2.490
6640.000 2.555
6645.000 2.631
6650.000 2.657
6655.000 2.685
6660.000 2.704
6665.000 2.739
6670.000 2.758
6675.000 2.760
6680.000 2.809
6685.000 2.816
6690.000 2.823
6695.000 2.828
6700.000 2.853
6705.000 2.858
6710.000 2.868
6715.000 2.887
6720.000 2.888
6725.000 2.902
6730.000 2.898
6735.000 2.933
6740.000 2.933
6745.000 2.943
6750.000 2.963
6755.000 2.974
6760.000 2.975
6765.000 2.988
6770.000 3.007
6775.000 3.007
6780.000 3.013
6785.000 3.033
6790.000 3.052
6795.000 3.058
6800.000 3.060
6805.000 3.077
6810.000 3.088
6815.000 3.101
6820.000 3.095
6825.000 3.108
6830.000 3.127
6835.000 3.136
6840.000 3.155
6845.000 3.164
6850.000 3.172
6855.000 3.185
6860.000 3.200
6865.000 3.212
6870.000 3.223
6875.000 3.238
6880.000 3.258
6885.000 3.272
6890.000 3.290
6895.000 3.316
6900.000 3.325
6905.000 3.337
6910.000 3.346
6915.000 3.385
6920.000 3.391
6925.000 3.422
6930.000 3.445
6935.000 3.466
6940.000 3.479
6945.000 3.509
6950.000 3.537
6955.000 3.549
6960.000 3.567
6965.000 3.582
6970.000 3.640
6975.000 3.651
6980.000 3.676
6985.000 3.724
6990.000 3.752
6995.000 3.782
7000.000 3.795
7005.000 3.873
7010.000 3.885
7015.000 3.905
7020.000 3.999
7025.000 4.022
7030.000 4.050
7035.000 4.077
7040.000 4.197
7045.000 4.234
7050.000 4.272
7055.000 4.316
7060.000 4.428
7065.000 4.483
7070.000 4.523
7075.000 4.653
7080.000 4.708
7085.000 4.781
7090.000 4.838
7095.000 4.972
7100.000 5.059
7105.000 5.115
7110.000 5.267
7115.000 5.369
7120.000 5.461
7125.000 5.546
7130.000 5.760
7135.000 5.866
7140.000 6.004
7145.000 6.267
7150.000 6.402
7155.000 6.552
7160.000 6.710
7165.000 6.947
7170.000 7.043
7175.000 7.128
7180.000 7.217
7185.000 7.409
7190.000 7.504
7195.000 7.615
7200.000 7.794
7205.000 7.929
7210.000 8.049
7215.000 8.172
7220.000 8.419
7225.000 8.540
7230.000 8.696
7235.000 8.849
7240.000 9.127
7245.000 9.293
7250.000 9.525
7255.000 9.883
7260.000 10.065
7265.000 10.266
7270.000 10.500
7275.000 10.942
7280.000 11.145
7285.000 11.406
7290.000 11.913
7295.000 12.178
7300.000 12.496
7305.000 12.849
7310.000 13.532
7315.000 13.931
7320.000 14.371
7325.000 15.379
7330.000 15.916
7335.000 16.537
7340.000 17.288
7345.000 19.147
7350.000 20.236
7355.000 21.546
7360.000 22.898
7365.000 24.722
7370.000 27.472
7375.000 29.905
7380.000 34.214
7385.000 36.676
7390.000 39.419
7395.000 42.462
7400.000 49.248
7405.000 52.283
7410.000 54.980
7415.000 60.045
7420.000 62.076
7425.000 63.813
7430.000 64.656
7435.000 63.952
7440.000 61.796
7445.000 57.530
7450.000 46.465
7455.000 41.606
7460.000 37.737
7465.000 34.375
7470.000 28.318
7475.000 26.055
7480.000 24.239
7485.000 22.700
7490.000 20.241
7495.000 19.223
7500.000 18.399
7505.000 17.188
7510.000 16.751
7515.000 16.255
7520.000 15.824
7525.000 15.001
7530.000 14.654
7535.000 14.319
7540.000 13.687
7545.000 13.427
7550.000 13.140
7555.000 12.899
7560.000 12.360
7565.000 12.146
7570.000 11.943
7575.000 11.514
7580.000 11.343
7585.000 11.100
7590.000 10.924
7595.000 10.565
7600.000 10.265
7605.000 10.017
7610.000 9.728
7615.000 9.195
7620.000 8.972
7625.000 8.759
7630.000 8.530
7635.000 8.153
7640.000 7.990
7645.000 7.852
7650.000 7.561
7655.000 7.423
7660.000 7.288
7665.000 7.171
7670.000 6.980
7675.000 6.867
7680.000 6.778
7685.000 6.601
7690.000 6.529
7695.000 6.445
7700.000 6.369
7705.000 6.236
7710.000 6.172
7715.000 6.118
7720.000 6.002
7725.000 5.956
7730.000 5.914
7735.000 5.845
7740.000 5.779
7745.000 5.759
7750.000 5.736
7755.000 5.690
7760.000 5.626
7765.000 5.603
7770.000 5.570
7775.000 5.531
7780.000 5.516
7785.000 5.500
7790.000 5.475
7795.000 5.462
7800.000 5.443
7805.000 5.446
7810.000 5.418
7815.000 5.418
7820.000 5.405
7825.000 5.412
7830.000 5.417
7835.000 5.436
7840.000 5.439
7845.000 5.462
7850.000 5.465
7855.000 5.487
7860.000 5.514
7865.000 5.542
7870.000 5.610
7875.000 5.628
7880.000 5.653
7885.000 5.763
7890.000 5.812
7895.000 5.849
7900.000 5.978
7905.000 6.081
7910.000 6.142
7915.000 6.226
7920.000 6.415
7925.000 6.521
7930.000 6.662
7935.000 6.939
7940.000 7.114
7945.000 7.297
7950.000 7.461
7955.000 7.831
7960.000 8.058
7965.000 8.320
7970.000 8.615
7975.000 9.278
7980.000 9.625
7985.000 9.951
7990.000 10.816
7995.000 11.388
8000.000 12.129
8005.000 13.150
8010.000 16.144
8015.000 18.558
8020.000 22.079
8025.000 27.312
8030.000 41.096
8035.000 48.596
8040.000 55.046
8045.000 58.882
8050.000 47.831
8055.000 28.633
8060.000 15.759
8065.000 6.858
8070.000 5.783
8075.000 5.041
8080.000 3.500
8085.000 2.882
8090.000 2.392
8095.000 1.945
8100.000 1.468
8105.000 1.323
8110.000 1.258
8115.000 1.287
8120.000 1.337
8125.000 1.396
8130.000 1.485
8135.000 1.630
8140.000 1.713
8145.000 1.775
8150.000 1.856
8155.000 2.002
8160.000 2.062
8165.000 2.115
8170.000 2.235
8175.000 2.290
8180.000 2.373
8185.000 2.429
8190.000 2.594
8195.000 2.616
8200.000 2.659
8205.000 2.757
8210.000 2.795
8215.000 2.843
8220.000 2.896
8225.000 3.004
8230.000 3.059
8235.000 3.112
8240.000 3.229
8245.000 3.285
8250.000 3.331
8255.000 3.406
8260.000 3.518
8270.000 3.764
8275.000 3.796
8280.000 3.885
8285.000 3.991
8290.000 4.089
8295.000 4.191
8300.000 4.390
8310.000 5.558
8315.000 5.494
8320.000 5.426
8325.000 5.384
8330.000 5.397
8335.000 5.407
8340.000 5.485
8345.000 5.723
8350.000 5.850
8355.000 6.031
8360.000 6.378
8365.000 6.597
8370.000 6.777
8375.000 6.930
8380.000 7.300
8385.000 7.644
8390.000 7.644
8395.000 7.921
8400.000 8.078
8405.000 8.220
8410.000 8.395
8415.000 8.706
8420.000 8.902
8425.000 9.053
8430.000 9.435
8435.000 9.655
8440.000 9.896
8445.000 10.102
8450.000 10.669
8460.000 11.571
8465.000 11.758
8470.000 12.232
8475.000 12.686
8480.000 13.118
8485.000 14.154
8490.000 14.796
8495.000 15.600
8500.000 16.619
8505.000 20.006
8510.000 22.887
8515.000 27.120
8520.000 32.393
8525.000 38.147
8530.000 26.501
8535.000 7.244
8540.000 11.729
8545.000 19.209
8550.000 20.262
8555.000 20.524
8560.000 25.367
8565.000 27.793
8570.000 30.337
8575.000 35.772
8580.000 38.904
8585.000 41.982
8590.000 45.036
8595.000 51.359
8600.000 54.392
8605.000 56.700
8610.000 58.697
8615.000 61.317
8620.000 61.847
8625.000 62.118
8630.000 60.319
8635.000 57.246
8640.000 52.903
8645.000 47.622
8650.000 39.014
8655.000 35.342
8660.000 32.190
8665.000 27.960
8670.000 26.450
8675.000 24.877
8680.000 23.377
8685.000 20.873
8690.000 19.857
8695.000 18.957
8700.000 18.258
8705.000 17.236
8710.000 16.806
8715.000 16.382
8720.000 15.599
8725.000 15.259
8730.000 14.929
8735.000 14.625
8740.000 14.081
8745.000 13.823
8750.000 13.540
8755.000 13.070
8760.000 12.852
8765.000 12.631
8770.000 12.426
8775.000 12.061
8780.000 11.852
8785.000 11.651
8790.000 11.352
8795.000 11.156
8800.000 11.020
8805.000 10.846
8810.000 10.602
8815.000 10.573
8820.000 10.436
8825.000 10.289
8830.000 9.963
8835.000 9.741
8840.000 9.557
8845.000 9.207
8850.000 9.067
8855.000 8.919
8860.000 8.750
8865.000 8.482
8870.000 8.377
8875.000 8.253
8880.000 8.044
8885.000 7.931
8890.000 7.811
8895.000 7.695
8900.000 7.432
8905.000 7.319
8910.000 7.218
8915.000 7.013
8920.000 6.934
8925.000 6.849
8930.000 6.783
8935.000 6.641
8940.000 6.569
8945.000 6.502
8950.000 6.455
8955.000 6.345
8960.000 6.319
8965.000 6.286
8970.000 6.243
8975.000 6.115
8980.000 6.050
8985.000 6.015
8990.000 5.904
8995.000 5.894
9000.000 5.856
9005.000 5.817
9010.000 5.776
9015.000 5.734
9020.000 5.697
9025.000 5.653
9030.000 5.619
9035.000 5.618
9040.000 5.594
9045.000 5.545
9050.000 5.529
9055.000 5.503
9060.000 5.475
9065.000 5.468
9070.000 5.452
9075.000 5.429
9080.000 5.424
9085.000 5.416
9090.000 5.411
9095.000 5.412
9100.000 5.389
9105.000 5.387
9110.000 5.394
9115.000 5.383
9120.000 5.392
9125.000 5.394
9130.000 5.407
9135.000 5.423
9140.000 5.431
9145.000 5.432
9150.000 5.467
9155.000 5.481
9160.000 5.487
9165.000 5.509
9170.000 5.559
9175.000 5.550
9180.000 5.597
9185.000 5.663
9190.000 5.683
9195.000 5.704
9200.000 5.743
9205.000 5.811
9210.000 5.850
9215.000 5.900
9220.000 5.975
9225.000 6.035
9230.000 6.075
9235.000 6.113
9240.000 6.178
9245.000 6.222
9250.000 6.247
9255.000 6.289
9260.000 6.381
9265.000 6.439
9270.000 6.513
9275.000 6.625
9280.000 6.680
9285.000 6.770
9290.000 6.836
9295.000 6.978
9300.000 7.056
9305.000 7.145
9310.000 7.346
9315.000 7.447
9320.000 7.558
9325.000 7.680
9330.000 7.915
9335.000 8.080
9340.000 8.224
9345.000 8.379
9350.000 8.698
9355.000 8.860
9360.000 9.013
9365.000 9.179
9370.000 9.580
9375.000 9.809
9380.000 10.077
9385.000 10.594
9390.000 10.925
9395.000 11.293
9400.000 11.678
9405.000 12.655
9410.000 13.323
9415.000 14.161
9420.000 16.401
9425.000 18.099
9430.000 20.401
9435.000 23.620
9440.000 32.930
9445.000 38.783
9450.000 45.084
9455.000 56.982
9460.000 60.323
9465.000 61.045
9470.000 54.675
9475.000 23.971
9480.000 14.521
9485.000 13.457
9490.000 9.283
9495.000 6.052
9500.000 4.826
9505.000 3.817
9510.000 2.319
9515.000 1.731
9520.000 1.255
9525.000 0.881
9530.000 0.684
9535.000 0.844
9540.000 1.071
9545.000 1.534
9550.000 1.760
9555.000 1.966
9560.000 2.184
9565.000 2.555
9570.000 2.755
9575.000 2.936
9580.000 3.264
9585.000 3.449
9590.000 3.617
9595.000 3.787
9600.000 4.123
9605.000 4.325
9610.000 4.522
9615.000 4.735
9620.000 5.214
9625.000 5.475
9630.000 5.749
9635.000 6.359
9640.000 6.722
9645.000 7.105
9650.000 7.518
9655.000 8.501
9660.000 9.052
9665.000 9.689
9670.000 11.133
9675.000 12.008
9680.000 12.941
9685.000 14.009
9690.000 16.346
9695.000 17.781
9700.000 19.162
9705.000 20.630
9710.000 23.658
9715.000 25.248
9720.000 26.784
9725.000 30.175
9730.000 31.853
9735.000 33.561
9740.000 35.304
9745.000 38.754
9750.000 40.615
9755.000 42.412
9760.000 44.378
9765.000 48.589
9770.000 50.909
9775.000 53.282
9780.000 57.593
9785.000 59.390
9790.000 60.868
9795.000 62.153
9800.000 63.067
9805.000 62.630
9810.000 61.366
9815.000 55.440
9820.000 52.355
9825.000 48.964
9830.000 45.415
9835.000 38.970
9840.000 36.368
9845.000 34.102
9850.000 30.780
9855.000 29.753
9860.000 28.909
9865.000 27.965
9870.000 25.189
9875.000 23.599
9880.000 22.081
9885.000 20.666
9890.000 18.253
9895.000 17.281
9900.000 16.446
9905.000 15.079
9910.000 14.485
9915.000 13.974
9920.000 13.532
9925.000 12.695
9930.000 12.359
9935.000 12.114
9940.000 11.677
9945.000 11.498
9950.000 11.301
9955.000 11.135
9960.000 10.768
9965.000 10.626
9970.000 10.429
9975.000 10.117
9980.000 9.998
9985.000 9.850
9990.000 9.695
9995.000 9.421
10000.000 9.228
