105.000 0.131
110.000 0.092
115.000 0.578
120.000 0.741
125.000 0.792
135.000 0.814
140.000 0.877
145.000 0.861
150.000 0.982
155.000 0.755
160.000 0.714
165.000 0.773
170.000 0.623
175.000 0.638
180.000 0.643
185.000 0.658
190.000 0.616
195.000 0.515
200.000 0.491
205.000 0.349
210.000 0.439
215.000 0.432
220.000 0.368
225.000 0.304
230.000 0.341
235.000 0.245
240.000 0.279
245.000 0.301
250.000 0.203
255.000 0.118
260.000 0.116
265.000 0.158
270.000 0.144
275.000 0.140
280.000 0.168
285.000 0.198
290.000 0.176
295.000 0.328
300.000 0.318
305.000 0.398
310.000 0.355
315.000 0.386
320.000 0.416
325.000 0.750
330.000 0.769
335.000 1.121
340.000 1.112
345.000 1.329
350.000 1.441
355.000 1.446
360.000 1.791
365.000 1.940
370.000 2.401
375.000 2.589
380.000 2.954
385.000 3.311
390.000 3.687
395.000 4.215
400.000 4.589
405.000 4.952
410.000 5.570
415.000 5.688
420.000 6.024
425.000 6.357
430.000 6.607
435.000 6.432
440.000 6.631
445.000 6.553
450.000 6.339
455.000 6.203
460.000 6.220
465.000 5.853
470.000 5.705
475.000 5.558
480.000 5.356
485.000 5.025
490.000 4.738
495.000 5.149
500.000 4.414
505.000 4.668
510.000 4.197
515.000 3.925
520.000 3.630
525.000 3.458
530.000 3.225
535.000 3.107
540.000 2.821
545.000 2.642
550.000 2.671
555.000 2.566
560.000 2.338
565.000 2.287
570.000 2.277
575.000 2.113
580.000 2.033
585.000 1.979
590.000 1.888
595.000 1.847
600.000 1.770
605.000 1.736
610.000 1.789
615.000 1.835
620.000 1.706
625.000 1.651
630.000 1.653
635.000 1.672
640.000 1.615
645.000 1.690
650.000 1.674
655.000 1.684
660.000 1.616
665.000 1.659
670.000 1.592
675.000 1.580
680.000 1.646
685.000 1.523
690.000 1.469
695.000 1.620
700.000 1.543
705.000 1.495
710.000 1.491
715.000 1.558
720.000 1.507
725.000 1.542
730.000 1.454
735.000 1.506
740.000 1.404
745.000 1.504
750.000 1.502
755.000 1.467
760.000 1.472
765.000 1.482
770.000 1.415
775.000 1.452
780.000 1.440
785.000 1.432
790.000 1.514
795.000 1.521
800.000 1.435
805.000 1.387
810.000 1.461
815.000 1.498
820.000 1.481
825.000 1.481
830.000 1.463
835.000 1.376
840.000 1.429
845.000 1.407
850.000 1.439
855.000 1.378
860.000 1.378
865.000 1.422
870.000 1.387
875.000 1.402
880.000 1.360
885.000 1.408
890.000 1.401
895.000 1.406
900.000 1.395
905.000 1.362
910.000 1.334
915.000 1.317
920.000 1.304
925.000 1.361
930.000 1.328
935.000 1.395
940.000 1.496
945.000 1.367
950.000 1.360
955.000 1.296
960.000 1.271
965.000 1.459
970.000 1.364
975.000 1.398
980.000 1.325
985.000 1.273
990.000 1.441
995.000 1.438
1000.000 1.303
1005.000 1.329
1010.000 1.153
1015.000 1.318
1020.000 1.268
1025.000 1.363
1030.000 1.292
1035.000 1.258
1040.000 1.397
1045.000 1.440
1050.000 1.411
1055.000 1.366
1060.000 1.360
1065.000 1.295
1070.000 1.342
1075.000 1.291
1080.000 1.280
1085.000 1.357
1090.000 1.354
1095.000 1.296
1100.000 1.279
1105.000 1.233
1110.000 1.262
1115.000 1.275
1120.000 1.291
1125.000 1.251
1130.000 1.231
1135.000 1.275
1140.000 1.255
1145.000 1.238
1150.000 1.264
1155.000 1.344
1160.000 1.256
1165.000 1.318
1170.000 1.218
1175.000 1.209
1180.000 1.235
1185.000 1.251
1190.000 1.309
1195.000 1.254
1200.000 1.265
1205.000 1.214
1210.000 1.249
1215.000 1.206
1220.000 1.209
1225.000 1.224
1230.000 1.222
1235.000 1.220
1240.000 1.201
1245.000 1.221
1250.000 1.302
1255.000 1.263
1260.000 1.239
1265.000 1.252
1270.000 1.217
1275.000 1.185
1280.000 1.205
1285.000 1.222
1290.000 1.211
1295.000 1.257
1300.000 1.197
1305.000 1.209
1310.000 1.254
1315.000 1.290
1320.000 1.199
1325.000 1.235
1330.000 1.218
1335.000 1.205
1340.000 1.229
1345.000 1.182
1350.000 1.174
1355.000 1.219
1360.000 1.217
1365.000 1.185
1370.000 1.237
1375.000 1.238
1380.000 1.206
1385.000 1.176
1390.000 1.150
1395.000 1.172
1400.000 1.212
1405.000 1.154
1410.000 1.171
1415.000 1.214
1420.000 1.162
1425.000 1.199
1430.000 1.179
1435.000 1.182
1440.000 1.200
1445.000 1.174
1450.000 1.171
1455.000 1.172
1460.000 1.169
1465.000 1.154
1470.000 1.145
1475.000 1.159
1480.000 1.143
1485.000 1.137
1490.000 1.101
1495.000 1.121
1500.000 1.136
1505.000 1.102
1510.000 1.133
1515.000 1.081
1520.000 1.108
1525.000 1.096
1530.000 1.076
1535.000 1.057
1540.000 1.105
1545.000 1.090
1550.000 1.057
1555.000 1.086
1560.000 1.046
1565.000 1.063
1570.000 1.070
1575.000 1.059
1580.000 1.068
1585.000 1.087
1590.000 1.070
1595.000 1.048
1600.000 1.035
1605.000 1.007
1610.000 1.067
1615.000 1.081
1620.000 1.031
1625.000 1.042
1630.000 1.027
1635.000 1.125
1640.000 1.110
1645.000 1.061
1650.000 1.151
1655.000 1.082
1660.000 1.044
1665.000 1.036
1670.000 1.017
1675.000 1.017
1680.000 1.079
1685.000 1.038
1690.000 1.040
1695.000 1.029
1700.000 1.123
1705.000 1.114
1710.000 1.117
1715.000 1.112
1720.000 1.089
1725.000 1.149
1730.000 1.132
1735.000 1.113
1740.000 1.167
1745.000 1.157
1750.000 1.145
1755.000 1.151
1760.000 1.176
1765.000 1.176
1770.000 1.144
1775.000 1.225
1780.000 1.201
1785.000 1.208
1790.000 1.250
1795.000 1.341
1800.000 1.401
1805.000 1.374
1810.000 1.387
1815.000 1.390
1820.000 1.406
1825.000 1.417
1830.000 1.434
1835.000 1.489
1840.000 1.564
1845.000 1.545
1850.000 1.567
1855.000 1.569
1860.000 1.583
1865.000 1.639
1870.000 1.633
1875.000 1.651
1880.000 1.696
1885.000 1.740
1890.000 1.722
1895.000 1.738
1900.000 1.754
1905.000 1.786
1910.000 1.781
1915.000 1.798
1920.000 1.798
1925.000 1.740
1930.000 1.741
1935.000 1.789
1940.000 1.825
1945.000 1.802
1950.000 1.736
1955.000 1.773
1960.000 1.833
1965.000 1.840
1970.000 1.787
1975.000 1.750
1980.000 1.844
1985.000 1.849
1990.000 1.747
1995.000 1.765
2000.000 1.769
2005.000 1.697
2010.000 1.769
2015.000 1.732
2020.000 1.770
2025.000 1.758
2030.000 1.788
2035.000 1.673
2040.000 1.813
2045.000 1.745
2050.000 1.753
2055.000 1.734
2060.000 1.711
2065.000 1.672
2070.000 1.697
2075.000 1.735
2080.000 1.653
2085.000 1.691
2090.000 1.662
2095.000 1.720
2100.000 1.703
2105.000 1.666
2110.000 1.686
2115.000 1.704
2120.000 1.678
2125.000 1.615
2130.000 1.605
2135.000 1.663
2140.000 1.696
2145.000 1.609
2150.000 1.640
2155.000 1.590
2160.000 1.631
2165.000 1.615
2170.000 1.615
2175.000 1.618
2180.000 1.597
2185.000 1.573
2190.000 1.577
2195.000 1.582
2200.000 1.523
2205.000 1.559
2210.000 1.541
2215.000 1.549
2220.000 1.527
2225.000 1.545
2230.000 1.591
2235.000 1.589
2240.000 1.515
2245.000 1.569
2250.000 1.551
2255.000 1.431
2260.000 1.384
2265.000 1.297
2270.000 1.206
2275.000 0.898
2280.000 0.630
2285.000 0.247
2290.000 0.574
2295.000 3.401
2300.000 18.685
2305.000 30.355
2310.000 41.806
2315.000 46.703
2320.000 6.464
2325.000 6.915
2330.000 2.391
2335.000 1.782
2340.000 1.509
2345.000 1.265
2350.000 1.167
2355.000 1.171
2360.000 1.144
2365.000 1.134
2370.000 1.094
2375.000 1.067
2380.000 1.082
2385.000 1.054
2390.000 1.031
2395.000 1.030
2400.000 1.007
2405.000 1.020
2410.000 0.990
2415.000 0.992
2420.000 0.985
2425.000 0.985
2430.000 0.987
2435.000 0.971
2440.000 0.975
2445.000 0.938
2450.000 0.947
2455.000 0.951
2460.000 0.956
2465.000 0.937
2470.000 0.944
2475.000 0.936
2480.000 0.960
2485.000 0.950
2490.000 0.942
2495.000 0.925
2500.000 0.943
2505.000 0.937
2510.000 0.932
2515.000 0.919
2520.000 0.936
2525.000 0.935
2530.000 0.943
2535.000 0.948
2540.000 0.927
2545.000 0.927
2550.000 0.920
2555.000 0.927
2560.000 0.945
2565.000 0.929
2570.000 0.876
2575.000 0.929
2580.000 0.941
2585.000 0.927
2590.000 0.931
2595.000 0.928
2600.000 0.932
2605.000 0.912
2610.000 0.938
2615.000 0.945
2620.000 0.959
2625.000 0.921
2630.000 0.929
2635.000 0.937
2640.000 0.948
2645.000 0.943
2650.000 0.961
2655.000 0.927
2660.000 0.945
2665.000 0.927
2670.000 0.962
2675.000 0.943
2680.000 0.987
2685.000 0.961
2690.000 0.970
2695.000 0.980
2700.000 0.996
2705.000 1.011
2710.000 0.977
2715.000 0.962
2720.000 1.000
2725.000 1.014
2730.000 1.000
2735.000 1.011
2740.000 1.011
2745.000 1.030
2750.000 1.026
2755.000 1.045
2760.000 1.065
2765.000 1.061
2770.000 1.086
2775.000 1.102
2780.000 1.097
2785.000 1.093
2790.000 1.151
2795.000 1.180
2800.000 1.196
2805.000 1.194
2810.000 1.208
2815.000 1.217
2820.000 1.254
2825.000 1.294
2830.000 1.308
2835.000 1.361
2840.000 1.375
2845.000 1.373
2850.000 1.394
2855.000 1.402
2860.000 1.422
2865.000 1.416
2870.000 1.427
2875.000 1.460
2880.000 1.483
2885.000 1.506
2890.000 1.530
2895.000 1.527
2900.000 1.560
2905.000 1.596
2910.000 1.631
2915.000 1.656
2920.000 1.680
2925.000 1.689
2930.000 1.684
2935.000 1.706
2940.000 1.693
2945.000 1.791
2950.000 1.743
2955.000 1.781
2960.000 1.787
2965.000 1.836
2970.000 1.801
2975.000 1.840
2980.000 1.822
2985.000 1.824
2990.000 1.818
2995.000 1.904
3000.000 1.909
3005.000 1.905
3010.000 1.884
3015.000 1.969
3020.000 1.961
3025.000 1.969
3030.000 1.997
3035.000 1.994
3040.000 2.002
3045.000 2.009
3050.000 2.017
3055.000 2.009
3060.000 2.044
3065.000 2.050
3070.000 2.056
3075.000 2.015
3080.000 2.045
3085.000 2.065
3090.000 2.095
3095.000 2.050
3100.000 2.096
3105.000 2.100
3110.000 2.144
3115.000 2.137
3120.000 2.145
3125.000 2.185
3130.000 2.178
3135.000 2.144
3140.000 2.167
3145.000 2.184
3150.000 2.213
3155.000 2.236
3160.000 2.232
3165.000 2.250
3170.000 2.259
3175.000 2.254
3180.000 2.288
3185.000 2.295
3190.000 2.284
3195.000 2.306
3200.000 2.312
3205.000 2.339
3210.000 2.317
3215.000 2.362
3220.000 2.348
3225.000 2.359
3230.000 2.375
3235.000 2.405
3240.000 2.362
3245.000 2.438
3250.000 2.421
3255.000 2.459
3260.000 2.462
3265.000 2.477
3270.000 2.487
3275.000 2.521
3280.000 2.493
3285.000 2.548
3290.000 2.547
3295.000 2.572
3300.000 2.579
3305.000 2.602
3310.000 2.648
3315.000 2.637
3320.000 2.650
3325.000 2.709
3330.000 2.726
3335.000 2.724
3340.000 2.722
3345.000 2.741
3350.000 2.739
3355.000 2.777
3360.000 2.789
3365.000 2.806
3370.000 2.838
3375.000 2.878
3380.000 2.862
3385.000 2.875
3390.000 2.889
3395.000 2.938
3400.000 2.950
3405.000 3.005
3410.000 3.005
3415.000 3.006
3420.000 3.022
3425.000 3.041
3430.000 3.124
3435.000 3.136
3440.000 3.153
3445.000 3.167
3450.000 3.257
3455.000 3.281
3460.000 3.329
3465.000 3.381
3470.000 3.399
3475.000 3.392
3480.000 3.438
3485.000 3.500
3490.000 3.581
3495.000 3.607
3500.000 3.691
3505.000 3.768
3510.000 3.806
3515.000 3.885
3520.000 3.949
3525.000 3.990
3530.000 4.151
3535.000 4.151
3540.000 4.244
3545.000 4.282
3550.000 4.473
3555.000 4.566
3560.000 4.631
3565.000 4.762
3570.000 4.824
3575.000 5.050
3580.000 5.165
3585.000 5.318
3590.000 5.652
3595.000 5.791
3600.000 5.949
3605.000 6.155
3610.000 6.670
3615.000 6.924
3620.000 7.204
3625.000 7.980
3630.000 8.439
3635.000 8.981
3640.000 9.627
3645.000 11.416
3650.000 12.592
3655.000 14.002
3660.000 15.881
3665.000 21.068
3670.000 24.722
3675.000 34.442
3680.000 40.691
3685.000 49.984
3690.000 59.388
3695.000 67.171
3700.000 64.138
3705.000 43.168
3710.000 30.639
3715.000 25.290
3720.000 15.986
3725.000 13.431
3730.000 11.466
3735.000 8.787
3740.000 7.775
3745.000 6.946
3750.000 6.210
3755.000 5.112
3760.000 4.642
3765.000 4.253
3770.000 3.602
3775.000 3.326
3780.000 3.083
3785.000 2.871
3790.000 2.507
3795.000 2.367
3800.000 2.100
3805.000 1.978
3810.000 1.862
3815.000 1.765
3820.000 1.681
3825.000 1.504
3830.000 1.434
3835.000 1.370
3840.000 1.308
3845.000 1.187
3850.000 1.131
3855.000 1.074
3860.000 0.979
3865.000 0.951
3870.000 0.911
3875.000 0.876
3880.000 0.805
3885.000 0.755
3890.000 0.719
3895.000 0.657
3900.000 0.647
3905.000 0.613
3910.000 0.572
3915.000 0.556
3920.000 0.528
3925.000 0.513
3930.000 0.481
3935.000 0.452
3940.000 0.426
3945.000 0.475
3950.000 0.463
3955.000 0.447
3960.000 0.432
3965.000 0.405
3970.000 0.407
3975.000 0.380
3980.000 0.377
3985.000 0.371
3990.000 0.363
3995.000 0.371
4000.000 0.380
4005.000 0.369
4010.000 0.364
4015.000 0.377
4020.000 0.386
4025.000 0.339
4030.000 0.373
4035.000 0.339
4040.000 0.297
4045.000 0.344
4050.000 0.322
4055.000 0.313
4060.000 0.321
4065.000 0.453
4070.000 0.304
4075.000 0.404
4080.000 0.461
4085.000 0.411
4090.000 0.196
4095.000 0.466
4100.000 0.320
4105.000 0.476
4110.000 0.536
4115.000 0.513
4120.000 0.323
4125.000 0.180
4130.000 0.119
4135.000 0.473
4140.000 0.549
4145.000 0.500
4150.000 0.547
4155.000 0.383
4160.000 0.363
4165.000 0.481
4170.000 0.355
4175.000 0.338
4180.000 0.340
4185.000 0.503
4190.000 0.430
4195.000 0.472
4200.000 0.478
4205.000 0.478
4210.000 0.472
4215.000 0.477
4220.000 0.497
4225.000 0.469
4230.000 0.473
4235.000 0.504
4240.000 0.506
4245.000 0.455
4250.000 0.454
4255.000 0.452
4260.000 0.463
4265.000 0.474
4270.000 0.487
4275.000 0.474
4280.000 0.492
4285.000 0.489
4290.000 0.468
4295.000 0.484
4300.000 0.468
4305.000 0.474
4310.000 0.487
4315.000 0.479
4320.000 0.475
4325.000 0.470
4330.000 0.483
4335.000 0.469
4340.000 0.471
4345.000 0.485
4350.000 0.475
4355.000 0.471
4360.000 0.465
4365.000 0.476
4370.000 0.458
4375.000 0.464
4380.000 0.480
4385.000 0.470
4390.000 0.473
4395.000 0.474
4400.000 0.479
4405.000 0.477
4410.000 0.466
4415.000 0.466
4420.000 0.481
4425.000 0.481
4430.000 0.483
4435.000 0.486
4440.000 0.491
4445.000 0.483
4450.000 0.489
4455.000 0.479
4460.000 0.491
4465.000 0.477
4470.000 0.480
4475.000 0.486
4480.000 0.480
4485.000 0.486
4490.000 0.486
4495.000 0.504
4500.000 0.497
4505.000 0.490
4510.000 0.493
4515.000 0.504
4520.000 0.483
4525.000 0.476
4530.000 0.482
4535.000 0.489
4540.000 0.487
4545.000 0.495
4550.000 0.475
4555.000 0.491
4560.000 0.485
4565.000 0.485
4570.000 0.481
4575.000 0.476
4580.000 0.478
4585.000 0.474
4590.000 0.468
4595.000 0.473
4600.000 0.486
4605.000 0.475
4610.000 0.475
4615.000 0.456
4620.000 0.484
4625.000 0.475
4630.000 0.465
4635.000 0.467
4640.000 0.471
4645.000 0.462
4650.000 0.463
4655.000 0.463
4660.000 0.448
4665.000 0.453
4670.000 0.458
4675.000 0.455
4680.000 0.457
4685.000 0.445
4690.000 0.443
4695.000 0.434
4700.000 0.435
4705.000 0.414
4710.000 0.433
4715.000 0.431
4720.000 0.408
4725.000 0.409
4730.000 0.419
4735.000 0.408
4740.000 0.395
4745.000 0.391
4750.000 0.403
4755.000 0.399
4760.000 0.387
4765.000 0.371
4770.000 0.368
4775.000 0.363
4780.000 0.347
4785.000 0.356
4790.000 0.337
4795.000 0.317
4800.000 0.312
4805.000 0.305
4810.000 0.304
4815.000 0.268
4820.000 0.275
4825.000 0.261
4830.000 0.235
4835.000 0.241
4840.000 0.217
4845.000 0.185
4850.000 0.181
4855.000 0.169
4860.000 0.167
4865.000 0.135
4870.000 0.139
4875.000 0.130
4880.000 0.149
4885.000 0.177
4890.000 0.232
4895.000 0.282
4900.000 0.367
4905.000 0.445
4910.000 0.519
4915.000 0.616
4920.000 0.858
4925.000 1.042
4930.000 1.259
4935.000 1.903
4940.000 2.585
4945.000 3.847
4950.000 6.671
4955.000 19.714
4960.000 27.671
4965.000 30.098
4970.000 14.422
4975.000 26.656
4980.000 27.647
4985.000 16.816
4990.000 7.043
4995.000 4.491
5000.000 5.541
5005.000 4.380
5010.000 3.301
5015.000 3.152
5020.000 2.892
5025.000 2.662
5030.000 2.245
5035.000 2.117
5040.000 1.982
5045.000 1.779
5050.000 1.723
5055.000 1.637
5060.000 1.570
5065.000 1.471
5070.000 1.413
5075.000 1.382
5080.000 1.283
5085.000 1.267
5090.000 1.241
5095.000 1.200
5100.000 1.159
5105.000 1.143
5110.000 1.118
5115.000 1.087
5120.000 1.091
5125.000 1.057
5130.000 1.041
5135.000 1.028
5140.000 1.008
5145.000 0.977
5150.000 0.977
5155.000 0.967
5160.000 0.946
5165.000 0.943
5170.000 0.931
5175.000 0.902
5180.000 0.898
5185.000 0.884
5190.000 0.889
5195.000 0.862
5200.000 0.872
5205.000 0.845
5210.000 0.831
5215.000 0.822
5220.000 0.820
5225.000 0.799
5230.000 0.792
5235.000 0.784
5240.000 0.772
5245.000 0.764
5250.000 0.759
5255.000 0.742
5260.000 0.726
5265.000 0.725
5270.000 0.707
5275.000 0.708
5280.000 0.691
5285.000 0.678
5290.000 0.669
5295.000 0.659
5300.000 0.644
5305.000 0.646
5310.000 0.630
5315.000 0.624
5320.000 0.606
5325.000 0.599
5330.000 0.600
5335.000 0.583
5340.000 0.583
5345.000 0.576
5350.000 0.566
5355.000 0.563
5360.000 0.551
5365.000 0.546
5370.000 0.535
5375.000 0.533
5380.000 0.528
5385.000 0.518
5390.000 0.514
5395.000 0.515
5400.000 0.502
5405.000 0.488
5410.000 0.501
5415.000 0.487
5420.000 0.492
5425.000 0.483
5430.000 0.472
5435.000 0.483
5440.000 0.474
5445.000 0.468
5450.000 0.464
5455.000 0.456
5460.000 0.473
5465.000 0.457
5470.000 0.462
5475.000 0.458
5480.000 0.458
5485.000 0.467
5490.000 0.459
5495.000 0.475
5500.000 0.466
5505.000 0.474
5510.000 0.470
5515.000 0.474
5520.000 0.453
5525.000 0.479
5530.000 0.468
5535.000 0.472
5540.000 0.476
5545.000 0.476
5550.000 0.484
5555.000 0.484
5560.000 0.486
5565.000 0.500
5570.000 0.491
5575.000 0.496
5580.000 0.499
5585.000 0.516
5590.000 0.506
5595.000 0.519
5600.000 0.519
5605.000 0.520
5610.000 0.527
5615.000 0.526
5620.000 0.545
5625.000 0.539
5630.000 0.532
5635.000 0.552
5640.000 0.565
5645.000 0.572
5650.000 0.566
5655.000 0.581
5660.000 0.575
5665.000 0.569
5670.000 0.583
5675.000 0.603
5680.000 0.606
5685.000 0.612
5690.000 0.612
5695.000 0.634
5700.000 0.639
5705.000 0.646
5710.000 0.654
5715.000 0.671
5720.000 0.665
5725.000 0.682
5730.000 0.704
5735.000 0.694
5740.000 0.715
5745.000 0.717
5750.000 0.727
5755.000 0.744
5760.000 0.754
5765.000 0.779
5770.000 0.778
5775.000 0.794
5780.000 0.823
5785.000 0.832
5790.000 0.862
5795.000 0.853
5800.000 0.893
5805.000 0.902
5810.000 0.943
5815.000 0.967
5820.000 0.985
5825.000 1.014
5830.000 1.023
5835.000 1.074
5840.000 1.084
5845.000 1.109
5850.000 1.139
5855.000 1.192
5860.000 1.201
5865.000 1.239
5870.000 1.284
5875.000 1.317
5880.000 1.370
5885.000 1.395
5890.000 1.458
5895.000 1.499
5900.000 1.522
5905.000 1.580
5910.000 1.594
5915.000 1.617
5920.000 1.659
5925.000 1.712
5930.000 1.765
5935.000 1.770
5940.000 1.801
5945.000 1.876
5950.000 1.937
5955.000 1.974
5960.000 2.031
5965.000 2.059
5970.000 2.112
5975.000 2.138
5980.000 2.233
5985.000 2.289
5990.000 2.331
5995.000 2.373
6000.000 2.479
6005.000 2.516
6010.000 2.623
6015.000 2.677
6020.000 2.723
6025.000 2.762
6030.000 2.828
6035.000 2.981
6040.000 3.027
6045.000 3.121
6050.000 3.242
6055.000 3.352
6060.000 3.409
6065.000 3.606
6070.000 3.698
6075.000 3.810
6080.000 3.884
6085.000 4.105
6090.000 4.256
6095.000 4.391
6100.000 4.535
6105.000 4.849
6110.000 5.005
6115.000 5.202
6120.000 5.444
6125.000 5.896
6130.000 6.214
6135.000 6.551
6140.000 7.329
6145.000 7.773
6150.000 8.349
6155.000 9.721
6160.000 10.559
6165.000 11.617
6170.000 12.956
6175.000 16.306
6180.000 18.565
6185.000 21.282
6190.000 24.592
6195.000 32.994
6200.000 38.028
6205.000 42.868
6210.000 51.381
6215.000 53.973
6220.000 53.603
6225.000 45.309
6230.000 16.650
6235.000 17.978
6240.000 14.722
6245.000 13.481
6250.000 12.128
6255.000 11.948
6260.000 11.871
6265.000 11.643
6270.000 11.453
6275.000 11.172
6280.000 10.838
6285.000 10.131
6290.000 9.872
6295.000 9.601
6300.000 9.303
6305.000 8.828
6310.000 8.589
6315.000 8.355
6320.000 7.879
6325.000 7.634
6330.000 7.403
6335.000 7.155
6340.000 6.705
6345.000 6.522
6350.000 6.323
6355.000 5.901
6360.000 5.712
6365.000 5.483
6370.000 5.317
6375.000 4.987
6380.000 4.824
6385.000 4.698
6390.000 4.551
6395.000 4.348
6400.000 4.236
6405.000 4.136
6410.000 3.991
6415.000 3.898
6420.000 3.856
6425.000 3.785
6430.000 3.629
6435.000 3.579
6440.000 3.527
6445.000 3.412
6450.000 3.360
6455.000 3.316
6460.000 3.282
6465.000 3.206
6470.000 3.151
6475.000 3.121
6480.000 3.057
6485.000 3.024
6490.000 2.976
6495.000 2.948
6500.000 2.883
6505.000 2.846
6510.000 2.827
6515.000 2.779
6520.000 2.708
6525.000 2.670
6530.000 2.552
6535.000 2.567
6540.000 2.815
6545.000 4.066
6550.000 10.162
6555.000 39.689
6560.000 45.343
6565.000 40.798
6570.000 10.064
6575.000 8.099
6580.000 3.976
6585.000 2.000
6590.000 2.794
6595.000 2.996
6600.000 2.940
6605.000 2.723
6610.000 2.667
6615.000 2.568
6620.000 2.507
6625.000 2.406
6630.000 2.350
6635.000 2.328
6640.000 2.227
6645.000 2.200
6650.000 2.178
6655.000 2.141
6660.000 2.095
6665.000 2.091
6670.000 2.070
6675.000 2.046
6680.000 2.012
6685.000 2.006
6690.000 1.984
6695.000 1.968
6700.000 1.944
6705.000 1.930
6710.000 1.921
6715.000 1.920
6720.000 1.910
6725.000 1.909
6730.000 1.890
6735.000 1.892
6740.000 1.884
6745.000 1.873
6750.000 1.875
6755.000 1.878
6760.000 1.865
6765.000 1.870
6770.000 1.859
6775.000 1.847
6780.000 1.858
6785.000 1.851
6790.000 1.848
6795.000 1.836
6800.000 1.840
6805.000 1.831
6810.000 1.825
6815.000 1.820
6820.000 1.819
6825.000 1.814
6830.000 1.812
6835.000 1.812
6840.000 1.811
6845.000 1.802
6850.000 1.803
6855.000 1.807
6860.000 1.801
6865.000 1.792
6870.000 1.788
6875.000 1.778
6880.000 1.791
6885.000 1.791
6890.000 1.782
6895.000 1.782
6900.000 1.786
6905.000 1.782
6910.000 1.773
6915.000 1.779
6920.000 1.767
6925.000 1.771
6930.000 1.763
6935.000 1.781
6940.000 1.764
6945.000 1.778
6950.000 1.759
6955.000 1.754
6960.000 1.754
6965.000 1.758
6970.000 1.768
6975.000 1.783
6980.000 1.770
6985.000 1.782
6990.000 1.780
6995.000 1.767
7000.000 1.778
7005.000 1.772
7010.000 1.773
7015.000 1.782
7020.000 1.769
7025.000 1.760
7030.000 1.767
7035.000 1.759
7040.000 1.775
7045.000 1.790
7050.000 1.772
7055.000 1.792
7060.000 1.776
7065.000 1.794
7070.000 1.795
7075.000 1.788
7080.000 1.811
7085.000 1.793
7090.000 1.826
7095.000 1.822
7100.000 1.815
7105.000 1.808
7110.000 1.820
7115.000 1.814
7120.000 1.809
7125.000 1.837
7130.000 1.829
7135.000 1.844
7140.000 1.830
7145.000 1.839
7150.000 1.848
7155.000 1.854
7160.000 1.859
7165.000 1.875
7170.000 1.875
7175.000 1.884
7180.000 1.880
7185.000 1.888
7190.000 1.902
7195.000 1.917
7200.000 1.926
7205.000 1.933
7210.000 1.965
7215.000 1.965
7220.000 1.979
7225.000 1.985
7230.000 2.004
7235.000 2.032
7240.000 2.034
7245.000 2.041
7250.000 2.044
7255.000 2.092
7260.000 2.109
7265.000 2.111
7270.000 2.162
7275.000 2.164
7280.000 2.180
7285.000 2.217
7290.000 2.255
7295.000 2.296
7300.000 2.354
7305.000 2.395
7310.000 2.400
7315.000 2.445
7320.000 2.498
7325.000 2.555
7330.000 2.600
7335.000 2.647
7340.000 2.681
7345.000 2.789
7350.000 2.845
7355.000 2.938
7360.000 3.082
7365.000 3.146
7370.000 3.337
7375.000 3.485
7380.000 3.806
7385.000 3.984
7390.000 4.320
7395.000 4.535
7400.000 4.817
7405.000 5.104
7410.000 5.795
7415.000 6.053
7420.000 6.092
7425.000 5.827
7430.000 5.517
7435.000 6.967
7440.000 9.945
7445.000 12.087
7450.000 10.569
7455.000 9.681
7460.000 8.108
7465.000 5.517
7470.000 1.797
7475.000 1.440
7480.000 1.246
7485.000 1.129
7490.000 1.002
7495.000 0.961
7500.000 0.949
7505.000 0.928
7510.000 0.929
7515.000 0.927
7520.000 0.925
7525.000 0.944
7530.000 0.955
7535.000 0.972
7540.000 0.990
7545.000 0.999
7550.000 0.996
7555.000 1.016
7560.000 1.025
7565.000 1.033
7570.000 1.052
7575.000 1.067
7580.000 1.099
7585.000 1.103
7590.000 1.113
7595.000 1.158
7600.000 1.164
7605.000 1.179
7610.000 1.181
7615.000 1.212
7620.000 1.219
7625.000 1.209
7630.000 1.261
7635.000 1.265
7640.000 1.283
7645.000 1.303
7650.000 1.316
7655.000 1.310
7660.000 1.325
7665.000 1.341
7670.000 1.352
7675.000 1.371
7680.000 1.385
7685.000 1.409
7690.000 1.413
7695.000 1.420
7700.000 1.454
7705.000 1.459
7710.000 1.466
7715.000 1.468
7720.000 1.489
7725.000 1.504
7730.000 1.516
7735.000 1.533
7740.000 1.529
7745.000 1.546
7750.000 1.551
7755.000 1.561
7760.000 1.587
7765.000 1.586
7770.000 1.597
7775.000 1.623
7780.000 1.634
7785.000 1.634
7790.000 1.659
7795.000 1.678
7800.000 1.691
7805.000 1.695
7810.000 1.725
7815.000 1.749
7820.000 1.750
7825.000 1.757
7830.000 1.798
7835.000 1.798
7840.000 1.831
7845.000 1.857
7850.000 1.875
7855.000 1.914
7860.000 1.902
7865.000 1.951
7870.000 1.976
7875.000 2.006
7880.000 2.070
7885.000 2.096
7890.000 2.133
7895.000 2.150
7900.000 2.224
7905.000 2.283
7910.000 2.368
7915.000 2.368
7920.000 2.442
7925.000 2.493
7930.000 2.522
7935.000 2.639
7940.000 2.692
7945.000 2.722
7950.000 2.802
7955.000 2.973
7960.000 3.051
7965.000 3.138
7970.000 3.381
7975.000 3.549
7980.000 3.743
7985.000 3.963
7990.000 4.540
7995.000 4.992
8000.000 5.556
8005.000 7.305
8010.000 8.666
8015.000 10.598
8020.000 13.334
8025.000 21.126
8030.000 26.293
8035.000 32.940
8040.000 48.614
8045.000 46.752
8050.000 18.832
8055.000 13.529
8060.000 7.714
8065.000 5.961
8070.000 4.870
8075.000 4.003
8080.000 2.959
8085.000 2.601
8090.000 2.140
8095.000 1.960
8100.000 1.811
8105.000 1.682
8110.000 1.573
8115.000 1.412
8120.000 1.354
8125.000 1.302
8130.000 1.211
8135.000 1.182
8140.000 1.138
8145.000 1.122
8150.000 1.084
8155.000 1.068
8160.000 1.055
8165.000 1.038
8170.000 1.035
8175.000 1.006
8180.000 1.022
8185.000 1.005
8190.000 1.007
8195.000 1.009
8200.000 1.017
8205.000 1.007
8210.000 1.009
8215.000 1.013
8220.000 1.021
8225.000 1.024
8230.000 1.034
8235.000 1.020
8240.000 1.047
8245.000 1.044
8250.000 1.041
8255.000 1.051
8260.000 1.053
8265.000 1.063
8270.000 1.075
8275.000 1.084
8280.000 1.092
8285.000 1.091
8290.000 1.107
8295.000 1.118
8300.000 1.128
8305.000 1.138
8310.000 1.135
8315.000 1.154
8320.000 1.163
8325.000 1.168
8330.000 1.190
8335.000 1.203
8340.000 1.209
8345.000 1.219
8350.000 1.233
8355.000 1.254
8360.000 1.264
8365.000 1.275
8370.000 1.293
8375.000 1.316
8380.000 1.316
8385.000 1.346
8390.000 1.357
8395.000 1.383
8400.000 1.411
8405.000 1.425
8410.000 1.440
8415.000 1.444
8420.000 1.481
8425.000 1.489
8430.000 1.508
8435.000 1.515
8440.000 1.541
8445.000 1.558
8450.000 1.572
8455.000 1.582
8460.000 1.581
8465.000 1.579
8470.000 1.571
8475.000 1.527
8480.000 1.489
8485.000 1.436
8490.000 1.306
8495.000 1.290
8500.000 1.494
8505.000 2.208
8510.000 13.778
8515.000 26.023
8520.000 35.346
8525.000 36.837
8530.000 18.408
8535.000 12.388
8540.000 16.725
8545.000 14.853
8550.000 15.082
8555.000 15.501
8560.000 16.049
8565.000 18.631
8570.000 20.184
8575.000 21.582
8580.000 23.074
8585.000 26.522
8590.000 28.569
8595.000 30.894
8600.000 36.296
8605.000 38.879
8610.000 41.070
8615.000 42.456
8620.000 40.028
8625.000 34.441
8630.000 21.967
8635.000 17.305
8640.000 13.887
8645.000 12.233
8650.000 12.349
8655.000 15.403
8660.000 16.022
8665.000 16.256
8670.000 15.296
8675.000 13.680
8680.000 12.293
8685.000 11.133
8690.000 9.306
8695.000 8.585
8700.000 7.987
8705.000 7.480
8710.000 6.715
8715.000 6.411
8720.000 6.133
8725.000 5.667
8730.000 5.490
8735.000 5.331
8740.000 5.216
8745.000 4.962
8750.000 4.824
8755.000 4.685
8760.000 4.424
8765.000 4.290
8770.000 4.186
8775.000 4.069
8780.000 3.862
8785.000 3.748
8790.000 3.672
8795.000 3.520
8800.000 3.443
8805.000 3.359
8810.000 3.321
8815.000 3.206
8820.000 3.153
8825.000 3.101
8830.000 3.016
8835.000 2.971
8840.000 2.916
8845.000 2.877
8850.000 2.814
8855.000 2.784
8860.000 2.748
8865.000 2.725
8870.000 2.674
8875.000 2.660
8880.000 2.620
8885.000 2.607
8890.000 2.549
8895.000 2.526
8900.000 2.498
8905.000 2.455
8910.000 2.437
8915.000 2.440
8920.000 2.417
8925.000 2.395
8930.000 2.364
8935.000 2.353
8940.000 2.314
8945.000 2.330
8950.000 2.294
8955.000 2.279
8960.000 2.275
8965.000 2.235
8970.000 2.226
8975.000 2.224
8980.000 2.202
8985.000 2.197
8990.000 2.190
8995.000 2.168
9000.000 2.146
9005.000 2.158
9010.000 2.141
9015.000 2.131
9020.000 2.132
9025.000 2.123
9030.000 2.088
9035.000 2.093
9040.000 2.070
9045.000 2.107
9050.000 2.070
9055.000 2.085
9060.000 2.056
9065.000 2.056
9070.000 2.065
9075.000 2.054
9080.000 2.044
9085.000 2.031
9090.000 2.036
9095.000 2.036
9100.000 2.040
9105.000 2.010
9110.000 2.027
9115.000 1.999
9120.000 2.009
9125.000 2.023
9130.000 2.006
9135.000 2.013
9140.000 2.003
9145.000 1.996
9150.000 2.007
9155.000 1.997
9160.000 1.996
9165.000 1.996
9170.000 1.999
9175.000 2.005
9180.000 1.989
9185.000 1.990
9190.000 2.008
9195.000 2.009
9200.000 1.997
9205.000 2.007
9210.000 1.987
9215.000 2.015
9220.000 2.010
9225.000 2.015
9230.000 2.023
9235.000 2.019
9240.000 2.032
9245.000 2.041
9250.000 2.049
9255.000 2.040
9260.000 2.070
9265.000 2.057
9270.000 2.064
9275.000 2.066
9280.000 2.078
9285.000 2.079
9290.000 2.096
9295.000 2.108
9300.000 2.134
9305.000 2.120
9310.000 2.141
9315.000 2.155
9320.000 2.162
9325.000 2.187
9330.000 2.194
9335.000 2.225
9340.000 2.256
9345.000 2.276
9350.000 2.298
9355.000 2.348
9360.000 2.377
9365.000 2.420
9370.000 2.487
9375.000 2.533
9380.000 2.578
9385.000 2.664
9390.000 2.714
9395.000 2.779
9400.000 2.938
9405.000 3.038
9410.000 3.171
9415.000 3.341
9420.000 3.583
9425.000 4.299
9430.000 5.000
9435.000 6.167
9440.000 8.224
9445.000 16.110
9450.000 20.784
9455.000 24.059
9460.000 16.523
9465.000 6.616
9470.000 5.631
9475.000 6.489
9480.000 3.521
9485.000 2.323
9490.000 2.472
9495.000 2.308
9500.000 2.223
9505.000 2.187
9510.000 2.130
9515.000 2.046
9520.000 2.045
9525.000 2.001
9530.000 2.001
9535.000 1.998
9540.000 1.996
9545.000 2.023
9550.000 2.049
9555.000 2.082
9560.000 2.103
9565.000 2.142
9570.000 2.193
9575.000 2.215
9580.000 2.266
9585.000 2.302
9590.000 2.313
9595.000 2.347
9600.000 2.371
9605.000 2.424
9610.000 2.434
9615.000 2.446
9620.000 2.526
9625.000 2.551
9630.000 2.572
9635.000 2.605
9640.000 2.657
9645.000 2.679
9650.000 2.728
9655.000 2.794
9660.000 2.898
9665.000 2.935
9670.000 2.970
9675.000 3.035
9680.000 3.099
9685.000 3.161
9690.000 3.222
9695.000 3.371
9700.000 3.468
9705.000 3.558
9710.000 3.719
9715.000 3.851
9720.000 3.986
9725.000 4.153
9730.000 4.498
9735.000 4.739
9740.000 5.041
9745.000 5.391
9750.000 6.370
9755.000 7.054
9760.000 7.921
9765.000 10.322
9770.000 11.889
9775.000 13.660
9780.000 15.494
9785.000 18.056
9790.000 18.012
9795.000 16.755
9800.000 12.192
9805.000 10.193
9810.000 8.611
9815.000 7.411
9820.000 5.726
9825.000 5.137
9830.000 4.642
9835.000 4.233
9840.000 3.603
9845.000 3.416
9850.000 3.177
9855.000 2.986
9860.000 2.691
9865.000 2.302
9870.000 2.018
9875.000 1.703
9880.000 1.616
9885.000 1.543
9890.000 1.486
9895.000 1.446
9900.000 1.441
9905.000 1.422
9910.000 1.411
9915.000 1.416
9920.000 1.416
9925.000 1.407
9930.000 1.428
9935.000 1.439
9940.000 1.435
9945.000 1.454
9950.000 1.450
9955.000 1.469
9960.000 1.476
9965.000 1.493
9970.000 1.480
9975.000 1.505
9980.000 1.514
9985.000 1.533
9990.000 1.537
9995.000 1.553
10000.000 1.589
