105.000 0.031
110.000 0.089
115.000 0.529
120.000 0.739
125.000 0.723
135.000 0.850
140.000 0.796
145.000 0.786
150.000 0.786
155.000 0.853
160.000 0.665
165.000 0.719
170.000 0.582
175.000 0.854
180.000 0.747
185.000 0.517
190.000 0.573
195.000 0.417
200.000 0.272
205.000 0.496
210.000 0.398
215.000 0.463
220.000 0.442
225.000 0.309
230.000 0.346
235.000 0.304
240.000 0.245
245.000 0.260
250.000 0.243
255.000 0.213
260.000 0.155
265.000 0.137
270.000 0.193
275.000 0.202
280.000 0.143
285.000 0.183
290.000 0.261
295.000 0.197
300.000 0.337
305.000 0.400
310.000 0.353
315.000 0.396
320.000 0.573
325.000 0.597
330.000 0.673
335.000 0.984
340.000 1.260
345.000 1.165
350.000 1.370
355.000 1.445
360.000 1.843
365.000 1.969
370.000 2.142
375.000 2.594
380.000 2.944
385.000 3.245
390.000 3.348
395.000 4.221
400.000 4.566
405.000 4.972
410.000 5.132
415.000 5.750
420.000 5.912
425.000 6.301
430.000 6.539
435.000 6.496
440.000 6.605
445.000 6.604
450.000 6.356
455.000 6.137
460.000 5.966
465.000 5.941
470.000 5.691
475.000 5.409
480.000 5.246
485.000 5.006
490.000 4.897
495.000 4.704
500.000 4.402
505.000 4.215
510.000 4.023
515.000 3.794
520.000 3.325
525.000 3.301
530.000 3.098
535.000 2.890
540.000 2.581
545.000 2.578
550.000 2.461
555.000 2.147
560.000 2.139
565.000 1.965
570.000 1.849
575.000 1.865
580.000 1.864
585.000 1.891
590.000 1.804
595.000 1.748
600.000 1.691
605.000 1.700
610.000 1.782
615.000 1.838
620.000 1.776
625.000 1.646
630.000 1.705
635.000 1.726
640.000 1.673
645.000 1.751
650.000 1.766
655.000 1.636
660.000 1.602
665.000 1.551
670.000 1.536
675.000 1.587
680.000 1.658
685.000 1.602
690.000 1.594
695.000 1.565
700.000 1.627
705.000 1.510
710.000 1.491
715.000 1.502
720.000 1.551
725.000 1.602
730.000 1.458
735.000 1.580
740.000 1.549
745.000 1.518
750.000 1.519
755.000 1.501
760.000 1.522
765.000 1.607
770.000 1.436
775.000 1.423
780.000 1.496
785.000 1.505
790.000 1.515
795.000 1.442
800.000 1.414
805.000 1.483
810.000 1.381
815.000 1.466
820.000 1.543
825.000 1.381
830.000 1.575
835.000 1.459
840.000 1.486
845.000 1.455
850.000 1.405
855.000 1.414
860.000 1.343
865.000 1.482
870.000 1.368
875.000 1.406
880.000 1.363
885.000 1.369
890.000 1.445
895.000 1.364
900.000 1.298
905.000 1.340
910.000 1.373
915.000 1.468
920.000 1.399
925.000 1.269
930.000 1.306
935.000 1.356
940.000 1.448
945.000 1.406
950.000 1.359
955.000 1.293
960.000 1.264
965.000 1.366
970.000 1.427
975.000 1.253
980.000 1.297
985.000 1.310
990.000 1.237
995.000 1.388
1000.000 1.355
1005.000 1.255
1010.000 1.334
1015.000 1.440
1020.000 1.422
1025.000 1.275
1030.000 1.460
1035.000 1.229
1040.000 1.302
1045.000 1.346
1050.000 1.425
1055.000 1.342
1060.000 1.315
1065.000 1.291
1070.000 1.341
1075.000 1.256
1080.000 1.275
1085.000 1.256
1090.000 1.321
1095.000 1.232
1100.000 1.228
1105.000 1.201
1110.000 1.209
1115.000 1.306
1120.000 1.305
1125.000 1.233
1130.000 1.241
1135.000 1.234
1140.000 1.240
1145.000 1.222
1150.000 1.215
1155.000 1.257
1160.000 1.218
1165.000 1.242
1170.000 1.256
1175.000 1.198
1180.000 1.320
1185.000 1.216
1190.000 1.204
1195.000 1.266
1200.000 1.225
1205.000 1.283
1210.000 1.220
1215.000 1.222
1220.000 1.234
1225.000 1.204
1230.000 1.228
1235.000 1.213
1240.000 1.175
1245.000 1.282
1250.000 1.273
1255.000 1.270
1260.000 1.209
1265.000 1.301
1270.000 1.142
1275.000 1.212
1280.000 1.192
1285.000 1.184
1290.000 1.164
1295.000 1.149
1300.000 1.233
1305.000 1.209
1310.000 1.204
1315.000 1.328
1320.000 1.260
1325.000 1.243
1330.000 1.254
1335.000 1.180
1340.000 1.187
1345.000 1.196
1350.000 1.230
1355.000 1.234
1360.000 1.200
1365.000 1.249
1370.000 1.312
1375.000 1.182
1380.000 1.267
1385.000 1.212
1390.000 1.162
1395.000 1.190
1400.000 1.134
1405.000 1.188
1410.000 1.150
1415.000 1.173
1420.000 1.166
1425.000 1.195
1430.000 1.128
1435.000 1.167
1440.000 1.195
1445.000 1.177
1450.000 1.217
1455.000 1.123
1460.000 1.127
1465.000 1.202
1470.000 1.168
1475.000 1.187
1480.000 1.165
1485.000 1.132
1490.000 1.145
1495.000 1.093
1500.000 1.129
1505.000 1.132
1510.000 1.107
1515.000 1.140
1520.000 1.075
1525.000 1.081
1530.000 1.132
1535.000 1.116
1540.000 1.104
1545.000 1.060
1550.000 1.055
1555.000 1.022
1560.000 1.091
1565.000 1.078
1570.000 1.057
1575.000 1.017
1580.000 1.069
1585.000 1.106
1590.000 1.094
1595.000 1.059
1600.000 1.039
1605.000 1.034
1610.000 1.055
1615.000 1.066
1620.000 1.083
1625.000 1.057
1630.000 1.028
1635.000 1.048
1640.000 1.056
1645.000 1.059
1650.000 1.032
1655.000 1.050
1660.000 1.035
1665.000 1.033
1670.000 1.054
1675.000 1.042
1680.000 1.054
1685.000 1.038
1690.000 1.054
1695.000 1.071
1700.000 1.023
1705.000 1.022
1710.000 1.110
1715.000 1.114
1720.000 1.102
1725.000 1.102
1730.000 1.101
1735.000 1.088
1740.000 1.094
1745.000 1.137
1750.000 1.127
1755.000 1.104
1760.000 1.183
1765.000 1.205
1770.000 1.225
1775.000 1.193
1780.000 1.265
1785.000 1.294
1790.000 1.275
1795.000 1.397
1800.000 1.369
1805.000 1.295
1810.000 1.363
1815.000 1.431
1820.000 1.454
1825.000 1.417
1830.000 1.450
1835.000 1.528
1840.000 1.626
1845.000 1.561
1850.000 1.579
1855.000 1.679
1860.000 1.726
1865.000 1.702
1870.000 1.680
1875.000 1.683
1880.000 1.762
1885.000 1.782
1890.000 1.794
1895.000 1.737
1900.000 1.715
1905.000 1.818
1910.000 1.788
1915.000 1.796
1920.000 1.796
1925.000 1.755
1930.000 1.814
1935.000 1.878
1940.000 1.775
1945.000 1.834
1950.000 1.850
1955.000 1.836
1960.000 1.787
1965.000 1.786
1970.000 1.835
1975.000 1.885
1980.000 1.832
1985.000 1.833
1990.000 1.786
1995.000 1.810
2000.000 1.788
2005.000 1.777
2010.000 1.808
2015.000 1.820
2020.000 1.762
2025.000 1.766
2030.000 1.754
2035.000 1.854
2040.000 1.826
2045.000 1.817
2050.000 1.738
2055.000 1.723
2060.000 1.743
2065.000 1.761
2070.000 1.760
2075.000 1.763
2080.000 1.730
2085.000 1.777
2090.000 1.674
2095.000 1.734
2100.000 1.736
2105.000 1.697
2110.000 1.753
2115.000 1.750
2120.000 1.731
2125.000 1.746
2130.000 1.661
2135.000 1.676
2140.000 1.736
2145.000 1.701
2150.000 1.678
2155.000 1.680
2160.000 1.667
2165.000 1.646
2170.000 1.757
2175.000 1.722
2180.000 1.618
2185.000 1.738
2190.000 1.678
2195.000 1.636
2200.000 1.681
2205.000 1.660
2210.000 1.653
2215.000 1.654
2220.000 1.701
2225.000 1.651
2230.000 1.645
2235.000 1.615
2240.000 1.602
2245.000 1.609
2250.000 1.645
2255.000 1.580
2260.000 1.573
2265.000 1.545
2270.000 1.485
2275.000 1.386
2280.000 1.044
2285.000 0.711
2290.000 0.185
2295.000 6.141
2300.000 15.007
2305.000 26.161
2310.000 37.363
2315.000 32.150
2320.000 6.773
2325.000 6.896
2330.000 4.213
2335.000 1.802
2340.000 1.577
2345.000 1.211
2350.000 1.195
2355.000 1.169
2360.000 1.126
2365.000 1.125
2370.000 1.074
2375.000 1.058
2380.000 1.036
2385.000 1.037
2390.000 1.027
2395.000 1.001
2400.000 0.997
2405.000 0.986
2410.000 0.955
2415.000 0.963
2420.000 0.957
2425.000 0.941
2430.000 0.943
2435.000 0.948
2440.000 0.947
2445.000 0.949
2450.000 0.939
2455.000 0.950
2460.000 0.941
2465.000 0.952
2470.000 0.935
2475.000 0.945
2480.000 0.951
2485.000 0.939
2490.000 0.925
2495.000 0.952
2500.000 0.947
2505.000 0.944
2510.000 0.941
2515.000 0.952
2520.000 0.957
2525.000 0.981
2530.000 0.944
2535.000 0.947
2540.000 0.962
2545.000 0.956
2550.000 0.944
2555.000 0.935
2560.000 0.931
2565.000 0.975
2570.000 0.949
2575.000 0.942
2580.000 0.962
2585.000 0.972
2590.000 0.960
2595.000 0.953
2600.000 0.961
2605.000 0.954
2610.000 0.962
2615.000 0.941
2620.000 0.963
2625.000 0.949
2630.000 0.968
2635.000 0.975
2640.000 0.996
2645.000 1.004
2650.000 0.960
2655.000 0.979
2660.000 0.978
2665.000 0.966
2670.000 0.991
2675.000 0.990
2680.000 1.006
2685.000 1.001
2690.000 0.988
2695.000 0.998
2700.000 1.014
2705.000 1.015
2710.000 1.009
2715.000 1.005
2720.000 1.019
2725.000 1.025
2730.000 1.040
2735.000 1.046
2740.000 1.067
2745.000 1.108
2750.000 1.139
2755.000 1.116
2760.000 1.112
2765.000 1.147
2770.000 1.131
2775.000 1.183
2780.000 1.183
2785.000 1.179
2790.000 1.210
2795.000 1.231
2800.000 1.284
2805.000 1.278
2810.000 1.249
2815.000 1.255
2820.000 1.304
2825.000 1.310
2830.000 1.351
2835.000 1.340
2840.000 1.397
2845.000 1.375
2850.000 1.403
2855.000 1.423
2860.000 1.458
2865.000 1.466
2870.000 1.498
2875.000 1.527
2880.000 1.537
2885.000 1.529
2890.000 1.575
2895.000 1.616
2900.000 1.647
2905.000 1.632
2910.000 1.650
2915.000 1.657
2920.000 1.663
2925.000 1.701
2930.000 1.784
2935.000 1.751
2940.000 1.724
2945.000 1.760
2950.000 1.824
2955.000 1.838
2960.000 1.809
2965.000 1.829
2970.000 1.867
2975.000 1.869
2980.000 1.851
2985.000 1.867
2990.000 1.915
2995.000 1.918
3000.000 2.016
3005.000 1.930
3010.000 1.956
3015.000 1.911
3020.000 1.933
3025.000 1.906
3030.000 2.003
3035.000 2.010
3040.000 2.103
3045.000 2.010
3050.000 2.049
3055.000 2.112
3060.000 2.110
3065.000 2.129
3070.000 2.084
3075.000 2.079
3080.000 2.106
3085.000 2.158
3090.000 2.146
3095.000 2.150
3100.000 2.149
3105.000 2.190
3110.000 2.230
3115.000 2.257
3120.000 2.262
3125.000 2.263
3130.000 2.245
3135.000 2.308
3140.000 2.326
3145.000 2.364
3150.000 2.341
3155.000 2.335
3160.000 2.335
3165.000 2.365
3170.000 2.327
3175.000 2.339
3180.000 2.368
3185.000 2.418
3190.000 2.388
3195.000 2.421
3200.000 2.418
3205.000 2.445
3210.000 2.399
3215.000 2.462
3220.000 2.448
3225.000 2.434
3230.000 2.471
3235.000 2.476
3240.000 2.507
3245.000 2.523
3250.000 2.507
3255.000 2.520
3260.000 2.532
3265.000 2.512
3270.000 2.527
3275.000 2.541
3280.000 2.544
3285.000 2.562
3290.000 2.586
3295.000 2.606
3300.000 2.619
3305.000 2.637
3310.000 2.646
3315.000 2.624
3320.000 2.668
3325.000 2.660
3330.000 2.672
3335.000 2.677
3340.000 2.742
3345.000 2.747
3350.000 2.796
3355.000 2.809
3360.000 2.789
3365.000 2.827
3370.000 2.816
3375.000 2.830
3380.000 2.851
3385.000 2.825
3390.000 2.908
3395.000 2.963
3400.000 2.977
3405.000 2.997
3410.000 3.017
3415.000 3.008
3420.000 3.029
3425.000 3.063
3430.000 3.119
3435.000 3.158
3440.000 3.144
3445.000 3.217
3450.000 3.238
3455.000 3.249
3460.000 3.258
3465.000 3.340
3470.000 3.395
3475.000 3.415
3480.000 3.523
3485.000 3.594
3490.000 3.627
3495.000 3.651
3500.000 3.727
3505.000 3.772
3510.000 3.803
3515.000 3.846
3520.000 3.964
3525.000 4.013
3530.000 4.074
3535.000 4.201
3540.000 4.284
3545.000 4.353
3550.000 4.406
3555.000 4.549
3560.000 4.674
3565.000 4.759
3570.000 4.871
3575.000 5.092
3580.000 5.233
3585.000 5.373
3590.000 5.731
3595.000 5.860
3600.000 6.023
3605.000 6.254
3610.000 6.716
3615.000 6.963
3620.000 7.259
3625.000 8.022
3630.000 8.487
3635.000 9.061
3640.000 9.769
3645.000 11.554
3650.000 12.685
3655.000 14.150
3660.000 18.283
3665.000 20.951
3670.000 24.144
3675.000 27.911
3680.000 36.844
3685.000 42.971
3690.000 51.130
3695.000 60.133
3700.000 56.265
3705.000 43.791
3710.000 36.245
3715.000 20.490
3720.000 16.814
3725.000 14.091
3730.000 11.966
3735.000 9.126
3740.000 8.028
3745.000 7.128
3750.000 5.740
3755.000 5.195
3760.000 4.716
3765.000 4.292
3770.000 3.615
3775.000 3.341
3780.000 3.113
3785.000 2.693
3790.000 2.491
3795.000 2.358
3800.000 2.203
3805.000 1.958
3810.000 1.856
3815.000 1.782
3820.000 1.683
3825.000 1.508
3830.000 1.452
3835.000 1.357
3840.000 1.242
3845.000 1.189
3850.000 1.134
3855.000 1.101
3860.000 1.000
3865.000 0.977
3870.000 0.941
3875.000 0.874
3880.000 0.842
3885.000 0.817
3890.000 0.817
3895.000 0.684
3900.000 0.750
3905.000 0.607
3910.000 0.713
3915.000 0.615
3920.000 0.663
3925.000 0.669
3930.000 0.562
3935.000 0.439
3940.000 0.634
3945.000 0.593
3950.000 0.549
3955.000 0.628
3960.000 0.319
3965.000 0.485
3970.000 0.572
3975.000 0.478
3980.000 0.317
3985.000 0.544
3990.000 0.489
3995.000 0.226
4000.000 0.493
4005.000 0.231
4010.000 0.180
4015.000 0.180
4020.000 0.456
4025.000 0.310
4030.000 0.424
4035.000 0.268
4040.000 0.394
4045.000 0.375
4050.000 0.358
4055.000 0.393
4060.000 0.317
4065.000 0.376
4070.000 0.367
4075.000 0.334
4080.000 0.360
4085.000 0.335
4090.000 0.367
4095.000 0.338
4100.000 0.398
4105.000 0.350
4110.000 0.369
4115.000 0.294
4120.000 0.300
4125.000 0.288
4130.000 0.303
4135.000 0.282
4140.000 0.339
4145.000 0.320
4150.000 0.329
4155.000 0.335
4160.000 0.282
4165.000 0.323
4170.000 0.320
4175.000 0.308
4180.000 0.327
4185.000 0.329
4190.000 0.355
4195.000 0.366
4200.000 0.361
4205.000 0.366
4210.000 0.353
4215.000 0.371
4220.000 0.378
4225.000 0.377
4230.000 0.389
4235.000 0.398
4240.000 0.414
4245.000 0.411
4250.000 0.424
4255.000 0.426
4260.000 0.437
4265.000 0.439
4270.000 0.431
4275.000 0.451
4280.000 0.462
4285.000 0.457
4290.000 0.468
4295.000 0.459
4300.000 0.463
4305.000 0.452
4310.000 0.468
4315.000 0.460
4320.000 0.454
4325.000 0.451
4330.000 0.461
4335.000 0.454
4340.000 0.453
4345.000 0.443
4350.000 0.453
4355.000 0.466
4360.000 0.458
4365.000 0.448
4370.000 0.452
4375.000 0.449
4380.000 0.465
4385.000 0.444
4390.000 0.455
4395.000 0.454
4400.000 0.448
4405.000 0.464
4410.000 0.450
4415.000 0.447
4420.000 0.436
4425.000 0.449
4430.000 0.461
4435.000 0.462
4440.000 0.451
4445.000 0.459
4450.000 0.464
4455.000 0.460
4460.000 0.461
4465.000 0.462
4470.000 0.447
4475.000 0.463
4480.000 0.465
4485.000 0.454
4490.000 0.447
4495.000 0.465
4500.000 0.470
4505.000 0.465
4510.000 0.480
4515.000 0.469
4520.000 0.463
4525.000 0.462
4530.000 0.462
4535.000 0.467
4540.000 0.456
4545.000 0.460
4550.000 0.467
4555.000 0.444
4560.000 0.472
4565.000 0.456
4570.000 0.458
4575.000 0.463
4580.000 0.465
4585.000 0.464
4590.000 0.459
4595.000 0.464
4600.000 0.444
4605.000 0.457
4610.000 0.444
4615.000 0.447
4620.000 0.448
4625.000 0.440
4630.000 0.443
4635.000 0.431
4640.000 0.434
4645.000 0.436
4650.000 0.429
4655.000 0.423
4660.000 0.423
4665.000 0.431
4670.000 0.415
4675.000 0.422
4680.000 0.402
4685.000 0.415
4690.000 0.413
4695.000 0.403
4700.000 0.402
4705.000 0.386
4710.000 0.397
4715.000 0.377
4720.000 0.387
4725.000 0.374
4730.000 0.373
4735.000 0.366
4740.000 0.356
4745.000 0.365
4750.000 0.345
4755.000 0.343
4760.000 0.334
4765.000 0.319
4770.000 0.326
4775.000 0.296
4780.000 0.298
4785.000 0.291
4790.000 0.279
4795.000 0.268
4800.000 0.246
4805.000 0.255
4810.000 0.216
4815.000 0.208
4820.000 0.214
4825.000 0.205
4830.000 0.183
4835.000 0.166
4840.000 0.159
4845.000 0.138
4850.000 0.140
4855.000 0.130
4860.000 0.129
4865.000 0.145
4870.000 0.173
4875.000 0.179
4880.000 0.243
4885.000 0.281
4890.000 0.323
4895.000 0.384
4900.000 0.492
4905.000 0.552
4910.000 0.649
4915.000 0.753
4920.000 1.009
4925.000 1.169
4930.000 1.405
4935.000 2.251
4940.000 3.133
4945.000 4.948
4950.000 8.535
4955.000 20.912
4960.000 28.386
4965.000 30.884
4970.000 16.920
4975.000 10.471
4980.000 22.141
4985.000 23.879
4990.000 13.940
4995.000 9.898
5000.000 10.191
5005.000 6.849
5010.000 5.703
5015.000 5.357
5020.000 4.762
5025.000 3.717
5030.000 3.400
5035.000 3.172
5040.000 2.898
5045.000 2.541
5050.000 2.381
5055.000 2.245
5060.000 2.149
5065.000 1.931
5070.000 1.883
5075.000 1.814
5080.000 1.663
5085.000 1.626
5090.000 1.566
5095.000 1.543
5100.000 1.459
5105.000 1.423
5110.000 1.397
5115.000 1.347
5120.000 1.300
5125.000 1.295
5130.000 1.294
5135.000 1.271
5140.000 1.233
5145.000 1.207
5150.000 1.181
5155.000 1.168
5160.000 1.163
5165.000 1.140
5170.000 1.132
5175.000 1.100
5180.000 1.096
5185.000 1.091
5190.000 1.058
5195.000 1.040
5200.000 1.039
5205.000 1.012
5210.000 1.027
5215.000 1.004
5220.000 0.977
5225.000 0.971
5230.000 0.966
5235.000 0.949
5240.000 0.923
5245.000 0.911
5250.000 0.896
5255.000 0.912
5260.000 0.870
5265.000 0.864
5270.000 0.870
5275.000 0.838
5280.000 0.848
5285.000 0.830
5290.000 0.825
5295.000 0.805
5300.000 0.795
5305.000 0.791
5310.000 0.774
5315.000 0.769
5320.000 0.754
5325.000 0.739
5330.000 0.728
5335.000 0.719
5340.000 0.720
5345.000 0.711
5350.000 0.696
5355.000 0.686
5360.000 0.679
5365.000 0.652
5370.000 0.653
5375.000 0.653
5380.000 0.652
5385.000 0.646
5390.000 0.622
5395.000 0.611
5400.000 0.612
5405.000 0.586
5410.000 0.607
5415.000 0.598
5420.000 0.591
5425.000 0.580
5430.000 0.571
5435.000 0.589
5440.000 0.570
5445.000 0.556
5450.000 0.553
5455.000 0.541
5460.000 0.549
5465.000 0.543
5470.000 0.554
5475.000 0.555
5480.000 0.548
5485.000 0.555
5490.000 0.543
5495.000 0.537
5500.000 0.533
5505.000 0.532
5510.000 0.532
5515.000 0.539
5520.000 0.539
5525.000 0.529
5530.000 0.526
5535.000 0.543
5540.000 0.536
5545.000 0.535
5550.000 0.543
5555.000 0.555
5560.000 0.552
5565.000 0.540
5570.000 0.555
5575.000 0.539
5580.000 0.557
5585.000 0.559
5590.000 0.543
5595.000 0.555
5600.000 0.560
5605.000 0.571
5610.000 0.568
5615.000 0.571
5620.000 0.588
5625.000 0.575
5630.000 0.571
5635.000 0.573
5640.000 0.589
5645.000 0.577
5650.000 0.589
5655.000 0.599
5660.000 0.596
5665.000 0.611
5670.000 0.616
5675.000 0.624
5680.000 0.633
5685.000 0.636
5690.000 0.640
5695.000 0.652
5700.000 0.652
5705.000 0.667
5710.000 0.668
5715.000 0.675
5720.000 0.684
5725.000 0.695
5730.000 0.703
5735.000 0.713
5740.000 0.713
5745.000 0.742
5750.000 0.749
5755.000 0.759
5760.000 0.772
5765.000 0.790
5770.000 0.783
5775.000 0.790
5780.000 0.815
5785.000 0.836
5790.000 0.837
5795.000 0.864
5800.000 0.876
5805.000 0.909
5810.000 0.927
5815.000 0.955
5820.000 0.960
5825.000 0.964
5830.000 0.996
5835.000 1.024
5840.000 1.049
5845.000 1.081
5850.000 1.093
5855.000 1.131
5860.000 1.147
5865.000 1.181
5870.000 1.243
5875.000 1.275
5880.000 1.312
5885.000 1.329
5890.000 1.365
5895.000 1.384
5900.000 1.411
5905.000 1.457
5910.000 1.489
5915.000 1.504
5920.000 1.517
5925.000 1.604
5930.000 1.605
5935.000 1.668
5940.000 1.731
5945.000 1.768
5950.000 1.785
5955.000 1.831
5960.000 1.898
5965.000 1.915
5970.000 1.964
5975.000 2.008
5980.000 2.087
5985.000 2.141
5990.000 2.184
5995.000 2.289
6000.000 2.322
6005.000 2.394
6010.000 2.406
6015.000 2.517
6020.000 2.607
6025.000 2.659
6030.000 2.766
6035.000 2.858
6040.000 2.937
6045.000 2.998
6050.000 3.152
6055.000 3.225
6060.000 3.316
6065.000 3.468
6070.000 3.590
6075.000 3.713
6080.000 3.828
6085.000 4.025
6090.000 4.161
6095.000 4.309
6100.000 4.455
6105.000 4.791
6110.000 4.985
6115.000 5.197
6120.000 5.644
6125.000 5.955
6130.000 6.251
6135.000 6.621
6140.000 7.493
6145.000 8.006
6150.000 8.589
6155.000 9.347
6160.000 11.203
6165.000 12.390
6170.000 13.795
6175.000 17.534
6180.000 20.048
6185.000 22.939
6190.000 26.253
6195.000 34.549
6200.000 39.067
6205.000 43.377
6210.000 50.134
6215.000 51.184
6220.000 49.222
6225.000 43.102
6230.000 31.070
6235.000 25.360
6240.000 20.886
6245.000 15.546
6250.000 14.224
6255.000 13.337
6260.000 12.755
6265.000 11.958
6270.000 11.599
6275.000 11.207
6280.000 10.819
6285.000 9.956
6290.000 9.595
6295.000 9.299
6300.000 8.775
6305.000 8.576
6310.000 8.347
6315.000 8.124
6320.000 7.729
6325.000 7.517
6330.000 7.322
6335.000 6.957
6340.000 6.765
6345.000 6.586
6350.000 6.390
6355.000 6.080
6360.000 5.915
6365.000 5.779
6370.000 5.488
6375.000 5.328
6380.000 5.164
6385.000 5.007
6390.000 4.736
6395.000 4.633
6400.000 4.521
6405.000 4.411
6410.000 4.222
6415.000 4.147
6420.000 4.050
6425.000 3.920
6430.000 3.853
6435.000 3.782
6440.000 3.725
6445.000 3.620
6450.000 3.570
6455.000 3.507
6460.000 3.432
6465.000 3.396
6470.000 3.355
6475.000 3.315
6480.000 3.258
6485.000 3.237
6490.000 3.210
6495.000 3.162
6500.000 3.136
6505.000 3.134
6510.000 3.120
6515.000 3.097
6520.000 3.106
6525.000 3.090
6530.000 3.101
6535.000 3.170
6540.000 3.392
6545.000 4.166
6550.000 7.171
6555.000 27.898
6560.000 33.481
6565.000 31.232
6570.000 11.569
6575.000 9.006
6580.000 6.215
6585.000 3.974
6590.000 2.992
6595.000 3.378
6600.000 2.839
6605.000 2.791
6610.000 2.708
6615.000 2.638
6620.000 2.580
6625.000 2.456
6630.000 2.397
6635.000 2.372
6640.000 2.289
6645.000 2.253
6650.000 2.217
6655.000 2.195
6660.000 2.141
6665.000 2.114
6670.000 2.104
6675.000 2.076
6680.000 2.060
6685.000 2.050
6690.000 2.033
6695.000 2.032
6700.000 2.000
6705.000 1.996
6710.000 1.992
6715.000 1.982
6720.000 1.986
6725.000 1.977
6730.000 1.971
6735.000 1.972
6740.000 1.970
6745.000 1.962
6750.000 1.952
6755.000 1.945
6760.000 1.943
6765.000 1.951
6770.000 1.949
6775.000 1.937
6780.000 1.949
6785.000 1.937
6790.000 1.928
6795.000 1.934
6800.000 1.930
6805.000 1.911
6810.000 1.925
6815.000 1.926
6820.000 1.925
6825.000 1.905
6830.000 1.927
6835.000 1.924
6840.000 1.891
6845.000 1.901
6850.000 1.920
6855.000 1.906
6860.000 1.906
6865.000 1.893
6870.000 1.901
6875.000 1.900
6880.000 1.915
6885.000 1.900
6890.000 1.901
6895.000 1.893
6900.000 1.902
6905.000 1.908
6910.000 1.894
6915.000 1.912
6920.000 1.908
6925.000 1.896
6930.000 1.901
6935.000 1.885
6940.000 1.891
6945.000 1.910
6950.000 1.901
6955.000 1.905
6960.000 1.902
6965.000 1.891
6970.000 1.903
6975.000 1.906
6980.000 1.910
6985.000 1.911
6990.000 1.899
6995.000 1.912
7000.000 1.895
7005.000 1.924
7010.000 1.930
7015.000 1.935
7020.000 1.911
7025.000 1.932
7030.000 1.946
7035.000 1.944
7040.000 1.936
7045.000 1.958
7050.000 1.964
7055.000 1.962
7060.000 1.964
7065.000 1.972
7070.000 1.968
7075.000 1.988
7080.000 1.989
7085.000 1.993
7090.000 2.018
7095.000 2.019
7100.000 2.027
7105.000 2.021
7110.000 2.039
7115.000 2.057
7120.000 2.058
7125.000 2.075
7130.000 2.090
7135.000 2.084
7140.000 2.092
7145.000 2.098
7150.000 2.142
7155.000 2.142
7160.000 2.145
7165.000 2.161
7170.000 2.178
7175.000 2.184
7180.000 2.229
7185.000 2.243
7190.000 2.250
7195.000 2.281
7200.000 2.312
7205.000 2.330
7210.000 2.350
7215.000 2.368
7220.000 2.390
7225.000 2.419
7230.000 2.426
7235.000 2.482
7240.000 2.493
7245.000 2.520
7250.000 2.579
7255.000 2.601
7260.000 2.621
7265.000 2.638
7270.000 2.708
7275.000 2.733
7280.000 2.778
7285.000 2.816
7290.000 2.908
7295.000 2.962
7300.000 3.008
7305.000 3.128
7310.000 3.192
7315.000 3.261
7320.000 3.298
7325.000 3.401
7330.000 3.501
7335.000 3.569
7340.000 3.641
7345.000 3.830
7350.000 3.941
7355.000 4.060
7360.000 4.366
7365.000 4.547
7370.000 5.028
7375.000 5.380
7380.000 6.175
7385.000 6.711
7390.000 7.415
7395.000 9.528
7400.000 11.120
7405.000 13.118
7410.000 15.602
7415.000 21.179
7420.000 23.479
7425.000 24.484
7430.000 19.196
7435.000 13.766
7440.000 9.250
7445.000 6.017
7450.000 4.381
7455.000 5.030
7460.000 4.996
7465.000 3.884
7470.000 1.742
7475.000 1.517
7480.000 1.391
7485.000 1.196
7490.000 1.137
7495.000 1.087
7500.000 1.046
7505.000 0.977
7510.000 0.965
7515.000 0.941
7520.000 0.936
7525.000 0.927
7530.000 0.924
7535.000 0.923
7540.000 0.922
7545.000 0.924
7550.000 0.924
7555.000 0.934
7560.000 0.948
7565.000 0.953
7570.000 0.955
7575.000 0.973
7580.000 0.990
7585.000 0.990
7590.000 1.021
7595.000 1.035
7600.000 1.046
7605.000 1.050
7610.000 1.060
7615.000 1.073
7620.000 1.092
7625.000 1.092
7630.000 1.132
7635.000 1.124
7640.000 1.120
7645.000 1.142
7650.000 1.155
7655.000 1.163
7660.000 1.178
7665.000 1.195
7670.000 1.206
7675.000 1.206
7680.000 1.231
7685.000 1.237
7690.000 1.258
7695.000 1.257
7700.000 1.299
7705.000 1.289
7710.000 1.295
7715.000 1.316
7720.000 1.349
7725.000 1.350
7730.000 1.373
7735.000 1.388
7740.000 1.406
7745.000 1.411
7750.000 1.441
7755.000 1.458
7760.000 1.478
7765.000 1.481
7770.000 1.500
7775.000 1.543
7780.000 1.541
7785.000 1.560
7790.000 1.606
7795.000 1.605
7800.000 1.617
7805.000 1.625
7810.000 1.666
7815.000 1.655
7820.000 1.688
7825.000 1.712
7830.000 1.735
7835.000 1.764
7840.000 1.768
7845.000 1.822
7850.000 1.830
7855.000 1.854
7860.000 1.884
7865.000 1.921
7870.000 1.956
7875.000 1.975
7880.000 2.030
7885.000 2.068
7890.000 2.104
7895.000 2.116
7900.000 2.185
7905.000 2.217
7910.000 2.221
7915.000 2.330
7920.000 2.391
7925.000 2.426
7930.000 2.460
7935.000 2.544
7940.000 2.603
7945.000 2.681
7950.000 2.833
7955.000 2.908
7960.000 3.018
7965.000 3.101
7970.000 3.396
7975.000 3.573
7980.000 3.762
7985.000 4.359
7990.000 4.762
7995.000 5.392
8000.000 6.137
8005.000 8.661
8010.000 10.726
8015.000 13.503
8020.000 17.305
8025.000 27.128
8030.000 33.086
8035.000 37.580
8040.000 36.167
8045.000 34.126
8050.000 20.302
8055.000 12.581
8060.000 6.549
8065.000 5.277
8070.000 4.482
8075.000 3.884
8080.000 3.078
8085.000 2.676
8090.000 2.420
8095.000 2.029
8100.000 1.892
8105.000 1.737
8110.000 1.643
8115.000 1.484
8120.000 1.399
8125.000 1.361
8130.000 1.255
8135.000 1.216
8140.000 1.178
8145.000 1.145
8150.000 1.111
8155.000 1.088
8160.000 1.071
8165.000 1.070
8170.000 1.056
8175.000 1.031
8180.000 1.029
8185.000 1.028
8190.000 1.033
8195.000 1.021
8200.000 1.022
8205.000 1.005
8210.000 1.006
8215.000 1.004
8220.000 1.007
8225.000 1.009
8230.000 1.023
8235.000 1.014
8240.000 1.010
8245.000 1.028
8250.000 1.016
8255.000 1.040
8260.000 1.042
8265.000 1.059
8270.000 1.057
8275.000 1.073
8280.000 1.072
8285.000 1.085
8290.000 1.090
8295.000 1.106
8300.000 1.112
8305.000 1.116
8310.000 1.128
8315.000 1.137
8320.000 1.155
8325.000 1.159
8330.000 1.189
8335.000 1.185
8340.000 1.201
8345.000 1.228
8350.000 1.227
8355.000 1.238
8360.000 1.251
8365.000 1.277
8370.000 1.294
8375.000 1.298
8380.000 1.312
8385.000 1.357
8390.000 1.359
8395.000 1.374
8400.000 1.406
8405.000 1.430
8410.000 1.448
8415.000 1.470
8420.000 1.508
8425.000 1.526
8430.000 1.545
8435.000 1.570
8440.000 1.602
8445.000 1.624
8450.000 1.623
8455.000 1.655
8460.000 1.660
8465.000 1.670
8470.000 1.661
8475.000 1.614
8480.000 1.575
8485.000 1.521
8490.000 1.362
8495.000 1.373
8500.000 1.653
8505.000 2.827
8510.000 17.080
8515.000 26.737
8520.000 35.377
8525.000 15.264
8530.000 19.540
8535.000 11.988
8540.000 16.835
8545.000 15.980
8550.000 16.280
8555.000 16.589
8560.000 17.372
8565.000 19.998
8570.000 21.454
8575.000 22.928
8580.000 26.240
8585.000 28.236
8590.000 30.528
8595.000 33.267
8600.000 39.283
8605.000 42.163
8610.000 44.519
8615.000 46.088
8620.000 44.360
8625.000 39.839
8630.000 34.446
8635.000 24.748
8640.000 20.666
8645.000 16.499
8650.000 8.657
8655.000 7.304
8660.000 8.436
8665.000 10.007
8670.000 11.026
8675.000 10.150
8680.000 9.369
8685.000 8.637
8690.000 7.475
8695.000 7.001
8700.000 6.607
8705.000 5.967
8710.000 5.699
8715.000 5.496
8720.000 5.301
8725.000 4.918
8730.000 4.738
8735.000 4.557
8740.000 4.401
8745.000 4.125
8750.000 3.994
8755.000 3.884
8760.000 3.686
8765.000 3.610
8770.000 3.526
8775.000 3.457
8780.000 3.310
8785.000 3.255
8790.000 3.183
8795.000 3.102
8800.000 3.058
8805.000 3.010
8810.000 2.957
8815.000 2.883
8820.000 2.857
8825.000 2.810
8830.000 2.792
8835.000 2.719
8840.000 2.712
8845.000 2.684
8850.000 2.606
8855.000 2.597
8860.000 2.583
8865.000 2.556
8870.000 2.505
8875.000 2.498
8880.000 2.473
8885.000 2.448
8890.000 2.428
8895.000 2.407
8900.000 2.388
8905.000 2.367
8910.000 2.344
8915.000 2.333
8920.000 2.313
8925.000 2.288
8930.000 2.269
8935.000 2.255
8940.000 2.251
8945.000 2.229
8950.000 2.219
8955.000 2.209
8960.000 2.202
8965.000 2.197
8970.000 2.182
8975.000 2.163
8980.000 2.157
8985.000 2.155
8990.000 2.147
8995.000 2.125
9000.000 2.103
9005.000 2.112
9010.000 2.109
9015.000 2.107
9020.000 2.084
9025.000 2.086
9030.000 2.064
9035.000 2.068
9040.000 2.047
9045.000 2.052
9050.000 2.049
9055.000 2.041
9060.000 2.031
9065.000 2.028
9070.000 2.033
9075.000 2.044
9080.000 2.021
9085.000 2.029
9090.000 2.007
9095.000 1.993
9100.000 2.007
9105.000 1.998
9110.000 2.021
9115.000 2.011
9120.000 1.991
9125.000 1.996
9130.000 2.001
9135.000 1.995
9140.000 1.996
9145.000 1.999
9150.000 1.990
9155.000 1.998
9160.000 1.997
9165.000 1.995
9170.000 1.999
9175.000 1.994
9180.000 2.004
9185.000 1.993
9190.000 2.004
9195.000 2.007
9200.000 2.010
9205.000 2.014
9210.000 2.021
9215.000 2.018
9220.000 2.025
9225.000 2.022
9230.000 2.029
9235.000 2.029
9240.000 2.030
9245.000 2.047
9250.000 2.046
9255.000 2.060
9260.000 2.067
9265.000 2.068
9270.000 2.070
9275.000 2.087
9280.000 2.109
9285.000 2.100
9290.000 2.115
9295.000 2.118
9300.000 2.149
9305.000 2.144
9310.000 2.160
9315.000 2.174
9320.000 2.195
9325.000 2.219
9330.000 2.236
9335.000 2.273
9340.000 2.293
9345.000 2.311
9350.000 2.368
9355.000 2.393
9360.000 2.418
9365.000 2.454
9370.000 2.528
9375.000 2.576
9380.000 2.618
9385.000 2.661
9390.000 2.776
9395.000 2.878
9400.000 2.974
9405.000 3.135
9410.000 3.270
9415.000 3.426
9420.000 3.605
9425.000 4.280
9430.000 4.832
9435.000 5.646
9440.000 9.041
9445.000 11.821
9450.000 14.284
9455.000 14.325
9460.000 8.525
9465.000 9.661
9470.000 8.473
9475.000 0.828
9480.000 2.158
9485.000 1.869
9490.000 1.876
9495.000 1.905
9500.000 1.927
9505.000 1.920
9510.000 1.926
9515.000 1.905
9520.000 1.905
9525.000 1.905
9530.000 1.903
9535.000 1.921
9540.000 1.924
9545.000 1.950
9550.000 2.020
9555.000 2.039
9560.000 2.073
9565.000 2.106
9570.000 2.183
9575.000 2.203
9580.000 2.248
9585.000 2.334
9590.000 2.369
9595.000 2.395
9600.000 2.432
9605.000 2.480
9610.000 2.528
9615.000 2.539
9620.000 2.597
9625.000 2.636
9630.000 2.676
9635.000 2.720
9640.000 2.801
9645.000 2.847
9650.000 2.885
9655.000 2.933
9660.000 3.051
9665.000 3.104
9670.000 3.185
9675.000 3.316
9680.000 3.384
9685.000 3.445
9690.000 3.534
9695.000 3.711
9700.000 3.807
9705.000 3.892
9710.000 4.128
9715.000 4.252
9720.000 4.421
9725.000 4.630
9730.000 5.047
9735.000 5.316
9740.000 5.664
9745.000 6.547
9750.000 7.157
9755.000 7.893
9760.000 8.795
9765.000 11.310
9770.000 12.911
9775.000 14.686
9780.000 16.460
9785.000 18.569
9790.000 18.136
9795.000 16.428
9800.000 11.454
9805.000 9.366
9810.000 7.749
9815.000 6.480
9820.000 4.708
9825.000 4.083
9830.000 3.620
9835.000 3.213
9840.000 3.229
9845.000 3.137
9850.000 2.704
9855.000 0.757
9860.000 0.096
9865.000 0.497
9870.000 0.729
9875.000 0.933
9880.000 0.985
9885.000 1.014
9890.000 1.023
9895.000 1.025
9900.000 1.042
9905.000 1.031
9910.000 1.036
9915.000 1.034
9920.000 1.037
9925.000 1.038
9930.000 1.059
9935.000 1.055
9940.000 1.064
9945.000 1.073
9950.000 1.081
9955.000 1.089
9960.000 1.099
9965.000 1.114
9970.000 1.116
9975.000 1.121
9980.000 1.132
9985.000 1.140
9990.000 1.152
9995.000 1.174
10000.000 1.184
