105.000 0.108
110.000 0.214
115.000 0.158
120.000 0.771
125.000 0.730
130.000 0.834
135.000 0.861
140.000 0.840
145.000 0.906
150.000 0.732
155.000 0.874
160.000 0.861
165.000 0.762
170.000 0.756
175.000 0.588
180.000 0.675
185.000 0.670
190.000 0.577
195.000 0.531
200.000 0.495
205.000 0.384
210.000 0.466
215.000 0.492
220.000 0.552
225.000 0.409
230.000 0.394
235.000 0.335
240.000 0.358
245.000 0.249
250.000 0.258
255.000 0.200
260.000 0.176
265.000 0.204
270.000 0.118
275.000 0.145
280.000 0.146
285.000 0.187
290.000 0.109
295.000 0.199
300.000 0.255
305.000 0.223
310.000 0.299
315.000 0.367
320.000 0.411
325.000 0.703
330.000 0.871
335.000 0.818
340.000 0.981
345.000 1.059
350.000 1.395
355.000 1.556
360.000 1.801
365.000 1.750
370.000 2.222
375.000 2.403
380.000 2.748
385.000 3.257
390.000 3.547
395.000 4.059
400.000 4.304
405.000 4.866
410.000 5.273
415.000 5.487
420.000 6.058
425.000 6.482
430.000 6.361
435.000 6.644
440.000 6.499
445.000 6.453
450.000 6.409
455.000 6.341
460.000 5.960
465.000 5.978
470.000 5.843
475.000 5.330
480.000 5.107
485.000 5.098
490.000 4.853
495.000 4.347
500.000 4.358
505.000 4.037
510.000 3.699
515.000 3.283
520.000 3.019
525.000 3.021
530.000 2.705
535.000 2.624
540.000 2.559
545.000 2.495
550.000 2.219
555.000 2.085
560.000 2.007
565.000 2.031
570.000 1.876
575.000 1.828
580.000 1.822
585.000 1.858
590.000 1.806
595.000 1.826
600.000 1.732
605.000 1.751
610.000 1.609
615.000 1.728
620.000 1.710
625.000 1.686
630.000 1.657
635.000 1.688
640.000 1.672
645.000 1.601
650.000 1.597
655.000 1.656
660.000 1.640
665.000 1.653
670.000 1.560
675.000 1.596
680.000 1.585
685.000 1.561
690.000 1.565
695.000 1.568
700.000 1.511
705.000 1.583
710.000 1.562
715.000 1.567
720.000 1.500
725.000 1.544
730.000 1.629
735.000 1.525
740.000 1.503
745.000 1.549
750.000 1.568
755.000 1.559
760.000 1.466
765.000 1.509
770.000 1.416
775.000 1.481
780.000 1.482
785.000 1.479
790.000 1.405
795.000 1.476
800.000 1.497
805.000 1.435
810.000 1.439
815.000 1.399
820.000 1.493
825.000 1.515
830.000 1.442
835.000 1.429
840.000 1.410
845.000 1.353
850.000 1.421
855.000 1.410
860.000 1.375
865.000 1.486
870.000 1.349
875.000 1.416
880.000 1.377
885.000 1.433
890.000 1.312
895.000 1.362
900.000 1.459
905.000 1.522
910.000 1.403
915.000 1.326
920.000 1.369
925.000 1.335
930.000 1.388
935.000 1.323
940.000 1.353
945.000 1.456
950.000 1.390
955.000 1.364
960.000 1.312
965.000 1.341
970.000 1.345
975.000 1.340
980.000 1.240
985.000 1.247
990.000 1.227
995.000 1.386
1000.000 1.302
1005.000 1.293
1010.000 1.352
1015.000 1.268
1020.000 1.323
1025.000 1.322
1030.000 1.252
1035.000 1.290
1040.000 1.306
1045.000 1.361
1050.000 1.436
1055.000 1.365
1060.000 1.247
1065.000 1.318
1070.000 1.290
1075.000 1.333
1080.000 1.292
1085.000 1.344
1090.000 1.320
1095.000 1.345
1100.000 1.347
1105.000 1.229
1110.000 1.196
1115.000 1.259
1120.000 1.290
1125.000 1.265
1130.000 1.258
1135.000 1.284
1140.000 1.262
1145.000 1.253
1150.000 1.267
1155.000 1.238
1160.000 1.232
1165.000 1.247
1170.000 1.254
1175.000 1.246
1180.000 1.247
1185.000 1.209
1190.000 1.253
1195.000 1.280
1200.000 1.196
1205.000 1.234
1210.000 1.192
1215.000 1.219
1220.000 1.219
1225.000 1.208
1230.000 1.246
1235.000 1.311
1240.000 1.202
1245.000 1.216
1250.000 1.204
1255.000 1.233
1260.000 1.212
1265.000 1.252
1270.000 1.223
1275.000 1.251
1280.000 1.204
1285.000 1.283
1290.000 1.209
1295.000 1.168
1300.000 1.204
1305.000 1.224
1310.000 1.239
1315.000 1.268
1320.000 1.212
1325.000 1.180
1330.000 1.242
1335.000 1.185
1340.000 1.192
1345.000 1.198
1350.000 1.213
1355.000 1.248
1360.000 1.256
1365.000 1.198
1370.000 1.187
1375.000 1.224
1380.000 1.203
1385.000 1.171
1390.000 1.196
1395.000 1.192
1400.000 1.165
1405.000 1.167
1410.000 1.143
1415.000 1.213
1420.000 1.225
1425.000 1.193
1430.000 1.287
1435.000 1.204
1440.000 1.191
1445.000 1.193
1450.000 1.229
1455.000 1.163
1460.000 1.165
1465.000 1.144
1470.000 1.134
1475.000 1.100
1480.000 1.106
1485.000 1.119
1490.000 1.121
1495.000 1.094
1500.000 1.106
1505.000 1.087
1510.000 1.127
1515.000 1.089
1520.000 1.100
1525.000 1.092
1530.000 1.062
1535.000 1.093
1540.000 1.064
1545.000 1.099
1550.000 1.068
1555.000 1.047
1560.000 1.065
1565.000 1.072
1570.000 1.010
1575.000 1.079
1580.000 1.062
1585.000 1.039
1590.000 1.024
1595.000 1.080
1600.000 1.056
1605.000 1.046
1610.000 1.025
1615.000 1.103
1620.000 1.045
1625.000 1.038
1630.000 1.008
1635.000 1.049
1640.000 1.059
1645.000 1.051
1650.000 1.039
1655.000 1.005
1660.000 1.030
1665.000 1.086
1670.000 1.068
1675.000 1.030
1680.000 1.009
1685.000 1.014
1690.000 1.000
1695.000 1.078
1700.000 1.025
1705.000 1.065
1710.000 1.051
1715.000 1.049
1720.000 1.083
1725.000 1.063
1730.000 1.068
1735.000 1.099
1740.000 1.147
1745.000 1.174
1750.000 1.148
1755.000 1.111
1760.000 1.115
1765.000 1.198
1770.000 1.167
1775.000 1.198
1780.000 1.212
1785.000 1.271
1790.000 1.353
1795.000 1.289
1800.000 1.339
1805.000 1.366
1810.000 1.385
1815.000 1.375
1820.000 1.488
1825.000 1.442
1830.000 1.448
1835.000 1.431
1840.000 1.525
1845.000 1.559
1850.000 1.540
1855.000 1.585
1860.000 1.678
1865.000 1.626
1870.000 1.673
1875.000 1.712
1880.000 1.691
1885.000 1.836
1890.000 1.794
1895.000 1.803
1900.000 1.798
1905.000 1.731
1910.000 1.789
1915.000 1.819
1920.000 1.845
1925.000 1.880
1930.000 1.820
1935.000 1.910
1940.000 1.860
1945.000 1.855
1950.000 1.897
1955.000 1.885
1960.000 1.944
1965.000 1.914
1970.000 1.849
1975.000 1.920
1980.000 1.873
1985.000 1.868
1990.000 1.882
1995.000 1.861
2000.000 1.912
2005.000 1.813
2010.000 1.830
2015.000 1.798
2020.000 1.766
2025.000 1.862
2030.000 1.837
2035.000 1.855
2040.000 1.782
2045.000 1.786
2050.000 1.791
2055.000 1.871
2060.000 1.842
2065.000 1.800
2070.000 1.832
2075.000 1.827
2080.000 1.809
2085.000 1.788
2090.000 1.804
2095.000 1.814
2100.000 1.774
2105.000 1.785
2110.000 1.838
2115.000 1.746
2120.000 1.789
2125.000 1.804
2130.000 1.797
2135.000 1.736
2140.000 1.744
2145.000 1.764
2150.000 1.798
2155.000 1.763
2160.000 1.762
2165.000 1.710
2170.000 1.764
2175.000 1.742
2180.000 1.749
2185.000 1.778
2190.000 1.756
2195.000 1.766
2200.000 1.745
2205.000 1.714
2210.000 1.805
2215.000 1.837
2220.000 1.835
2225.000 1.817
2230.000 1.804
2235.000 1.785
2240.000 1.799
2245.000 1.768
2250.000 1.775
2255.000 1.767
2260.000 1.753
2265.000 1.748
2270.000 1.648
2275.000 1.556
2280.000 1.387
2285.000 1.194
2290.000 0.155
2295.000 1.670
2300.000 8.811
2305.000 32.215
2310.000 42.624
2315.000 42.247
2320.000 17.356
2325.000 1.708
2330.000 1.687
2335.000 1.326
2340.000 1.029
2345.000 1.165
2350.000 1.021
2355.000 1.034
2360.000 1.002
2365.000 1.000
2370.000 1.020
2375.000 0.979
2380.000 0.963
2385.000 0.952
2390.000 0.944
2395.000 0.945
2400.000 0.950
2405.000 0.934
2410.000 0.951
2415.000 0.928
2420.000 0.925
2425.000 0.941
2430.000 0.917
2435.000 0.958
2440.000 0.921
2445.000 0.929
2450.000 0.925
2455.000 0.927
2460.000 0.900
2465.000 0.910
2470.000 0.937
2475.000 0.907
2480.000 0.936
2485.000 0.911
2490.000 0.917
2495.000 0.915
2500.000 0.925
2505.000 0.925
2510.000 0.939
2515.000 0.934
2520.000 0.922
2525.000 0.917
2530.000 0.951
2535.000 0.915
2540.000 0.939
2545.000 0.925
2550.000 0.925
2555.000 0.930
2560.000 0.945
2565.000 0.937
2570.000 0.912
2575.000 0.942
2580.000 0.934
2585.000 0.925
2590.000 0.931
2595.000 0.923
2600.000 0.927
2605.000 0.940
2610.000 0.917
2615.000 0.951
2620.000 0.951
2625.000 0.943
2630.000 0.951
2635.000 0.959
2640.000 0.947
2645.000 0.931
2650.000 0.970
2655.000 0.943
2660.000 0.958
2665.000 0.949
2670.000 0.975
2675.000 0.956
2680.000 0.960
2685.000 0.977
2690.000 0.953
2695.000 0.978
2700.000 0.995
2705.000 0.993
2710.000 0.994
2715.000 0.999
2720.000 1.008
2725.000 1.021
2730.000 1.036
2735.000 1.021
2740.000 1.061
2745.000 1.058
2750.000 1.054
2755.000 1.081
2760.000 1.065
2765.000 1.119
2770.000 1.101
2775.000 1.128
2780.000 1.143
2785.000 1.161
2790.000 1.150
2795.000 1.166
2800.000 1.186
2805.000 1.210
2810.000 1.215
2815.000 1.223
2820.000 1.248
2825.000 1.276
2830.000 1.301
2835.000 1.283
2840.000 1.290
2845.000 1.336
2850.000 1.361
2855.000 1.381
2860.000 1.385
2865.000 1.405
2870.000 1.460
2875.000 1.474
2880.000 1.451
2885.000 1.508
2890.000 1.451
2895.000 1.491
2900.000 1.528
2905.000 1.526
2910.000 1.496
2915.000 1.581
2920.000 1.591
2925.000 1.583
2930.000 1.598
2935.000 1.602
2940.000 1.704
2945.000 1.653
2950.000 1.673
2955.000 1.676
2960.000 1.692
2965.000 1.680
2970.000 1.791
2975.000 1.696
2980.000 1.798
2985.000 1.781
2990.000 1.831
2995.000 1.828
3000.000 1.811
3005.000 1.863
3010.000 1.848
3015.000 1.831
3020.000 1.822
3025.000 1.841
3030.000 1.881
3035.000 1.955
3040.000 1.928
3045.000 1.913
3050.000 1.965
3055.000 1.965
3060.000 1.973
3065.000 1.953
3070.000 2.035
3075.000 1.988
3080.000 2.073
3085.000 2.047
3090.000 2.043
3095.000 2.053
3100.000 2.095
3105.000 2.079
3110.000 2.091
3115.000 2.129
3120.000 2.099
3125.000 2.177
3130.000 2.193
3135.000 2.196
3140.000 2.226
3145.000 2.230
3150.000 2.202
3155.000 2.240
3160.000 2.246
3165.000 2.251
3170.000 2.264
3175.000 2.252
3180.000 2.247
3185.000 2.254
3190.000 2.272
3195.000 2.300
3200.000 2.327
3205.000 2.327
3210.000 2.333
3215.000 2.366
3220.000 2.362
3225.000 2.384
3230.000 2.395
3235.000 2.366
3240.000 2.429
3245.000 2.411
3250.000 2.420
3255.000 2.444
3260.000 2.462
3265.000 2.478
3270.000 2.489
3275.000 2.477
3280.000 2.507
3285.000 2.508
3290.000 2.510
3295.000 2.510
3300.000 2.545
3305.000 2.535
3310.000 2.547
3315.000 2.577
3320.000 2.608
3325.000 2.599
3330.000 2.607
3335.000 2.612
3340.000 2.651
3345.000 2.646
3350.000 2.663
3355.000 2.681
3360.000 2.720
3365.000 2.741
3370.000 2.757
3375.000 2.726
3380.000 2.792
3385.000 2.821
3390.000 2.816
3395.000 2.852
3400.000 2.865
3405.000 2.901
3410.000 2.887
3415.000 2.909
3420.000 2.957
3425.000 2.941
3430.000 2.983
3435.000 3.006
3440.000 3.080
3445.000 3.117
3450.000 3.146
3455.000 3.171
3460.000 3.191
3465.000 3.212
3470.000 3.241
3475.000 3.331
3480.000 3.344
3485.000 3.370
3490.000 3.435
3495.000 3.485
3500.000 3.491
3505.000 3.547
3510.000 3.665
3515.000 3.693
3520.000 3.754
3525.000 3.802
3530.000 3.921
3535.000 3.960
3540.000 4.012
3545.000 4.174
3550.000 4.285
3555.000 4.336
3560.000 4.439
3565.000 4.639
3570.000 4.723
3575.000 4.808
3580.000 5.054
3585.000 5.219
3590.000 5.339
3595.000 5.466
3600.000 5.769
3605.000 5.917
3610.000 6.152
3615.000 6.381
3620.000 6.943
3625.000 7.243
3630.000 7.593
3635.000 8.596
3640.000 9.248
3645.000 9.979
3650.000 10.868
3655.000 13.454
3660.000 15.302
3665.000 17.532
3670.000 23.716
3675.000 27.955
3680.000 33.324
3685.000 40.794
3690.000 61.475
3695.000 68.278
3700.000 68.438
3705.000 46.199
3710.000 28.150
3715.000 23.802
3720.000 18.818
3725.000 13.094
3730.000 11.281
3735.000 9.833
3740.000 8.631
3745.000 6.845
3750.000 6.130
3755.000 5.525
3760.000 4.570
3765.000 4.188
3770.000 3.873
3775.000 3.552
3780.000 3.055
3785.000 2.888
3790.000 2.691
3795.000 2.403
3800.000 2.097
3805.000 2.035
3810.000 1.970
3815.000 1.634
3820.000 1.616
3825.000 1.716
3830.000 1.382
3835.000 1.562
3840.000 1.505
3845.000 1.457
3850.000 0.933
3855.000 1.154
3860.000 0.987
3865.000 1.229
3870.000 0.650
3875.000 0.616
3880.000 0.785
3885.000 0.686
3890.000 0.902
3895.000 0.472
3900.000 0.818
3905.000 0.837
3910.000 0.751
3915.000 0.467
3920.000 0.637
3925.000 0.645
3930.000 0.452
3935.000 0.436
3940.000 0.433
3945.000 0.486
3950.000 0.526
3955.000 0.442
3960.000 0.474
3965.000 0.417
3970.000 0.428
3975.000 0.448
3980.000 0.420
3985.000 0.344
3990.000 0.354
3995.000 0.327
4000.000 0.321
4005.000 0.370
4010.000 0.330
4015.000 0.334
4020.000 0.293
4025.000 0.302
4030.000 0.224
4035.000 0.247
4040.000 0.208
4045.000 0.238
4050.000 0.196
4055.000 0.206
4060.000 0.224
4065.000 0.241
4070.000 0.227
4075.000 0.233
4080.000 0.218
4085.000 0.215
4090.000 0.229
4095.000 0.221
4100.000 0.237
4105.000 0.246
4110.000 0.241
4115.000 0.234
4120.000 0.250
4125.000 0.266
4130.000 0.267
4135.000 0.270
4140.000 0.284
4145.000 0.273
4150.000 0.275
4155.000 0.290
4160.000 0.293
4165.000 0.298
4170.000 0.306
4175.000 0.321
4180.000 0.333
4185.000 0.320
4190.000 0.321
4195.000 0.349
4200.000 0.370
4205.000 0.366
4210.000 0.352
4215.000 0.367
4220.000 0.361
4225.000 0.381
4230.000 0.388
4235.000 0.387
4240.000 0.391
4245.000 0.409
4250.000 0.413
4255.000 0.420
4260.000 0.413
4265.000 0.428
4270.000 0.436
4275.000 0.429
4280.000 0.440
4285.000 0.444
4290.000 0.449
4295.000 0.460
4300.000 0.463
4305.000 0.438
4310.000 0.442
4315.000 0.450
4320.000 0.441
4325.000 0.438
4330.000 0.444
4335.000 0.434
4340.000 0.434
4345.000 0.435
4350.000 0.439
4355.000 0.449
4360.000 0.433
4365.000 0.429
4370.000 0.429
4375.000 0.420
4380.000 0.436
4385.000 0.421
4390.000 0.446
4395.000 0.437
4400.000 0.432
4405.000 0.417
4410.000 0.423
4415.000 0.439
4420.000 0.429
4425.000 0.429
4430.000 0.423
4435.000 0.430
4440.000 0.431
4445.000 0.427
4450.000 0.425
4455.000 0.420
4460.000 0.421
4465.000 0.428
4470.000 0.420
4475.000 0.417
4480.000 0.429
4485.000 0.425
4490.000 0.421
4495.000 0.424
4500.000 0.425
4505.000 0.423
4510.000 0.413
4515.000 0.424
4520.000 0.418
4525.000 0.419
4530.000 0.434
4535.000 0.425
4540.000 0.409
4545.000 0.417
4550.000 0.406
4555.000 0.414
4560.000 0.401
4565.000 0.418
4570.000 0.402
4575.000 0.409
4580.000 0.397
4585.000 0.407
4590.000 0.404
4595.000 0.405
4600.000 0.391
4605.000 0.392
4610.000 0.379
4615.000 0.385
4620.000 0.394
4625.000 0.381
4630.000 0.381
4635.000 0.383
4640.000 0.370
4645.000 0.370
4650.000 0.378
4655.000 0.368
4660.000 0.365
4665.000 0.366
4670.000 0.358
4675.000 0.360
4680.000 0.345
4685.000 0.339
4690.000 0.355
4695.000 0.325
4700.000 0.319
4705.000 0.326
4710.000 0.305
4715.000 0.300
4720.000 0.302
4725.000 0.300
4730.000 0.300
4735.000 0.278
4740.000 0.264
4745.000 0.268
4750.000 0.260
4755.000 0.241
4760.000 0.248
4765.000 0.216
4770.000 0.234
4775.000 0.200
4780.000 0.192
4785.000 0.184
4790.000 0.178
4795.000 0.191
4800.000 0.155
4805.000 0.144
4810.000 0.154
4815.000 0.140
4820.000 0.122
4825.000 0.123
4830.000 0.125
4835.000 0.147
4840.000 0.169
4845.000 0.183
4850.000 0.208
4855.000 0.258
4860.000 0.282
4865.000 0.321
4870.000 0.358
4875.000 0.448
4880.000 0.489
4885.000 0.550
4890.000 0.675
4895.000 0.756
4900.000 0.851
4905.000 0.934
4910.000 1.174
4915.000 1.354
4920.000 1.538
4925.000 1.800
4930.000 2.614
4935.000 3.303
4940.000 4.539
4945.000 10.239
4950.000 15.343
4955.000 22.033
4960.000 29.876
4965.000 27.094
4970.000 10.887
4975.000 36.125
4980.000 21.963
4985.000 19.789
4990.000 19.349
4995.000 14.384
5000.000 7.790
5005.000 8.220
5010.000 6.295
5015.000 5.989
5020.000 4.893
5025.000 4.432
5030.000 4.023
5035.000 3.447
5040.000 3.191
5045.000 2.998
5050.000 2.813
5055.000 2.542
5060.000 2.398
5065.000 2.323
5070.000 2.131
5075.000 2.043
5080.000 1.999
5085.000 1.922
5090.000 1.821
5095.000 1.778
5100.000 1.735
5105.000 1.707
5110.000 1.622
5115.000 1.590
5120.000 1.550
5125.000 1.525
5130.000 1.495
5135.000 1.478
5140.000 1.460
5145.000 1.403
5150.000 1.398
5155.000 1.378
5160.000 1.355
5165.000 1.335
5170.000 1.322
5175.000 1.320
5180.000 1.287
5185.000 1.275
5190.000 1.264
5195.000 1.240
5200.000 1.212
5205.000 1.196
5210.000 1.203
5215.000 1.171
5220.000 1.175
5225.000 1.159
5230.000 1.137
5235.000 1.128
5240.000 1.119
5245.000 1.112
5250.000 1.090
5255.000 1.089
5260.000 1.085
5265.000 1.060
5270.000 1.054
5275.000 1.029
5280.000 1.028
5285.000 0.999
5290.000 1.005
5295.000 0.991
5300.000 0.979
5305.000 0.954
5310.000 0.955
5315.000 0.946
5320.000 0.933
5325.000 0.918
5330.000 0.910
5335.000 0.897
5340.000 0.881
5345.000 0.873
5350.000 0.867
5355.000 0.864
5360.000 0.843
5365.000 0.850
5370.000 0.836
5375.000 0.818
5380.000 0.807
5385.000 0.809
5390.000 0.803
5395.000 0.782
5400.000 0.786
5405.000 0.766
5410.000 0.761
5415.000 0.767
5420.000 0.746
5425.000 0.724
5430.000 0.722
5435.000 0.717
5440.000 0.728
5445.000 0.712
5450.000 0.709
5455.000 0.698
5460.000 0.699
5465.000 0.679
5470.000 0.690
5475.000 0.689
5480.000 0.673
5485.000 0.666
5490.000 0.666
5495.000 0.664
5500.000 0.665
5505.000 0.652
5510.000 0.655
5515.000 0.645
5520.000 0.653
5525.000 0.642
5530.000 0.637
5535.000 0.640
5540.000 0.632
5545.000 0.626
5550.000 0.641
5555.000 0.619
5560.000 0.621
5565.000 0.635
5570.000 0.624
5575.000 0.617
5580.000 0.615
5585.000 0.616
5590.000 0.619
5595.000 0.602
5600.000 0.610
5605.000 0.612
5610.000 0.598
5615.000 0.613
5620.000 0.613
5625.000 0.611
5630.000 0.601
5635.000 0.619
5640.000 0.612
5645.000 0.614
5650.000 0.615
5655.000 0.603
5660.000 0.619
5665.000 0.611
5670.000 0.621
5675.000 0.615
5680.000 0.619
5685.000 0.624
5690.000 0.618
5695.000 0.638
5700.000 0.618
5705.000 0.629
5710.000 0.650
5715.000 0.631
5720.000 0.641
5725.000 0.649
5730.000 0.646
5735.000 0.649
5740.000 0.657
5745.000 0.673
5750.000 0.670
5755.000 0.665
5760.000 0.679
5765.000 0.686
5770.000 0.689
5775.000 0.695
5780.000 0.697
5785.000 0.722
5790.000 0.727
5795.000 0.739
5800.000 0.743
5805.000 0.752
5810.000 0.768
5815.000 0.780
5820.000 0.796
5825.000 0.796
5830.000 0.818
5835.000 0.830
5840.000 0.846
5845.000 0.879
5850.000 0.881
5855.000 0.889
5860.000 0.916
5865.000 0.950
5870.000 0.954
5875.000 0.999
5880.000 1.029
5885.000 1.039
5890.000 1.063
5895.000 1.092
5900.000 1.126
5905.000 1.146
5910.000 1.168
5915.000 1.242
5920.000 1.294
5925.000 1.319
5930.000 1.346
5935.000 1.399
5940.000 1.444
5945.000 1.484
5950.000 1.558
5955.000 1.612
5960.000 1.615
5965.000 1.653
5970.000 1.753
5975.000 1.772
5980.000 1.831
5985.000 1.911
5990.000 1.945
5995.000 1.980
6000.000 2.017
6005.000 2.104
6010.000 2.190
6015.000 2.177
6020.000 2.330
6025.000 2.380
6030.000 2.448
6035.000 2.537
6040.000 2.648
6045.000 2.733
6050.000 2.800
6055.000 2.894
6060.000 3.058
6065.000 3.200
6070.000 3.284
6075.000 3.381
6080.000 3.686
6085.000 3.800
6090.000 3.949
6095.000 4.269
6100.000 4.436
6105.000 4.658
6110.000 4.862
6115.000 5.360
6120.000 5.700
6125.000 6.027
6130.000 6.895
6135.000 7.377
6140.000 7.947
6145.000 8.590
6150.000 10.253
6155.000 11.326
6160.000 12.597
6165.000 15.901
6170.000 17.992
6175.000 20.381
6180.000 23.155
6185.000 29.874
6190.000 33.858
6195.000 38.344
6200.000 42.910
6205.000 51.683
6210.000 55.375
6215.000 57.939
6220.000 52.174
6225.000 38.638
6230.000 28.289
6235.000 25.602
6240.000 19.870
6245.000 17.354
6250.000 15.515
6255.000 13.124
6260.000 12.368
6265.000 11.728
6270.000 11.178
6275.000 10.296
6280.000 9.840
6285.000 9.431
6290.000 8.675
6295.000 8.395
6300.000 8.117
6305.000 7.890
6310.000 7.440
6315.000 7.182
6320.000 6.932
6325.000 6.679
6330.000 6.167
6335.000 5.933
6340.000 5.731
6345.000 5.342
6350.000 5.180
6355.000 5.033
6360.000 4.881
6365.000 4.647
6370.000 4.517
6375.000 4.409
6380.000 4.216
6385.000 4.118
6390.000 4.041
6395.000 3.966
6400.000 3.815
6405.000 3.763
6410.000 3.696
6415.000 3.645
6420.000 3.533
6425.000 3.491
6430.000 3.446
6435.000 3.350
6440.000 3.324
6445.000 3.282
6450.000 3.241
6455.000 3.189
6460.000 3.160
6465.000 3.125
6470.000 3.100
6475.000 3.057
6480.000 3.039
6485.000 3.031
6490.000 2.983
6495.000 2.951
6500.000 2.956
6505.000 2.944
6510.000 2.926
6515.000 2.908
6520.000 2.887
6525.000 2.867
6530.000 2.853
6535.000 2.830
6540.000 2.877
6545.000 5.027
6550.000 13.381
6555.000 30.973
6560.000 43.222
6565.000 33.305
6570.000 17.932
6575.000 10.705
6580.000 3.959
6585.000 3.600
6590.000 2.848
6595.000 2.606
6600.000 2.792
6605.000 2.527
6610.000 2.555
6615.000 2.465
6620.000 2.409
6625.000 2.356
6630.000 2.314
6635.000 2.246
6640.000 2.205
6645.000 2.172
6650.000 2.136
6655.000 2.101
6660.000 2.098
6665.000 2.087
6670.000 2.046
6675.000 2.030
6680.000 2.033
6685.000 1.999
6690.000 1.983
6695.000 1.964
6700.000 1.968
6705.000 1.944
6710.000 1.964
6715.000 1.949
6720.000 1.938
6725.000 1.922
6730.000 1.921
6735.000 1.926
6740.000 1.922
6745.000 1.912
6750.000 1.910
6755.000 1.901
6760.000 1.900
6765.000 1.904
6770.000 1.893
6775.000 1.907
6780.000 1.881
6785.000 1.896
6790.000 1.889
6795.000 1.900
6800.000 1.893
6805.000 1.889
6810.000 1.872
6815.000 1.876
6820.000 1.886
6825.000 1.874
6830.000 1.872
6835.000 1.870
6840.000 1.872
6845.000 1.890
6850.000 1.884
6855.000 1.875
6860.000 1.879
6865.000 1.866
6870.000 1.871
6875.000 1.881
6880.000 1.875
6885.000 1.873
6890.000 1.876
6895.000 1.859
6900.000 1.870
6905.000 1.862
6910.000 1.870
6915.000 1.860
6920.000 1.876
6925.000 1.878
6930.000 1.877
6935.000 1.895
6940.000 1.879
6945.000 1.890
6950.000 1.879
6955.000 1.880
6960.000 1.881
6965.000 1.894
6970.000 1.889
6975.000 1.883
6980.000 1.891
6985.000 1.896
6990.000 1.902
6995.000 1.919
7000.000 1.910
7005.000 1.922
7010.000 1.912
7015.000 1.929
7020.000 1.916
7025.000 1.923
7030.000 1.942
7035.000 1.935
7040.000 1.928
7045.000 1.958
7050.000 1.946
7055.000 1.971
7060.000 1.981
7065.000 1.972
7070.000 1.982
7075.000 1.977
7080.000 1.997
7085.000 2.000
7090.000 2.007
7095.000 2.009
7100.000 2.006
7105.000 2.029
7110.000 2.030
7115.000 2.046
7120.000 2.051
7125.000 2.060
7130.000 2.081
7135.000 2.088
7140.000 2.112
7145.000 2.113
7150.000 2.132
7155.000 2.154
7160.000 2.176
7165.000 2.181
7170.000 2.191
7175.000 2.231
7180.000 2.235
7185.000 2.259
7190.000 2.288
7195.000 2.316
7200.000 2.338
7205.000 2.356
7210.000 2.384
7215.000 2.407
7220.000 2.455
7225.000 2.488
7230.000 2.539
7235.000 2.558
7240.000 2.593
7245.000 2.653
7250.000 2.696
7255.000 2.752
7260.000 2.815
7265.000 2.860
7270.000 2.910
7275.000 2.960
7280.000 3.056
7285.000 3.092
7290.000 3.142
7295.000 3.215
7300.000 3.355
7305.000 3.423
7310.000 3.518
7315.000 3.719
7320.000 3.819
7325.000 3.926
7330.000 4.064
7335.000 4.354
7340.000 4.425
7345.000 4.563
7350.000 4.886
7355.000 5.112
7360.000 5.442
7365.000 5.781
7370.000 6.358
7375.000 6.750
7380.000 7.256
7385.000 8.631
7390.000 9.619
7395.000 10.847
7400.000 12.405
7405.000 16.822
7410.000 19.626
7415.000 22.620
7420.000 25.313
7425.000 26.915
7430.000 23.652
7435.000 17.586
7440.000 9.725
7445.000 9.100
7450.000 9.169
7455.000 9.421
7460.000 7.663
7465.000 6.166
7470.000 5.216
7475.000 4.010
7480.000 3.573
7485.000 3.247
7490.000 2.928
7495.000 2.447
7500.000 2.232
7505.000 2.058
7510.000 1.790
7515.000 1.660
7520.000 1.568
7525.000 1.473
7530.000 1.337
7535.000 1.280
7540.000 1.215
7545.000 1.190
7550.000 1.114
7555.000 1.091
7560.000 1.057
7565.000 1.038
7570.000 0.993
7575.000 0.994
7580.000 0.981
7585.000 0.958
7590.000 0.952
7595.000 0.944
7600.000 0.941
7605.000 0.947
7610.000 0.934
7615.000 0.924
7620.000 0.953
7625.000 0.946
7630.000 0.951
7635.000 0.957
7640.000 0.957
7645.000 0.957
7650.000 0.969
7655.000 0.975
7660.000 0.981
7665.000 0.979
7670.000 0.989
7675.000 0.993
7680.000 0.997
7685.000 1.012
7690.000 1.007
7695.000 1.026
7700.000 1.037
7705.000 1.034
7710.000 1.051
7715.000 1.052
7720.000 1.055
7725.000 1.060
7730.000 1.084
7735.000 1.075
7740.000 1.078
7745.000 1.119
7750.000 1.122
7755.000 1.121
7760.000 1.135
7765.000 1.145
7770.000 1.141
7775.000 1.168
7780.000 1.176
7785.000 1.187
7790.000 1.184
7795.000 1.204
7800.000 1.223
7805.000 1.235
7810.000 1.255
7815.000 1.253
7820.000 1.287
7825.000 1.289
7830.000 1.304
7835.000 1.325
7840.000 1.348
7845.000 1.366
7850.000 1.384
7855.000 1.401
7860.000 1.432
7865.000 1.461
7870.000 1.517
7875.000 1.537
7880.000 1.544
7885.000 1.568
7890.000 1.636
7895.000 1.654
7900.000 1.699
7905.000 1.738
7910.000 1.788
7915.000 1.818
7920.000 1.879
7925.000 1.947
7930.000 2.004
7935.000 2.065
7940.000 2.127
7945.000 2.268
7950.000 2.347
7955.000 2.453
7960.000 2.699
7965.000 2.842
7970.000 2.964
7975.000 3.136
7980.000 3.530
7985.000 3.810
7990.000 4.110
7995.000 4.518
8000.000 5.789
8005.000 6.810
8010.000 8.203
8015.000 12.766
8020.000 16.160
8025.000 20.260
8030.000 25.016
8035.000 35.912
8040.000 40.779
8045.000 44.059
8050.000 6.221
8055.000 13.307
8060.000 8.407
8065.000 6.508
8070.000 4.609
8075.000 4.123
8080.000 3.639
8085.000 2.857
8090.000 2.574
8095.000 2.365
8100.000 2.180
8105.000 1.889
8110.000 1.793
8115.000 1.690
8120.000 1.596
8125.000 1.479
8130.000 1.419
8135.000 1.360
8140.000 1.293
8145.000 1.257
8150.000 1.222
8155.000 1.194
8160.000 1.146
8165.000 1.146
8170.000 1.105
8175.000 1.093
8180.000 1.088
8185.000 1.075
8190.000 1.060
8195.000 1.045
8200.000 1.036
8205.000 1.034
8210.000 1.031
8215.000 1.020
8220.000 1.012
8225.000 1.015
8230.000 1.010
8235.000 1.008
8240.000 1.009
8245.000 1.017
8250.000 1.009
8255.000 1.009
8260.000 1.009
8265.000 1.014
8270.000 1.009
8275.000 1.012
8280.000 1.024
8285.000 1.009
8290.000 1.019
8295.000 1.022
8300.000 1.025
8305.000 1.032
8310.000 1.036
8315.000 1.044
8320.000 1.064
8325.000 1.051
8330.000 1.068
8335.000 1.065
8340.000 1.081
8345.000 1.084
8350.000 1.088
8355.000 1.098
8360.000 1.109
8365.000 1.113
8370.000 1.123
8375.000 1.130
8380.000 1.134
8385.000 1.138
8390.000 1.150
8395.000 1.159
8400.000 1.180
8405.000 1.202
8410.000 1.209
8415.000 1.219
8420.000 1.223
8425.000 1.225
8430.000 1.248
8435.000 1.271
8440.000 1.266
8445.000 1.271
8450.000 1.287
8455.000 1.276
8460.000 1.288
8465.000 1.276
8470.000 1.266
8475.000 1.243
8480.000 1.205
8485.000 1.167
8490.000 1.156
8495.000 1.236
8500.000 2.204
8505.000 4.235
8510.000 11.050
8515.000 21.530
8520.000 37.477
8525.000 31.713
8530.000 6.396
8535.000 12.497
8540.000 11.487
8545.000 12.716
8550.000 13.029
8555.000 14.512
8560.000 15.669
8565.000 16.650
8570.000 19.580
8575.000 21.043
8580.000 22.574
8585.000 24.269
8590.000 28.414
8595.000 30.910
8600.000 33.819
8605.000 39.566
8610.000 41.914
8615.000 43.218
8620.000 43.148
8625.000 36.244
8630.000 30.181
8635.000 25.417
8640.000 21.304
8645.000 14.016
8650.000 11.439
8655.000 10.149
8660.000 9.803
8665.000 9.873
8670.000 9.490
8675.000 8.856
8680.000 7.716
8685.000 7.225
8690.000 6.815
8695.000 6.432
8700.000 5.837
8705.000 5.603
8710.000 5.404
8715.000 5.076
8720.000 4.946
8725.000 4.796
8730.000 4.657
8735.000 4.359
8740.000 4.228
8745.000 4.109
8750.000 3.868
8755.000 3.780
8760.000 3.708
8765.000 3.604
8770.000 3.457
8775.000 3.397
8780.000 3.341
8785.000 3.269
8790.000 3.178
8795.000 3.125
8800.000 3.086
8805.000 3.008
8810.000 2.959
8815.000 2.928
8820.000 2.891
8825.000 2.831
8830.000 2.802
8835.000 2.778
8840.000 2.718
8845.000 2.681
8850.000 2.687
8855.000 2.656
8860.000 2.620
8865.000 2.603
8870.000 2.576
8875.000 2.560
8880.000 2.528
8885.000 2.527
8890.000 2.510
8895.000 2.475
8900.000 2.469
8905.000 2.448
8910.000 2.436
8915.000 2.417
8920.000 2.392
8925.000 2.383
8930.000 2.356
8935.000 2.362
8940.000 2.349
8945.000 2.332
8950.000 2.302
8955.000 2.321
8960.000 2.306
8965.000 2.289
8970.000 2.275
8975.000 2.278
8980.000 2.278
8985.000 2.252
8990.000 2.263
8995.000 2.246
9000.000 2.243
9005.000 2.243
9010.000 2.238
9015.000 2.209
9020.000 2.218
9025.000 2.207
9030.000 2.191
9035.000 2.204
9040.000 2.196
9045.000 2.206
9050.000 2.185
9055.000 2.208
9060.000 2.203
9065.000 2.184
9070.000 2.185
9075.000 2.188
9080.000 2.187
9085.000 2.188
9090.000 2.192
9095.000 2.188
9100.000 2.187
9105.000 2.185
9110.000 2.188
9115.000 2.184
9120.000 2.179
9125.000 2.195
9130.000 2.191
9135.000 2.192
9140.000 2.196
9145.000 2.208
9150.000 2.192
9155.000 2.203
9160.000 2.213
9165.000 2.223
9170.000 2.228
9175.000 2.219
9180.000 2.220
9185.000 2.240
9190.000 2.263
9195.000 2.254
9200.000 2.237
9205.000 2.262
9210.000 2.267
9215.000 2.275
9220.000 2.291
9225.000 2.298
9230.000 2.298
9235.000 2.342
9240.000 2.338
9245.000 2.353
9250.000 2.344
9255.000 2.374
9260.000 2.397
9265.000 2.383
9270.000 2.430
9275.000 2.442
9280.000 2.448
9285.000 2.476
9290.000 2.521
9295.000 2.546
9300.000 2.562
9305.000 2.619
9310.000 2.628
9315.000 2.663
9320.000 2.704
9325.000 2.753
9330.000 2.784
9335.000 2.810
9340.000 2.866
9345.000 2.933
9350.000 2.957
9355.000 2.990
9360.000 3.051
9365.000 3.111
9370.000 3.156
9375.000 3.219
9380.000 3.341
9385.000 3.413
9390.000 3.512
9395.000 3.609
9400.000 3.804
9405.000 3.941
9410.000 4.107
9415.000 4.603
9420.000 4.993
9425.000 5.520
9430.000 6.376
9435.000 9.774
9440.000 13.017
9445.000 17.429
9450.000 25.023
9455.000 23.655
9460.000 13.787
9465.000 2.329
9470.000 2.825
9475.000 3.585
9480.000 1.260
9485.000 2.283
9490.000 1.936
9495.000 1.950
9500.000 1.978
9505.000 1.982
9510.000 1.979
9515.000 2.001
9520.000 2.004
9525.000 2.010
9530.000 2.022
9535.000 2.050
9540.000 2.151
9545.000 2.191
9550.000 2.239
9555.000 2.299
9560.000 2.414
9565.000 2.484
9570.000 2.543
9575.000 2.610
9580.000 2.649
9585.000 2.704
9590.000 2.759
9595.000 2.830
9600.000 2.880
9605.000 2.932
9610.000 3.010
9615.000 3.099
9620.000 3.135
9625.000 3.189
9630.000 3.261
9635.000 3.317
9640.000 3.379
9645.000 3.430
9650.000 3.546
9655.000 3.602
9660.000 3.689
9665.000 3.837
9670.000 3.904
9675.000 3.982
9680.000 4.086
9685.000 4.303
9690.000 4.401
9695.000 4.519
9700.000 4.781
9705.000 4.954
9710.000 5.127
9715.000 5.325
9720.000 5.784
9725.000 6.071
9730.000 6.401
9735.000 6.769
9740.000 7.801
9745.000 8.556
9750.000 9.387
9755.000 10.355
9760.000 13.101
9765.000 14.905
9770.000 17.020
9775.000 21.838
9780.000 24.224
9785.000 26.023
9790.000 26.910
9795.000 23.880
9800.000 20.365
9805.000 16.908
9810.000 11.679
9815.000 9.927
9820.000 8.535
9825.000 7.424
9830.000 5.902
9835.000 5.409
9840.000 5.006
9845.000 3.939
9850.000 3.000
9855.000 1.952
9860.000 1.363
9865.000 1.492
9870.000 1.547
9875.000 1.579
9880.000 1.578
9885.000 1.505
9890.000 1.477
9895.000 1.433
9900.000 1.365
9905.000 1.323
9910.000 1.280
9915.000 1.244
9920.000 1.196
9925.000 1.171
9930.000 1.147
9935.000 1.097
9940.000 1.086
9945.000 1.063
9950.000 1.043
9955.000 1.029
9960.000 1.013
9965.000 1.003
9970.000 0.989
9975.000 0.987
9980.000 0.996
9985.000 0.988
9990.000 0.982
9995.000 0.977
10000.000 0.975
