105.000 0.161
110.000 0.153
115.000 0.507
120.000 0.830
125.000 0.781
130.000 0.768
135.000 0.737
140.000 0.827
145.000 0.901
150.000 0.710
155.000 0.864
160.000 0.877
165.000 0.790
170.000 0.725
175.000 0.755
180.000 0.660
185.000 0.620
190.000 0.828
195.000 0.419
200.000 0.466
205.000 0.661
210.000 0.549
215.000 0.467
220.000 0.602
225.000 0.315
230.000 0.347
235.000 0.334
240.000 0.326
245.000 0.264
250.000 0.231
255.000 0.250
260.000 0.101
265.000 0.123
270.000 0.167
275.000 0.162
280.000 0.186
285.000 0.274
290.000 0.229
295.000 0.345
300.000 0.381
305.000 0.562
310.000 0.426
315.000 0.565
320.000 0.479
325.000 0.794
330.000 0.881
335.000 1.147
340.000 1.204
345.000 1.397
350.000 1.461
355.000 1.566
360.000 1.640
365.000 2.001
370.000 2.384
375.000 2.319
380.000 2.879
385.000 3.108
390.000 3.635
395.000 4.009
400.000 4.703
405.000 4.838
410.000 5.038
415.000 5.580
420.000 5.995
425.000 6.366
430.000 6.427
435.000 6.572
440.000 6.566
445.000 6.726
450.000 6.626
455.000 6.131
460.000 6.175
465.000 5.857
470.000 5.552
475.000 5.429
480.000 5.246
485.000 5.061
490.000 4.583
495.000 4.609
500.000 4.327
505.000 4.028
510.000 3.781
515.000 3.522
520.000 3.353
525.000 3.112
530.000 2.858
535.000 2.692
540.000 2.556
545.000 2.345
550.000 2.158
555.000 2.085
560.000 2.060
565.000 1.882
570.000 1.866
575.000 1.876
580.000 1.830
585.000 1.788
590.000 1.811
595.000 1.727
600.000 1.778
605.000 1.702
610.000 1.680
615.000 1.631
620.000 1.765
625.000 1.698
630.000 1.651
635.000 1.630
640.000 1.545
645.000 1.588
650.000 1.584
655.000 1.628
660.000 1.617
665.000 1.635
670.000 1.608
675.000 1.572
680.000 1.498
685.000 1.584
690.000 1.577
695.000 1.548
700.000 1.575
705.000 1.517
710.000 1.572
715.000 1.494
720.000 1.537
725.000 1.454
730.000 1.587
735.000 1.566
740.000 1.556
745.000 1.525
750.000 1.426
755.000 1.394
760.000 1.497
765.000 1.431
770.000 1.430
775.000 1.408
780.000 1.426
785.000 1.359
790.000 1.419
795.000 1.416
800.000 1.443
805.000 1.432
810.000 1.488
815.000 1.375
820.000 1.354
825.000 1.358
830.000 1.408
835.000 1.408
840.000 1.422
845.000 1.367
850.000 1.487
855.000 1.394
860.000 1.378
865.000 1.329
870.000 1.349
875.000 1.343
880.000 1.402
885.000 1.341
890.000 1.353
895.000 1.325
900.000 1.391
905.000 1.460
910.000 1.402
915.000 1.374
920.000 1.420
925.000 1.320
930.000 1.324
935.000 1.349
940.000 1.325
945.000 1.309
950.000 1.357
955.000 1.346
960.000 1.291
965.000 1.269
970.000 1.289
975.000 1.215
980.000 1.280
985.000 1.354
990.000 1.303
995.000 1.330
1000.000 1.243
1005.000 1.335
1010.000 1.215
1015.000 1.255
1020.000 1.237
1025.000 1.255
1030.000 1.332
1035.000 1.328
1040.000 1.285
1045.000 1.332
1050.000 1.302
1055.000 1.219
1060.000 1.276
1065.000 1.242
1070.000 1.297
1075.000 1.254
1080.000 1.214
1085.000 1.279
1090.000 1.238
1095.000 1.234
1100.000 1.340
1105.000 1.273
1110.000 1.206
1115.000 1.223
1120.000 1.236
1125.000 1.278
1130.000 1.237
1135.000 1.263
1140.000 1.211
1145.000 1.236
1150.000 1.267
1155.000 1.227
1160.000 1.208
1165.000 1.244
1170.000 1.221
1175.000 1.192
1180.000 1.220
1185.000 1.240
1190.000 1.188
1195.000 1.227
1200.000 1.259
1205.000 1.240
1210.000 1.203
1215.000 1.193
1220.000 1.166
1225.000 1.172
1230.000 1.236
1235.000 1.196
1240.000 1.198
1245.000 1.188
1250.000 1.172
1255.000 1.230
1260.000 1.212
1265.000 1.194
1270.000 1.172
1275.000 1.181
1280.000 1.222
1285.000 1.177
1290.000 1.199
1295.000 1.202
1300.000 1.285
1305.000 1.180
1310.000 1.211
1315.000 1.180
1320.000 1.139
1325.000 1.194
1330.000 1.192
1335.000 1.111
1340.000 1.158
1345.000 1.153
1350.000 1.188
1355.000 1.149
1360.000 1.165
1365.000 1.165
1370.000 1.126
1375.000 1.180
1380.000 1.192
1385.000 1.152
1390.000 1.145
1395.000 1.160
1400.000 1.152
1405.000 1.184
1410.000 1.146
1415.000 1.104
1420.000 1.161
1425.000 1.136
1430.000 1.169
1435.000 1.170
1440.000 1.131
1445.000 1.155
1450.000 1.197
1455.000 1.195
1460.000 1.137
1465.000 1.126
1470.000 1.116
1475.000 1.116
1480.000 1.123
1485.000 1.135
1490.000 1.103
1495.000 1.028
1500.000 1.095
1505.000 1.076
1510.000 1.046
1515.000 1.057
1520.000 1.044
1525.000 1.043
1530.000 1.083
1535.000 1.074
1540.000 1.052
1545.000 1.027
1550.000 1.049
1555.000 1.011
1560.000 1.041
1565.000 1.070
1570.000 1.025
1575.000 0.981
1580.000 1.000
1585.000 0.967
1590.000 0.986
1595.000 1.030
1600.000 1.030
1605.000 1.046
1610.000 1.010
1615.000 1.030
1620.000 1.001
1625.000 0.961
1630.000 0.976
1635.000 0.998
1640.000 0.985
1645.000 0.986
1650.000 0.970
1655.000 1.008
1660.000 0.964
1665.000 1.025
1670.000 1.044
1675.000 1.020
1680.000 1.030
1685.000 1.012
1690.000 1.015
1695.000 1.019
1700.000 1.002
1705.000 1.013
1710.000 1.004
1715.000 1.053
1720.000 1.065
1725.000 1.053
1730.000 1.070
1735.000 1.054
1740.000 1.114
1745.000 1.101
1750.000 1.085
1755.000 1.132
1760.000 1.148
1765.000 1.176
1770.000 1.174
1775.000 1.175
1780.000 1.220
1785.000 1.296
1790.000 1.409
1795.000 1.351
1800.000 1.319
1805.000 1.358
1810.000 1.355
1815.000 1.439
1820.000 1.528
1825.000 1.618
1830.000 1.558
1835.000 1.560
1840.000 1.628
1845.000 1.629
1850.000 1.664
1855.000 1.690
1860.000 1.642
1865.000 1.710
1870.000 1.720
1875.000 1.730
1880.000 1.784
1885.000 1.800
1890.000 1.886
1895.000 1.833
1900.000 1.854
1905.000 1.877
1910.000 1.956
1915.000 1.867
1920.000 1.937
1925.000 1.904
1930.000 1.926
1935.000 1.929
1940.000 1.960
1945.000 1.888
1950.000 1.981
1955.000 2.024
1960.000 1.934
1965.000 1.941
1970.000 1.966
1975.000 1.912
1980.000 1.951
1985.000 1.880
1990.000 1.940
1995.000 1.942
2000.000 1.974
2005.000 1.877
2010.000 1.914
2015.000 1.907
2020.000 1.899
2025.000 1.863
2030.000 1.985
2035.000 1.955
2040.000 1.961
2045.000 1.988
2050.000 1.919
2055.000 1.917
2060.000 1.942
2065.000 1.899
2070.000 1.933
2075.000 1.892
2080.000 1.919
2085.000 1.926
2090.000 1.943
2095.000 1.891
2100.000 1.887
2105.000 1.921
2110.000 1.904
2115.000 1.865
2120.000 1.884
2125.000 1.931
2130.000 1.916
2135.000 1.914
2140.000 1.916
2145.000 1.924
2150.000 1.851
2155.000 1.932
2160.000 1.953
2165.000 1.910
2170.000 1.884
2175.000 1.858
2180.000 1.949
2185.000 1.912
2190.000 1.902
2195.000 1.907
2200.000 1.885
2205.000 1.933
2210.000 1.974
2215.000 1.970
2220.000 1.999
2225.000 1.983
2230.000 2.037
2235.000 2.008
2240.000 2.002
2245.000 1.999
2250.000 2.017
2255.000 2.074
2260.000 2.090
2265.000 2.103
2270.000 2.091
2275.000 2.106
2280.000 2.029
2285.000 1.716
2290.000 1.284
2295.000 0.732
2300.000 2.214
2305.000 24.892
2310.000 38.367
2315.000 46.546
2320.000 6.292
2325.000 9.668
2330.000 4.636
2335.000 2.271
2340.000 1.499
2345.000 1.276
2350.000 0.949
2355.000 0.838
2360.000 0.850
2365.000 0.869
2370.000 0.848
2375.000 0.840
2380.000 0.833
2385.000 0.849
2390.000 0.854
2395.000 0.837
2400.000 0.835
2405.000 0.859
2410.000 0.863
2415.000 0.838
2420.000 0.849
2425.000 0.843
2430.000 0.852
2435.000 0.857
2440.000 0.837
2445.000 0.854
2450.000 0.845
2455.000 0.823
2460.000 0.863
2465.000 0.873
2470.000 0.861
2475.000 0.864
2480.000 0.868
2485.000 0.861
2490.000 0.869
2495.000 0.888
2500.000 0.871
2505.000 0.870
2510.000 0.888
2515.000 0.885
2520.000 0.871
2525.000 0.883
2530.000 0.876
2535.000 0.897
2540.000 0.883
2545.000 0.906
2550.000 0.888
2555.000 0.892
2560.000 0.893
2565.000 0.900
2570.000 0.892
2575.000 0.897
2580.000 0.904
2585.000 0.911
2590.000 0.902
2595.000 0.921
2600.000 0.893
2605.000 0.899
2610.000 0.903
2615.000 0.906
2620.000 0.896
2625.000 0.894
2630.000 0.907
2635.000 0.918
2640.000 0.913
2645.000 0.927
2650.000 0.925
2655.000 0.904
2660.000 0.928
2665.000 0.925
2670.000 0.909
2675.000 0.921
2680.000 0.915
2685.000 0.905
2690.000 0.920
2695.000 0.923
2700.000 0.943
2705.000 0.920
2710.000 0.941
2715.000 0.939
2720.000 0.949
2725.000 0.960
2730.000 0.951
2735.000 0.952
2740.000 0.966
2745.000 0.968
2750.000 0.977
2755.000 0.978
2760.000 0.985
2765.000 1.014
2770.000 1.027
2775.000 1.011
2780.000 1.025
2785.000 1.013
2790.000 1.061
2795.000 1.095
2800.000 1.074
2805.000 1.096
2810.000 1.087
2815.000 1.096
2820.000 1.102
2825.000 1.132
2830.000 1.169
2835.000 1.142
2840.000 1.190
2845.000 1.204
2850.000 1.220
2855.000 1.215
2860.000 1.286
2865.000 1.265
2870.000 1.270
2875.000 1.296
2880.000 1.309
2885.000 1.340
2890.000 1.335
2895.000 1.354
2900.000 1.354
2905.000 1.362
2910.000 1.401
2915.000 1.396
2920.000 1.444
2925.000 1.408
2930.000 1.436
2935.000 1.501
2940.000 1.497
2945.000 1.508
2950.000 1.502
2955.000 1.524
2960.000 1.558
2965.000 1.553
2970.000 1.521
2975.000 1.613
2980.000 1.632
2985.000 1.601
2990.000 1.557
2995.000 1.625
3000.000 1.704
3005.000 1.615
3010.000 1.641
3015.000 1.718
3020.000 1.652
3025.000 1.665
3030.000 1.721
3035.000 1.768
3040.000 1.768
3045.000 1.773
3050.000 1.734
3055.000 1.770
3060.000 1.736
3065.000 1.843
3070.000 1.767
3075.000 1.845
3080.000 1.845
3085.000 1.802
3090.000 1.833
3095.000 1.882
3100.000 1.886
3105.000 1.874
3110.000 1.924
3115.000 1.927
3120.000 1.897
3125.000 1.905
3130.000 1.972
3135.000 1.919
3140.000 1.937
3145.000 1.941
3150.000 1.979
3155.000 2.003
3160.000 1.994
3165.000 2.012
3170.000 2.044
3175.000 2.031
3180.000 2.026
3185.000 2.046
3190.000 2.061
3195.000 2.047
3200.000 2.115
3205.000 2.091
3210.000 2.086
3215.000 2.116
3220.000 2.104
3225.000 2.107
3230.000 2.138
3235.000 2.176
3240.000 2.166
3245.000 2.193
3250.000 2.207
3255.000 2.209
3260.000 2.239
3265.000 2.253
3270.000 2.258
3275.000 2.295
3280.000 2.321
3285.000 2.291
3290.000 2.313
3295.000 2.326
3300.000 2.330
3305.000 2.358
3310.000 2.409
3315.000 2.402
3320.000 2.430
3325.000 2.433
3330.000 2.450
3335.000 2.453
3340.000 2.521
3345.000 2.495
3350.000 2.522
3355.000 2.540
3360.000 2.577
3365.000 2.592
3370.000 2.577
3375.000 2.635
3380.000 2.660
3385.000 2.641
3390.000 2.644
3395.000 2.697
3400.000 2.746
3405.000 2.740
3410.000 2.751
3415.000 2.751
3420.000 2.820
3425.000 2.837
3430.000 2.886
3435.000 2.924
3440.000 2.906
3445.000 2.954
3450.000 2.991
3455.000 3.009
3460.000 3.054
3465.000 3.050
3470.000 3.114
3475.000 3.156
3480.000 3.178
3485.000 3.232
3490.000 3.241
3495.000 3.292
3500.000 3.362
3505.000 3.450
3510.000 3.479
3515.000 3.521
3520.000 3.593
3525.000 3.720
3530.000 3.785
3535.000 3.817
3540.000 3.918
3545.000 4.059
3550.000 4.120
3555.000 4.190
3560.000 4.315
3565.000 4.398
3570.000 4.513
3575.000 4.644
3580.000 4.832
3585.000 4.959
3590.000 5.102
3595.000 5.376
3600.000 5.588
3605.000 5.776
3610.000 5.932
3615.000 6.316
3620.000 6.623
3630.000 8.867
3635.000 8.899
3640.000 8.961
3645.000 9.223
3650.000 10.481
3655.000 11.763
3660.000 13.280
3665.000 14.973
3670.000 19.440
3675.000 22.125
3680.000 25.395
3685.000 36.919
3690.000 49.628
3695.000 61.234
3700.000 66.920
3705.000 53.084
3710.000 38.999
3715.000 29.091
3720.000 17.692
3725.000 14.803
3730.000 12.442
3735.000 10.699
3740.000 8.358
3745.000 7.395
3750.000 6.577
3755.000 6.004
3760.000 4.630
3765.000 4.503
3770.000 3.821
3775.000 3.625
3780.000 3.344
3785.000 3.168
3790.000 2.971
3795.000 2.506
3800.000 2.126
3805.000 2.441
3810.000 1.835
3815.000 1.818
3820.000 1.958
3825.000 1.773
3830.000 1.693
3835.000 1.519
3840.000 1.122
3845.000 1.030
3850.000 1.034
3855.000 1.248
3860.000 1.097
3865.000 0.915
3870.000 1.075
3875.000 1.048
3880.000 1.009
3885.000 0.822
3890.000 0.772
3895.000 0.835
3900.000 0.739
3905.000 0.709
3910.000 0.682
3915.000 0.650
3920.000 0.630
3925.000 0.608
3930.000 0.604
3935.000 0.577
3940.000 0.538
3945.000 0.485
3950.000 0.454
3955.000 0.438
3960.000 0.411
3965.000 0.411
3970.000 0.388
3975.000 0.369
3980.000 0.378
3985.000 0.313
3990.000 0.291
3995.000 0.270
4000.000 0.270
4005.000 0.293
4010.000 0.292
4015.000 0.231
4020.000 0.239
4025.000 0.260
4030.000 0.227
4035.000 0.214
4040.000 0.266
4045.000 0.223
4050.000 0.252
4055.000 0.227
4060.000 0.229
4065.000 0.204
4070.000 0.228
4075.000 0.244
4080.000 0.230
4085.000 0.224
4090.000 0.217
4095.000 0.224
4100.000 0.229
4105.000 0.246
4110.000 0.238
4115.000 0.247
4120.000 0.247
4125.000 0.253
4130.000 0.243
4135.000 0.265
4140.000 0.281
4145.000 0.269
4150.000 0.273
4155.000 0.285
4160.000 0.288
4165.000 0.282
4170.000 0.285
4175.000 0.291
4180.000 0.307
4185.000 0.299
4190.000 0.325
4195.000 0.329
4200.000 0.330
4205.000 0.330
4210.000 0.335
4215.000 0.339
4220.000 0.351
4225.000 0.367
4230.000 0.348
4235.000 0.375
4240.000 0.357
4245.000 0.380
4250.000 0.370
4255.000 0.396
4260.000 0.390
4265.000 0.398
4270.000 0.400
4275.000 0.407
4280.000 0.407
4285.000 0.412
4290.000 0.409
4295.000 0.405
4300.000 0.431
4305.000 0.404
4310.000 0.413
4315.000 0.396
4320.000 0.412
4325.000 0.404
4330.000 0.390
4335.000 0.391
4340.000 0.397
4345.000 0.386
4350.000 0.389
4355.000 0.393
4360.000 0.379
4365.000 0.379
4370.000 0.369
4375.000 0.381
4380.000 0.371
4385.000 0.391
4390.000 0.366
4395.000 0.363
4400.000 0.375
4405.000 0.379
4410.000 0.369
4415.000 0.376
4420.000 0.360
4425.000 0.353
4430.000 0.361
4435.000 0.364
4440.000 0.367
4445.000 0.344
4450.000 0.353
4455.000 0.360
4460.000 0.367
4465.000 0.358
4470.000 0.354
4475.000 0.373
4480.000 0.343
4485.000 0.367
4490.000 0.354
4495.000 0.360
4500.000 0.354
4505.000 0.353
4510.000 0.356
4515.000 0.337
4520.000 0.355
4525.000 0.336
4530.000 0.355
4535.000 0.334
4540.000 0.342
4545.000 0.332
4550.000 0.336
4555.000 0.358
4560.000 0.330
4565.000 0.328
4570.000 0.320
4575.000 0.316
4580.000 0.318
4585.000 0.315
4590.000 0.318
4595.000 0.310
4600.000 0.318
4605.000 0.307
4610.000 0.311
4615.000 0.300
4620.000 0.311
4625.000 0.303
4630.000 0.300
4635.000 0.291
4640.000 0.286
4645.000 0.294
4650.000 0.269
4655.000 0.263
4660.000 0.261
4665.000 0.276
4670.000 0.272
4675.000 0.251
4680.000 0.245
4685.000 0.239
4690.000 0.231
4695.000 0.221
4700.000 0.230
4705.000 0.227
4710.000 0.210
4715.000 0.208
4720.000 0.198
4725.000 0.186
4730.000 0.182
4735.000 0.171
4740.000 0.167
4745.000 0.163
4750.000 0.169
4755.000 0.168
4760.000 0.160
4765.000 0.154
4770.000 0.163
4775.000 0.148
4780.000 0.154
4785.000 0.156
4790.000 0.175
4795.000 0.178
4800.000 0.188
4805.000 0.207
4810.000 0.232
4815.000 0.247
4820.000 0.271
4825.000 0.315
4830.000 0.323
4835.000 0.374
4840.000 0.414
4845.000 0.446
4850.000 0.471
4855.000 0.555
4860.000 0.588
4865.000 0.633
4870.000 0.746
4875.000 0.813
4880.000 0.875
4885.000 0.950
4890.000 1.145
4895.000 1.240
4900.000 1.356
4905.000 1.666
4910.000 1.869
4915.000 2.120
4920.000 2.443
4925.000 3.511
4930.000 4.383
4935.000 5.650
4940.000 9.985
4945.000 13.084
4950.000 17.438
4955.000 22.716
4960.000 35.510
4965.000 35.979
4970.000 16.955
4975.000 29.578
4980.000 38.884
4985.000 30.667
4990.000 22.228
4995.000 20.531
5000.000 13.001
5005.000 11.752
5010.000 9.882
5015.000 7.849
5020.000 7.013
5025.000 6.312
5030.000 5.754
5035.000 4.900
5040.000 4.508
5045.000 4.212
5050.000 3.710
5055.000 3.514
5060.000 3.317
5065.000 3.191
5070.000 2.897
5075.000 2.782
5080.000 2.679
5085.000 2.510
5090.000 2.446
5095.000 2.351
5100.000 2.298
5105.000 2.161
5110.000 2.121
5115.000 2.075
5120.000 2.027
5125.000 1.949
5130.000 1.911
5135.000 1.893
5140.000 1.851
5145.000 1.823
5150.000 1.788
5155.000 1.790
5160.000 1.738
5165.000 1.715
5170.000 1.717
5175.000 1.673
5180.000 1.668
5185.000 1.639
5190.000 1.625
5195.000 1.609
5200.000 1.603
5205.000 1.574
5210.000 1.565
5215.000 1.548
5220.000 1.537
5225.000 1.526
5230.000 1.504
5235.000 1.488
5240.000 1.502
5245.000 1.464
5250.000 1.451
5255.000 1.439
5260.000 1.434
5265.000 1.420
5270.000 1.403
5275.000 1.409
5280.000 1.382
5285.000 1.355
5290.000 1.360
5295.000 1.365
5300.000 1.319
5305.000 1.329
5310.000 1.309
5315.000 1.296
5320.000 1.279
5325.000 1.269
5330.000 1.257
5335.000 1.255
5340.000 1.243
5345.000 1.225
5350.000 1.214
5355.000 1.205
5360.000 1.189
5365.000 1.189
5370.000 1.173
5375.000 1.147
5380.000 1.153
5385.000 1.138
5390.000 1.123
5395.000 1.103
5400.000 1.106
5405.000 1.094
5410.000 1.087
5415.000 1.086
5420.000 1.064
5425.000 1.054
5430.000 1.044
5435.000 1.041
5440.000 1.024
5445.000 1.027
5450.000 1.005
5455.000 0.995
5460.000 0.981
5465.000 0.980
5470.000 0.974
5475.000 0.957
5480.000 0.940
5485.000 0.965
5490.000 0.934
5495.000 0.941
5500.000 0.926
5505.000 0.925
5510.000 0.923
5515.000 0.911
5520.000 0.902
5525.000 0.879
5530.000 0.874
5535.000 0.879
5540.000 0.867
5545.000 0.866
5550.000 0.850
5555.000 0.855
5560.000 0.837
5565.000 0.833
5570.000 0.828
5575.000 0.830
5580.000 0.825
5585.000 0.821
5590.000 0.820
5595.000 0.795
5600.000 0.793
5605.000 0.780
5610.000 0.769
5615.000 0.776
5620.000 0.790
5625.000 0.769
5630.000 0.770
5635.000 0.777
5640.000 0.770
5645.000 0.748
5650.000 0.754
5655.000 0.741
5660.000 0.748
5665.000 0.732
5670.000 0.733
5675.000 0.733
5680.000 0.730
5685.000 0.734
5690.000 0.727
5695.000 0.728
5700.000 0.718
5705.000 0.712
5710.000 0.724
5715.000 0.687
5720.000 0.710
5725.000 0.690
5730.000 0.690
5735.000 0.694
5740.000 0.689
5745.000 0.692
5750.000 0.686
5755.000 0.689
5760.000 0.680
5765.000 0.685
5770.000 0.683
5775.000 0.693
5780.000 0.687
5785.000 0.688
5790.000 0.701
5795.000 0.683
5800.000 0.685
5805.000 0.692
5810.000 0.677
5815.000 0.684
5820.000 0.693
5825.000 0.688
5830.000 0.693
5835.000 0.692
5840.000 0.694
5845.000 0.696
5850.000 0.698
5855.000 0.698
5860.000 0.696
5865.000 0.713
5870.000 0.706
5875.000 0.731
5880.000 0.725
5885.000 0.739
5890.000 0.746
5895.000 0.762
5900.000 0.766
5905.000 0.792
5910.000 0.795
5915.000 0.803
5920.000 0.815
5925.000 0.820
5930.000 0.855
5935.000 0.856
5940.000 0.881
5945.000 0.904
5950.000 0.917
5955.000 0.944
5960.000 0.970
5965.000 0.996
5970.000 1.028
5975.000 1.059
5980.000 1.074
5985.000 1.149
5990.000 1.215
5995.000 1.260
6000.000 1.347
6005.000 1.386
6010.000 1.407
6015.000 1.486
6020.000 1.600
6025.000 1.685
6030.000 1.782
6035.000 1.945
6040.000 1.985
6045.000 2.131
6050.000 2.153
6055.000 2.333
6060.000 2.434
6065.000 2.504
6070.000 2.603
6075.000 2.834
6080.000 2.921
6085.000 3.081
6090.000 3.180
6095.000 3.536
6100.000 3.702
6105.000 3.932
6110.000 4.396
6115.000 4.705
6120.000 5.043
6125.000 5.411
6130.000 6.305
6135.000 6.852
6140.000 7.478
6145.000 9.043
6150.000 10.030
6155.000 11.134
6160.000 12.484
6165.000 15.746
6170.000 17.788
6175.000 20.033
6180.000 25.387
6185.000 28.460
6190.000 31.963
6195.000 36.007
6200.000 44.768
6205.000 49.207
6210.000 53.563
6215.000 57.227
6220.000 59.950
6225.000 55.944
6230.000 45.647
6235.000 31.576
6240.000 28.613
6245.000 25.857
6250.000 22.399
6255.000 17.641
6260.000 15.781
6265.000 14.213
6270.000 11.752
6275.000 10.790
6280.000 9.962
6285.000 9.289
6290.000 8.197
6295.000 7.739
6300.000 7.328
6305.000 6.621
6310.000 6.330
6315.000 6.062
6320.000 5.827
6325.000 5.405
6330.000 5.211
6335.000 5.046
6340.000 4.884
6345.000 4.589
6350.000 4.463
6355.000 4.355
6360.000 4.148
6365.000 4.063
6370.000 3.968
6375.000 3.898
6380.000 3.743
6385.000 3.675
6390.000 3.639
6395.000 3.509
6400.000 3.462
6405.000 3.417
6410.000 3.375
6415.000 3.291
6420.000 3.256
6425.000 3.223
6430.000 3.161
6435.000 3.137
6440.000 3.101
6445.000 3.079
6450.000 3.044
6455.000 3.019
6460.000 3.002
6465.000 2.983
6470.000 2.967
6475.000 2.950
6480.000 2.931
6485.000 2.934
6490.000 2.909
6495.000 2.899
6500.000 2.906
6505.000 2.913
6510.000 2.911
6515.000 2.924
6520.000 2.940
6525.000 2.954
6530.000 2.978
6535.000 2.997
6540.000 3.111
6545.000 3.539
6550.000 5.487
6555.000 14.939
6560.000 44.369
6565.000 45.135
6570.000 32.168
6575.000 10.268
6580.000 3.823
6585.000 2.684
6590.000 2.346
6595.000 2.197
6600.000 2.317
6605.000 2.459
6610.000 2.305
6615.000 2.263
6620.000 2.226
6625.000 2.188
6630.000 2.157
6635.000 2.109
6640.000 2.091
6645.000 2.057
6650.000 2.040
6655.000 2.023
6660.000 2.004
6665.000 1.970
6670.000 1.961
6675.000 1.936
6680.000 1.939
6685.000 1.918
6690.000 1.924
6695.000 1.904
6700.000 1.902
6705.000 1.898
6710.000 1.890
6715.000 1.887
6720.000 1.873
6725.000 1.882
6730.000 1.880
6735.000 1.880
6740.000 1.872
6745.000 1.868
6750.000 1.860
6755.000 1.871
6760.000 1.861
6765.000 1.862
6770.000 1.864
6775.000 1.862
6780.000 1.857
6785.000 1.856
6790.000 1.860
6795.000 1.864
6800.000 1.864
6805.000 1.861
6810.000 1.863
6815.000 1.862
6820.000 1.883
6825.000 1.886
6830.000 1.869
6835.000 1.870
6840.000 1.879
6845.000 1.875
6850.000 1.863
6855.000 1.883
6860.000 1.867
6865.000 1.888
6870.000 1.875
6875.000 1.887
6880.000 1.884
6885.000 1.880
6890.000 1.889
6895.000 1.882
6900.000 1.895
6905.000 1.883
6910.000 1.893
6915.000 1.879
6920.000 1.903
6925.000 1.909
6930.000 1.905
6935.000 1.919
6940.000 1.916
6945.000 1.918
6950.000 1.928
6955.000 1.938
6960.000 1.937
6965.000 1.931
6970.000 1.944
6975.000 1.937
6980.000 1.935
6985.000 1.965
6990.000 1.967
6995.000 1.975
7000.000 1.991
7005.000 1.989
7010.000 1.972
7015.000 2.014
7020.000 2.021
7025.000 2.008
7030.000 2.022
7035.000 2.031
7040.000 2.020
7045.000 2.056
7050.000 2.057
7055.000 2.070
7060.000 2.090
7065.000 2.104
7070.000 2.110
7075.000 2.121
7080.000 2.143
7085.000 2.136
7090.000 2.159
7095.000 2.181
7100.000 2.173
7105.000 2.185
7110.000 2.223
7115.000 2.244
7120.000 2.246
7125.000 2.271
7130.000 2.305
7135.000 2.326
7140.000 2.338
7145.000 2.371
7150.000 2.386
7155.000 2.408
7160.000 2.434
7165.000 2.459
7170.000 2.502
7175.000 2.528
7180.000 2.551
7185.000 2.588
7190.000 2.655
7195.000 2.685
7200.000 2.722
7205.000 2.789
7210.000 2.810
7215.000 2.848
7220.000 2.909
7225.000 2.999
7230.000 3.039
7235.000 3.097
7240.000 3.185
7245.000 3.237
7250.000 3.287
7255.000 3.348
7260.000 3.446
7265.000 3.515
7270.000 3.569
7275.000 3.722
7280.000 3.802
7285.000 3.912
7290.000 4.009
7295.000 4.219
7300.000 4.348
7305.000 4.462
7310.000 4.587
7315.000 4.821
7320.000 4.931
7325.000 5.045
7330.000 5.317
7335.000 5.476
7340.000 5.617
7345.000 5.832
7350.000 6.290
7355.000 6.570
7360.000 6.838
7365.000 8.040
7370.000 8.403
7375.000 8.903
7380.000 9.614
7385.000 11.525
7390.000 12.804
7395.000 14.453
7400.000 18.942
7405.000 21.938
7410.000 25.372
7415.000 29.280
7420.000 37.195
7425.000 39.841
7430.000 40.824
7435.000 38.720
7440.000 21.300
7445.000 15.373
7450.000 13.515
7455.000 14.378
7460.000 13.367
7465.000 11.723
7470.000 10.270
7475.000 7.924
7480.000 7.056
7485.000 6.347
7490.000 5.248
7495.000 4.850
7500.000 4.504
7505.000 4.194
7510.000 3.646
7515.000 3.416
7520.000 3.173
7525.000 2.810
7530.000 2.668
7535.000 2.521
7540.000 2.381
7545.000 2.161
7550.000 2.044
7555.000 1.962
7560.000 1.890
7565.000 1.739
7570.000 1.684
7575.000 1.629
7580.000 1.578
7585.000 1.482
7590.000 1.438
7595.000 1.410
7600.000 1.339
7605.000 1.310
7610.000 1.290
7615.000 1.262
7620.000 1.198
7625.000 1.184
7630.000 1.169
7635.000 1.137
7640.000 1.123
7645.000 1.105
7650.000 1.090
7655.000 1.063
7660.000 1.051
7665.000 1.048
7670.000 1.031
7675.000 1.025
7680.000 1.012
7685.000 0.999
7690.000 0.997
7695.000 0.982
7700.000 0.983
7705.000 0.991
7710.000 0.970
7715.000 0.969
7720.000 0.963
7725.000 0.956
7730.000 0.960
7735.000 0.945
7740.000 0.950
7745.000 0.953
7750.000 0.946
7755.000 0.946
7760.000 0.950
7765.000 0.943
7770.000 0.952
7775.000 0.951
7780.000 0.955
7785.000 0.939
7790.000 0.959
7795.000 0.961
7800.000 0.981
7805.000 0.962
7810.000 0.976
7815.000 0.978
7820.000 0.973
7825.000 0.975
7830.000 0.987
7835.000 0.987
7840.000 0.992
7845.000 1.001
7850.000 1.012
7855.000 1.010
7860.000 1.029
7865.000 1.035
7870.000 1.059
7875.000 1.044
7880.000 1.051
7885.000 1.076
7890.000 1.084
7895.000 1.105
7900.000 1.121
7905.000 1.136
7910.000 1.160
7915.000 1.178
7920.000 1.224
7925.000 1.252
7930.000 1.261
7935.000 1.291
7940.000 1.344
7945.000 1.401
7950.000 1.442
7955.000 1.489
7960.000 1.594
7965.000 1.676
7970.000 1.737
7975.000 1.845
7980.000 2.110
7985.000 2.293
7990.000 2.529
7995.000 3.194
8000.000 3.721
8005.000 4.452
8010.000 5.503
8015.000 8.918
8020.000 11.438
8025.000 14.483
8030.000 22.463
8035.000 27.746
8040.000 34.738
8045.000 42.202
8050.000 34.763
8055.000 7.721
8060.000 12.306
8065.000 7.057
8070.000 5.650
8075.000 4.917
8080.000 4.519
8085.000 3.529
8090.000 3.198
8095.000 2.929
8100.000 2.693
8105.000 2.355
8110.000 2.200
8115.000 2.077
8120.000 1.889
8125.000 1.805
8130.000 1.738
8135.000 1.656
8140.000 1.561
8145.000 1.518
8150.000 1.479
8155.000 1.411
8160.000 1.382
8165.000 1.352
8170.000 1.326
8175.000 1.288
8180.000 1.261
8185.000 1.251
8190.000 1.216
8195.000 1.204
8200.000 1.195
8205.000 1.177
8210.000 1.149
8215.000 1.139
8220.000 1.144
8225.000 1.123
8230.000 1.105
8235.000 1.117
8240.000 1.095
8245.000 1.089
8250.000 1.086
8255.000 1.078
8260.000 1.071
8265.000 1.062
8270.000 1.068
8275.000 1.057
8280.000 1.058
8285.000 1.031
8290.000 1.038
8295.000 1.040
8300.000 1.046
8305.000 1.042
8310.000 1.042
8315.000 1.042
8320.000 1.035
8325.000 1.037
8330.000 1.025
8335.000 1.013
8340.000 1.017
8345.000 1.021
8350.000 1.014
8355.000 1.009
8360.000 1.005
8365.000 1.007
8370.000 1.009
8375.000 1.013
8380.000 1.001
8385.000 1.017
8390.000 1.004
8395.000 1.001
8400.000 1.011
8405.000 1.016
8410.000 1.025
8415.000 1.011
8420.000 1.019
8425.000 1.019
8430.000 1.021
8435.000 1.029
8440.000 1.018
8445.000 1.020
8450.000 1.024
8455.000 1.024
8460.000 1.027
8465.000 1.029
8470.000 1.054
8475.000 1.059
8480.000 1.114
8485.000 1.167
8490.000 1.252
8495.000 1.678
8500.000 2.185
8505.000 3.215
8510.000 6.009
8515.000 22.564
8520.000 31.184
8525.000 36.848
8530.000 31.038
8535.000 18.045
8540.000 9.098
8545.000 8.408
8550.000 8.966
8555.000 8.636
8560.000 8.988
8565.000 9.821
8570.000 11.801
8575.000 13.219
8580.000 14.867
8585.000 18.241
8590.000 20.124
8595.000 22.145
8600.000 24.487
8605.000 29.758
8610.000 32.778
8615.000 35.729
8620.000 38.686
8625.000 38.022
8630.000 35.147
8635.000 30.651
8640.000 23.110
8645.000 19.952
8650.000 16.875
8655.000 13.744
8660.000 8.021
8665.000 5.656
8670.000 4.482
8675.000 4.431
8680.000 4.630
8685.000 4.600
8690.000 4.477
8695.000 4.227
8700.000 4.093
8705.000 3.978
8710.000 3.869
8715.000 3.661
8720.000 3.569
8725.000 3.476
8730.000 3.311
8735.000 3.236
8740.000 3.161
8745.000 3.108
8750.000 2.995
8755.000 2.943
8760.000 2.916
8765.000 2.836
8770.000 2.793
8775.000 2.764
8780.000 2.734
8785.000 2.667
8790.000 2.641
8795.000 2.639
8800.000 2.608
8805.000 2.558
8810.000 2.547
8815.000 2.518
8820.000 2.497
8825.000 2.488
8830.000 2.459
8835.000 2.459
8840.000 2.440
8845.000 2.425
8850.000 2.411
8855.000 2.393
8860.000 2.386
8865.000 2.386
8870.000 2.385
8875.000 2.358
8880.000 2.366
8885.000 2.356
8890.000 2.340
8895.000 2.327
8900.000 2.327
8905.000 2.309
8910.000 2.307
8915.000 2.306
8920.000 2.293
8925.000 2.298
8930.000 2.271
8935.000 2.273
8940.000 2.274
8945.000 2.275
8950.000 2.271
8955.000 2.269
8960.000 2.273
8965.000 2.266
8970.000 2.267
8975.000 2.262
8980.000 2.247
8985.000 2.269
8990.000 2.252
8995.000 2.247
9000.000 2.239
9005.000 2.250
9010.000 2.267
9015.000 2.276
9020.000 2.239
9025.000 2.261
9030.000 2.279
9035.000 2.244
9040.000 2.248
9045.000 2.269
9050.000 2.293
9055.000 2.273
9060.000 2.268
9065.000 2.261
9070.000 2.281
9075.000 2.300
9080.000 2.296
9085.000 2.296
9090.000 2.329
9095.000 2.325
9100.000 2.338
9105.000 2.343
9110.000 2.342
9115.000 2.355
9120.000 2.375
9125.000 2.382
9130.000 2.373
9135.000 2.395
9140.000 2.390
9145.000 2.424
9150.000 2.439
9155.000 2.448
9160.000 2.454
9165.000 2.467
9170.000 2.483
9175.000 2.502
9180.000 2.508
9185.000 2.531
9190.000 2.550
9195.000 2.552
9200.000 2.579
9205.000 2.604
9210.000 2.638
9215.000 2.662
9220.000 2.683
9225.000 2.700
9230.000 2.717
9235.000 2.750
9240.000 2.751
9245.000 2.756
9250.000 2.810
9255.000 2.821
9260.000 2.839
9265.000 2.857
9270.000 2.888
9275.000 2.918
9280.000 2.949
9285.000 2.986
9290.000 2.987
9295.000 3.021
9300.000 3.030
9305.000 3.078
9310.000 3.095
9315.000 3.114
9320.000 3.133
9325.000 3.178
9330.000 3.221
9335.000 3.248
9340.000 3.309
9345.000 3.327
9350.000 3.381
9355.000 3.402
9360.000 3.528
9365.000 3.563
9370.000 3.602
9375.000 3.720
9380.000 3.813
9385.000 3.873
9390.000 3.936
9395.000 4.161
9400.000 4.304
9405.000 4.458
9410.000 4.688
9415.000 5.218
9420.000 5.639
9425.000 6.161
9430.000 8.039
9435.000 9.687
9440.000 12.353
9445.000 16.162
9450.000 26.100
9455.000 29.696
9460.000 28.867
9465.000 17.739
9470.000 5.680
9475.000 0.927
9480.000 2.515
9485.000 1.888
9490.000 1.461
9495.000 1.569
9500.000 1.633
9505.000 1.714
9510.000 1.735
9515.000 1.775
9520.000 1.841
9525.000 1.871
9530.000 1.895
9535.000 1.939
9540.000 2.004
9545.000 2.049
9550.000 2.097
9555.000 2.208
9560.000 2.280
9565.000 2.351
9570.000 2.434
9575.000 2.582
9580.000 2.657
9585.000 2.729
9590.000 2.793
9595.000 3.005
9600.000 3.089
9605.000 3.160
9610.000 3.314
9615.000 3.367
9620.000 3.424
9625.000 3.483
9630.000 3.607
9635.000 3.681
9640.000 3.762
9645.000 3.942
9650.000 4.018
9655.000 4.099
9660.000 4.163
9665.000 4.356
9670.000 4.459
9675.000 4.585
9680.000 4.826
9685.000 4.952
9690.000 5.091
9695.000 5.236
9700.000 5.599
9705.000 5.806
9710.000 6.022
9715.000 6.263
9720.000 6.834
9725.000 7.180
9730.000 7.586
9735.000 8.593
9740.000 9.256
9745.000 10.019
9750.000 10.914
9755.000 13.303
9760.000 14.880
9765.000 16.727
9770.000 21.525
9775.000 24.416
9780.000 27.861
9785.000 30.799
9790.000 34.505
9795.000 34.339
9800.000 32.171
9805.000 27.600
9810.000 18.877
9815.000 15.662
9820.000 13.156
9825.000 9.694
9830.000 8.529
9835.000 7.740
9840.000 7.258
9845.000 6.857
9850.000 6.504
9855.000 5.830
9860.000 4.573
9865.000 4.452
9870.000 4.383
9875.000 4.233
9880.000 3.849
9885.000 3.652
9890.000 3.462
9895.000 3.316
9900.000 2.981
9905.000 2.837
9910.000 2.695
9915.000 2.443
9920.000 2.339
9925.000 2.219
9930.000 2.152
9935.000 1.974
9940.000 1.912
9945.000 1.841
9950.000 1.715
9955.000 1.672
9960.000 1.606
9965.000 1.564
9970.000 1.487
9975.000 1.447
9980.000 1.409
9985.000 1.348
9990.000 1.321
9995.000 1.295
10000.000 1.267
