105.000 0.031
110.000 0.049
115.000 0.514
125.000 0.732
130.000 0.789
135.000 0.820
140.000 0.840
145.000 0.834
150.000 0.882
155.000 0.810
160.000 0.773
165.000 0.709
170.000 0.691
175.000 0.626
180.000 0.509
185.000 0.613
190.000 0.425
195.000 0.592
200.000 0.487
205.000 0.490
210.000 0.354
215.000 0.356
220.000 0.421
225.000 0.252
230.000 0.284
235.000 0.313
240.000 0.307
245.000 0.255
250.000 0.181
255.000 0.221
260.000 0.240
265.000 0.114
270.000 0.149
275.000 0.121
280.000 0.245
285.000 0.270
290.000 0.337
295.000 0.340
300.000 0.348
305.000 0.285
310.000 0.277
315.000 0.339
320.000 0.562
325.000 0.748
330.000 0.734
335.000 0.844
340.000 1.149
345.000 1.192
350.000 1.432
355.000 2.744
360.000 1.678
365.000 2.090
370.000 2.248
375.000 2.434
380.000 2.810
385.000 3.211
390.000 3.494
395.000 4.114
400.000 4.274
405.000 4.867
410.000 5.196
415.000 5.471
420.000 5.776
425.000 6.457
430.000 6.362
435.000 6.608
440.000 6.532
445.000 6.372
450.000 6.331
455.000 6.316
460.000 5.973
465.000 5.655
470.000 5.699
475.000 5.444
480.000 5.060
485.000 4.867
490.000 4.606
495.000 4.175
500.000 4.082
505.000 3.796
510.000 3.513
515.000 3.043
520.000 2.879
525.000 2.846
530.000 2.573
535.000 2.465
540.000 2.404
545.000 2.356
550.000 2.120
555.000 2.011
560.000 1.996
565.000 1.927
570.000 1.920
575.000 1.895
580.000 1.847
585.000 1.907
590.000 1.864
595.000 1.799
600.000 1.760
605.000 1.777
610.000 1.727
615.000 1.736
620.000 1.703
625.000 1.787
630.000 1.667
635.000 1.740
640.000 1.636
645.000 1.610
650.000 1.600
655.000 1.615
660.000 1.779
665.000 1.637
670.000 1.704
675.000 1.561
680.000 1.569
685.000 1.589
690.000 1.554
695.000 1.555
700.000 1.547
705.000 1.525
710.000 1.566
715.000 1.614
720.000 1.592
725.000 1.526
730.000 1.529
735.000 1.553
740.000 1.563
745.000 1.487
750.000 1.473
755.000 1.545
760.000 1.501
765.000 1.576
770.000 1.410
775.000 1.496
780.000 1.481
785.000 1.429
790.000 1.407
795.000 1.462
800.000 1.519
805.000 1.458
810.000 1.427
815.000 1.447
820.000 1.442
825.000 1.468
830.000 1.396
835.000 1.386
840.000 1.379
845.000 1.416
850.000 1.401
855.000 1.363
860.000 1.463
865.000 1.586
870.000 1.417
875.000 1.463
880.000 1.460
885.000 1.463
890.000 1.422
895.000 1.410
900.000 1.360
905.000 1.439
910.000 1.453
915.000 1.466
920.000 1.479
925.000 1.387
930.000 1.374
935.000 1.327
940.000 1.403
945.000 1.382
950.000 1.329
955.000 1.308
960.000 1.345
965.000 1.311
970.000 1.362
975.000 1.303
980.000 1.335
985.000 1.367
990.000 1.372
995.000 1.398
1000.000 1.281
1005.000 1.528
1010.000 1.361
1015.000 1.311
1020.000 1.398
1025.000 1.493
1030.000 1.442
1035.000 1.384
1040.000 1.556
1045.000 1.375
1050.000 1.347
1055.000 1.410
1060.000 1.251
1065.000 1.409
1070.000 1.345
1075.000 1.409
1080.000 1.440
1085.000 1.441
1090.000 1.334
1095.000 1.351
1100.000 1.341
1105.000 1.352
1110.000 1.362
1115.000 1.236
1120.000 1.302
1125.000 1.243
1130.000 1.251
1135.000 1.343
1140.000 1.342
1145.000 1.351
1150.000 1.301
1155.000 1.270
1160.000 1.242
1165.000 1.306
1170.000 1.242
1175.000 1.226
1180.000 1.366
1185.000 1.279
1195.000 1.272
1200.000 1.244
1205.000 1.294
1210.000 1.279
1215.000 1.292
1220.000 1.325
1225.000 1.364
1230.000 1.299
1235.000 1.296
1240.000 1.246
1245.000 1.227
1250.000 1.256
1255.000 1.260
1260.000 1.204
1265.000 1.207
1270.000 1.213
1275.000 1.231
1280.000 1.230
1285.000 1.185
1290.000 1.179
1295.000 1.216
1300.000 1.208
1305.000 1.248
1310.000 1.231
1315.000 1.218
1320.000 1.194
1325.000 1.229
1330.000 1.311
1335.000 1.229
1340.000 1.177
1345.000 1.259
1350.000 1.267
1355.000 1.241
1360.000 1.183
1365.000 1.220
1370.000 1.234
1375.000 1.273
1380.000 1.232
1385.000 1.218
1390.000 1.183
1395.000 1.169
1400.000 1.194
1405.000 1.164
1410.000 1.262
1415.000 1.274
1420.000 1.240
1425.000 1.205
1430.000 1.186
1435.000 1.216
1440.000 1.184
1445.000 1.210
1450.000 1.261
1455.000 1.236
1460.000 1.178
1465.000 1.250
1470.000 1.197
1475.000 1.133
1480.000 1.175
1485.000 1.185
1490.000 1.152
1495.000 1.108
1500.000 1.124
1505.000 1.126
1510.000 1.126
1515.000 1.075
1520.000 1.097
1525.000 1.177
1530.000 1.101
1535.000 1.065
1540.000 1.119
1545.000 1.083
1550.000 1.085
1555.000 1.160
1560.000 1.112
1565.000 1.094
1570.000 1.108
1575.000 1.067
1580.000 1.094
1585.000 1.061
1590.000 1.077
1595.000 1.057
1600.000 1.062
1605.000 1.061
1610.000 1.073
1615.000 1.081
1620.000 1.056
1625.000 1.045
1630.000 1.017
1635.000 1.090
1640.000 1.103
1645.000 1.075
1650.000 1.091
1655.000 1.050
1660.000 1.032
1665.000 1.091
1670.000 1.073
1675.000 1.121
1680.000 1.033
1685.000 1.031
1690.000 1.040
1695.000 1.065
1700.000 1.118
1705.000 1.059
1710.000 1.105
1715.000 1.109
1720.000 1.150
1725.000 1.126
1730.000 1.085
1735.000 1.095
1740.000 1.083
1745.000 1.084
1750.000 1.101
1755.000 1.152
1760.000 1.174
1765.000 1.183
1770.000 1.164
1775.000 1.286
1780.000 1.215
1785.000 1.205
1790.000 1.265
1795.000 1.346
1800.000 1.284
1805.000 1.370
1810.000 1.370
1815.000 1.372
1820.000 1.393
1825.000 1.458
1830.000 1.514
1835.000 1.396
1840.000 1.492
1845.000 1.485
1850.000 1.535
1855.000 1.589
1860.000 1.575
1865.000 1.538
1870.000 1.544
1875.000 1.577
1880.000 1.634
1885.000 1.633
1890.000 1.617
1895.000 1.666
1900.000 1.653
1905.000 1.634
1910.000 1.670
1915.000 1.668
1920.000 1.689
1925.000 1.719
1930.000 1.741
1935.000 1.751
1940.000 1.720
1945.000 1.734
1950.000 1.797
1955.000 1.701
1960.000 1.699
1965.000 1.767
1970.000 1.786
1975.000 1.705
1980.000 1.692
1985.000 1.694
1990.000 1.705
1995.000 1.674
2000.000 1.687
2005.000 1.751
2010.000 1.721
2015.000 1.681
2020.000 1.650
2025.000 1.698
2030.000 1.580
2035.000 1.687
2040.000 1.637
2045.000 1.672
2050.000 1.653
2055.000 1.657
2060.000 1.676
2065.000 1.625
2070.000 1.651
2075.000 1.556
2080.000 1.566
2085.000 1.625
2090.000 1.593
2095.000 1.593
2100.000 1.592
2105.000 1.580
2110.000 1.565
2115.000 1.567
2120.000 1.592
2125.000 1.564
2130.000 1.571
2135.000 1.522
2140.000 1.502
2145.000 1.508
2150.000 1.556
2155.000 1.524
2160.000 1.508
2165.000 1.485
2170.000 1.511
2175.000 1.530
2180.000 1.477
2185.000 1.484
2190.000 1.442
2195.000 1.438
2200.000 1.484
2205.000 1.393
2210.000 1.439
2215.000 1.413
2220.000 1.421
2225.000 1.371
2230.000 1.373
2235.000 1.299
2240.000 1.302
2245.000 1.287
2250.000 1.224
2255.000 1.166
2260.000 1.127
2265.000 0.998
2270.000 0.922
2275.000 0.573
2280.000 0.418
2285.000 0.419
2290.000 1.098
2295.000 8.843
2300.000 16.632
2305.000 27.199
2310.000 45.690
2315.000 39.832
2320.000 11.131
2325.000 7.967
2330.000 1.452
2335.000 1.207
2340.000 1.362
2345.000 1.386
2350.000 1.290
2355.000 1.302
2360.000 1.261
2365.000 1.213
2370.000 1.211
2375.000 1.188
2380.000 1.126
2385.000 1.097
2390.000 1.100
2395.000 1.076
2400.000 1.053
2405.000 1.050
2410.000 1.035
2415.000 1.039
2420.000 1.017
2425.000 0.994
2430.000 0.998
2435.000 1.024
2440.000 0.970
2445.000 0.987
2450.000 0.988
2455.000 1.008
2460.000 0.993
2465.000 0.968
2470.000 1.001
2475.000 0.939
2480.000 0.953
2485.000 0.974
2490.000 0.969
2495.000 0.945
2500.000 0.970
2505.000 0.970
2510.000 0.954
2515.000 0.971
2520.000 0.949
2525.000 0.938
2530.000 0.953
2535.000 0.932
2540.000 0.962
2545.000 0.953
2550.000 0.952
2555.000 0.961
2560.000 0.940
2565.000 0.967
2570.000 0.949
2575.000 0.967
2580.000 0.966
2585.000 0.936
2590.000 0.968
2595.000 0.938
2600.000 0.949
2605.000 0.955
2610.000 0.960
2615.000 0.937
2620.000 0.951
2625.000 0.966
2630.000 0.943
2635.000 0.970
2640.000 0.966
2645.000 0.962
2650.000 0.934
2655.000 0.960
2660.000 0.976
2665.000 0.980
2670.000 0.959
2675.000 0.988
2680.000 0.958
2685.000 0.970
2690.000 0.986
2695.000 0.988
2700.000 0.985
2705.000 1.007
2710.000 1.009
2715.000 0.995
2720.000 1.013
2725.000 1.023
2730.000 1.045
2735.000 1.034
2740.000 1.037
2745.000 1.038
2750.000 1.032
2755.000 1.053
2760.000 1.091
2765.000 1.100
2770.000 1.131
2775.000 1.094
2780.000 1.135
2785.000 1.135
2790.000 1.168
2795.000 1.183
2800.000 1.210
2805.000 1.186
2810.000 1.236
2815.000 1.256
2820.000 1.281
2825.000 1.287
2830.000 1.318
2835.000 1.318
2840.000 1.362
2845.000 1.360
2850.000 1.395
2855.000 1.443
2860.000 1.440
2865.000 1.497
2870.000 1.480
2875.000 1.502
2880.000 1.507
2885.000 1.560
2890.000 1.620
2895.000 1.562
2900.000 1.623
2905.000 1.643
2910.000 1.666
2915.000 1.637
2920.000 1.718
2925.000 1.689
2930.000 1.690
2935.000 1.737
2940.000 1.763
2945.000 1.751
2950.000 1.769
2955.000 1.774
2960.000 1.779
2965.000 1.767
2970.000 1.836
2975.000 1.861
2980.000 1.877
2985.000 1.920
2990.000 1.914
2995.000 1.909
3000.000 1.868
3005.000 1.972
3010.000 2.010
3015.000 2.001
3020.000 1.994
3025.000 2.024
3030.000 2.041
3035.000 1.950
3040.000 2.019
3045.000 1.965
3050.000 1.976
3055.000 2.003
3060.000 2.007
3065.000 2.136
3070.000 2.045
3075.000 2.100
3080.000 2.131
3085.000 2.101
3090.000 2.096
3095.000 2.119
3100.000 2.115
3105.000 2.149
3110.000 2.155
3115.000 2.159
3120.000 2.137
3125.000 2.202
3130.000 2.197
3135.000 2.211
3140.000 2.258
3145.000 2.263
3150.000 2.240
3155.000 2.254
3160.000 2.279
3165.000 2.252
3170.000 2.283
3175.000 2.291
3180.000 2.301
3185.000 2.293
3190.000 2.304
3195.000 2.315
3200.000 2.310
3205.000 2.339
3210.000 2.386
3215.000 2.344
3220.000 2.379
3225.000 2.384
3230.000 2.402
3235.000 2.412
3240.000 2.424
3245.000 2.415
3250.000 2.448
3255.000 2.453
3260.000 2.474
3265.000 2.489
3270.000 2.497
3275.000 2.519
3280.000 2.541
3285.000 2.549
3290.000 2.524
3295.000 2.549
3300.000 2.601
3305.000 2.609
3310.000 2.657
3315.000 2.643
3320.000 2.655
3325.000 2.668
3330.000 2.677
3335.000 2.744
3340.000 2.752
3345.000 2.759
3350.000 2.837
3355.000 2.820
3360.000 2.860
3365.000 2.841
3370.000 2.871
3375.000 2.882
3380.000 2.871
3385.000 2.902
3390.000 2.945
3395.000 2.975
3400.000 2.942
3405.000 2.996
3410.000 3.016
3415.000 3.068
3420.000 3.064
3425.000 3.125
3430.000 3.142
3435.000 3.143
3440.000 3.161
3445.000 3.226
3450.000 3.246
3455.000 3.247
3460.000 3.313
3465.000 3.366
3470.000 3.400
3475.000 3.472
3480.000 3.532
3485.000 3.537
3490.000 3.540
3495.000 3.651
3500.000 3.697
3505.000 3.716
3510.000 3.727
3515.000 3.838
3520.000 3.904
3525.000 3.986
3530.000 4.122
3535.000 4.138
3540.000 4.252
3545.000 4.295
3550.000 4.451
3555.000 4.492
3560.000 4.576
3565.000 4.783
3570.000 4.879
3575.000 4.940
3580.000 5.049
3585.000 5.314
3590.000 5.447
3595.000 5.598
3600.000 5.946
3605.000 6.148
3610.000 6.395
3615.000 6.591
3620.000 7.140
3625.000 7.444
3630.000 7.797
3635.000 8.257
3640.000 9.450
3645.000 10.270
3650.000 11.231
3655.000 13.923
3660.000 15.873
3665.000 18.323
3670.000 21.388
3675.000 29.868
3680.000 35.720
3685.000 42.899
3690.000 62.136
3695.000 67.809
3700.000 68.941
3705.000 60.461
3710.000 28.441
3715.000 22.979
3720.000 18.327
3725.000 12.719
3730.000 10.938
3735.000 9.525
3740.000 8.283
3745.000 6.557
3750.000 5.810
3755.000 5.244
3760.000 4.731
3765.000 3.964
3770.000 3.665
3775.000 3.381
3780.000 3.141
3785.000 2.694
3790.000 2.515
3795.000 2.347
3800.000 2.090
3805.000 1.967
3810.000 1.838
3815.000 1.756
3820.000 1.570
3825.000 1.473
3830.000 1.402
3835.000 1.273
3840.000 1.201
3845.000 1.160
3850.000 1.096
3855.000 0.989
3860.000 0.929
3865.000 0.895
3870.000 0.827
3875.000 0.802
3880.000 0.753
3885.000 0.729
3890.000 0.658
3895.000 0.646
3900.000 0.606
3905.000 0.588
3910.000 0.531
3915.000 0.513
3920.000 0.475
3925.000 0.438
3930.000 0.439
3935.000 0.387
3940.000 0.385
3945.000 0.342
3950.000 0.353
3955.000 0.320
3960.000 0.312
3965.000 0.291
3970.000 0.311
3975.000 0.268
3980.000 0.220
3985.000 0.229
3990.000 0.250
3995.000 0.226
4000.000 0.201
4005.000 0.220
4010.000 0.207
4015.000 0.194
4020.000 0.198
4025.000 0.209
4030.000 0.178
4035.000 0.228
4040.000 0.183
4045.000 0.212
4050.000 0.198
4055.000 0.191
4060.000 0.204
4065.000 0.196
4070.000 0.242
4075.000 0.277
4080.000 0.250
4085.000 0.271
4090.000 0.266
4095.000 0.272
4100.000 0.276
4105.000 0.297
4110.000 0.286
4115.000 0.379
4120.000 0.374
4125.000 0.379
4130.000 0.381
4135.000 0.381
4140.000 0.389
4145.000 0.408
4150.000 0.423
4155.000 0.403
4160.000 0.442
4165.000 0.442
4170.000 0.433
4175.000 0.449
4180.000 0.468
4185.000 0.453
4190.000 0.481
4195.000 0.444
4200.000 0.515
4205.000 0.491
4210.000 0.404
4215.000 0.390
4220.000 0.399
4225.000 0.567
4230.000 0.496
4235.000 0.404
4240.000 0.651
4245.000 0.693
4250.000 0.666
4255.000 0.379
4260.000 0.482
4265.000 0.641
4270.000 0.224
4275.000 0.336
4280.000 0.382
4285.000 0.434
4290.000 0.773
4295.000 0.265
4300.000 0.745
4305.000 0.362
4310.000 0.332
4315.000 0.400
4320.000 0.672
4325.000 0.418
4330.000 0.659
4335.000 0.637
4340.000 0.476
4345.000 0.491
4350.000 0.594
4355.000 0.518
4360.000 0.629
4365.000 0.562
4370.000 0.554
4375.000 0.547
4380.000 0.551
4385.000 0.552
4390.000 0.570
4395.000 0.568
4400.000 0.556
4405.000 0.566
4410.000 0.581
4415.000 0.525
4420.000 0.507
4425.000 0.524
4430.000 0.523
4435.000 0.538
4440.000 0.532
4445.000 0.541
4450.000 0.540
4455.000 0.527
4460.000 0.515
4465.000 0.518
4470.000 0.513
4475.000 0.514
4480.000 0.533
4485.000 0.522
4490.000 0.538
4495.000 0.529
4500.000 0.522
4505.000 0.515
4510.000 0.540
4515.000 0.521
4520.000 0.534
4525.000 0.526
4530.000 0.523
4535.000 0.539
4540.000 0.524
4545.000 0.528
4550.000 0.524
4555.000 0.529
4560.000 0.524
4565.000 0.531
4570.000 0.532
4575.000 0.545
4580.000 0.540
4585.000 0.537
4590.000 0.529
4595.000 0.518
4600.000 0.527
4605.000 0.539
4610.000 0.546
4615.000 0.539
4620.000 0.536
4625.000 0.530
4630.000 0.520
4635.000 0.532
4640.000 0.531
4645.000 0.536
4650.000 0.532
4655.000 0.532
4660.000 0.529
4665.000 0.519
4670.000 0.526
4675.000 0.525
4680.000 0.535
4685.000 0.528
4690.000 0.537
4695.000 0.530
4700.000 0.534
4705.000 0.519
4710.000 0.519
4715.000 0.526
4720.000 0.515
4725.000 0.524
4730.000 0.506
4735.000 0.512
4740.000 0.499
4745.000 0.518
4750.000 0.511
4755.000 0.516
4760.000 0.501
4765.000 0.505
4770.000 0.492
4775.000 0.499
4780.000 0.494
4785.000 0.491
4790.000 0.483
4795.000 0.467
4800.000 0.483
4805.000 0.460
4810.000 0.456
4815.000 0.462
4820.000 0.463
4825.000 0.442
4830.000 0.433
4835.000 0.436
4840.000 0.412
4845.000 0.412
4850.000 0.401
4855.000 0.392
4860.000 0.382
4865.000 0.374
4870.000 0.354
4875.000 0.335
4880.000 0.314
4885.000 0.294
4890.000 0.276
4895.000 0.239
4900.000 0.214
4905.000 0.192
4910.000 0.177
4915.000 0.141
4920.000 0.163
4925.000 0.202
4930.000 0.411
4935.000 0.567
4940.000 0.797
4945.000 1.134
4950.000 3.008
4955.000 6.908
4960.000 15.146
4965.000 28.125
4970.000 15.838
4975.000 12.844
4980.000 10.875
4985.000 11.181
4990.000 12.352
4995.000 6.065
5000.000 5.990
5005.000 2.943
5010.000 2.757
5015.000 2.576
5020.000 1.900
5025.000 1.752
5030.000 1.650
5035.000 1.562
5040.000 1.399
5045.000 1.294
5050.000 1.244
5055.000 1.128
5060.000 1.110
5065.000 1.062
5070.000 1.030
5075.000 0.973
5080.000 0.955
5085.000 0.948
5090.000 0.893
5095.000 0.867
5100.000 0.856
5105.000 0.827
5110.000 0.817
5115.000 0.802
5120.000 0.794
5125.000 0.776
5130.000 0.750
5135.000 0.745
5140.000 0.738
5145.000 0.724
5150.000 0.715
5155.000 0.710
5160.000 0.699
5165.000 0.687
5170.000 0.675
5175.000 0.670
5180.000 0.640
5185.000 0.642
5190.000 0.637
5195.000 0.618
5200.000 0.601
5205.000 0.611
5210.000 0.598
5215.000 0.573
5220.000 0.578
5225.000 0.564
5230.000 0.572
5235.000 0.534
5240.000 0.537
5245.000 0.534
5250.000 0.521
5255.000 0.500
5260.000 0.500
5265.000 0.492
5270.000 0.483
5275.000 0.457
5280.000 0.465
5285.000 0.457
5290.000 0.452
5295.000 0.442
5300.000 0.429
5305.000 0.420
5310.000 0.397
5315.000 0.402
5320.000 0.398
5325.000 0.387
5330.000 0.376
5335.000 0.374
5340.000 0.382
5345.000 0.355
5350.000 0.347
5355.000 0.346
5360.000 0.347
5365.000 0.346
5370.000 0.340
5375.000 0.324
5380.000 0.335
5385.000 0.326
5390.000 0.324
5395.000 0.319
5400.000 0.320
5405.000 0.328
5410.000 0.320
5415.000 0.323
5420.000 0.334
5425.000 0.334
5430.000 0.335
5435.000 0.345
5440.000 0.336
5445.000 0.339
5450.000 0.340
5455.000 0.345
5460.000 0.339
5465.000 0.345
5470.000 0.353
5475.000 0.371
5480.000 0.372
5485.000 0.384
5490.000 0.381
5495.000 0.378
5500.000 0.399
5505.000 0.385
5510.000 0.394
5515.000 0.397
5520.000 0.409
5525.000 0.420
5530.000 0.434
5535.000 0.427
5540.000 0.428
5545.000 0.442
5550.000 0.445
5555.000 0.462
5560.000 0.437
5565.000 0.471
5570.000 0.467
5575.000 0.484
5580.000 0.497
5585.000 0.489
5590.000 0.502
5595.000 0.527
5600.000 0.512
5605.000 0.521
5610.000 0.530
5615.000 0.541
5620.000 0.544
5625.000 0.558
5630.000 0.556
5635.000 0.563
5640.000 0.583
5645.000 0.589
5650.000 0.585
5655.000 0.597
5660.000 0.609
5665.000 0.616
5670.000 0.631
5675.000 0.639
5680.000 0.653
5685.000 0.666
5690.000 0.674
5695.000 0.671
5700.000 0.678
5705.000 0.688
5710.000 0.709
5715.000 0.726
5720.000 0.728
5725.000 0.749
5730.000 0.755
5735.000 0.773
5740.000 0.803
5745.000 0.819
5750.000 0.833
5755.000 0.836
5760.000 0.850
5765.000 0.869
5770.000 0.899
5775.000 0.911
5780.000 0.923
5785.000 0.949
5790.000 0.982
5795.000 1.015
5800.000 1.046
5805.000 1.053
5810.000 1.107
5815.000 1.122
5820.000 1.133
5825.000 1.166
5830.000 1.206
5835.000 1.231
5840.000 1.254
5845.000 1.314
5850.000 1.346
5855.000 1.370
5860.000 1.414
5865.000 1.471
5870.000 1.504
5875.000 1.510
5880.000 1.583
5885.000 1.622
5890.000 1.643
5895.000 1.666
5900.000 1.731
5905.000 1.743
5910.000 1.761
5915.000 1.787
5920.000 1.860
5925.000 1.861
5930.000 1.913
5935.000 1.979
5940.000 2.017
5945.000 2.073
5950.000 2.107
5955.000 2.170
5960.000 2.261
5965.000 2.250
5970.000 2.314
5975.000 2.353
5980.000 2.408
5985.000 2.465
5990.000 2.575
5995.000 2.625
6000.000 2.638
6005.000 2.700
6010.000 2.780
6015.000 2.858
6020.000 2.928
6025.000 2.999
6030.000 3.048
6035.000 3.099
6040.000 3.174
6045.000 3.259
6050.000 3.394
6055.000 3.436
6060.000 3.649
6065.000 3.827
6070.000 3.894
6075.000 3.968
6080.000 4.234
6085.000 4.305
6090.000 4.400
6095.000 4.588
6100.000 5.074
6105.000 5.055
6110.000 5.152
6115.000 5.315
6120.000 5.447
6125.000 5.534
6130.000 5.698
6135.000 6.027
6140.000 6.185
6145.000 6.420
6150.000 6.862
6155.000 7.484
6160.000 8.457
6165.000 8.861
6170.000 9.570
6175.000 10.107
6180.000 10.710
6185.000 12.341
6190.000 13.437
6195.000 14.751
6200.000 16.493
6205.000 21.949
6210.000 24.572
6215.000 27.462
6220.000 30.217
6225.000 32.089
6230.000 28.024
6235.000 21.827
6240.000 14.927
6245.000 15.093
6250.000 14.006
6255.000 18.944
6260.000 19.283
6265.000 18.667
6270.000 17.459
6275.000 15.258
6280.000 14.231
6285.000 13.299
6290.000 12.405
6295.000 10.891
6300.000 10.205
6305.000 9.629
6310.000 8.797
6315.000 8.432
6320.000 8.180
6325.000 7.918
6330.000 7.463
6335.000 7.244
6340.000 7.029
6345.000 6.826
6350.000 6.445
6355.000 6.289
6360.000 6.147
6365.000 5.998
6370.000 5.757
6375.000 5.616
6380.000 5.494
6385.000 5.274
6390.000 5.153
6395.000 5.078
6400.000 4.989
6405.000 4.821
6410.000 4.741
6415.000 4.652
6420.000 4.523
6425.000 4.445
6430.000 4.393
6435.000 4.319
6440.000 4.175
6445.000 4.132
6450.000 4.076
6455.000 3.979
6460.000 3.926
6465.000 3.873
6470.000 3.837
6475.000 3.751
6480.000 3.694
6485.000 3.661
6490.000 3.604
6495.000 3.513
6500.000 3.454
6505.000 3.400
6510.000 3.272
6515.000 3.208
6520.000 3.124
6525.000 3.040
6530.000 2.849
6535.000 2.757
6540.000 2.749
6545.000 5.714
6550.000 14.695
6555.000 25.182
6560.000 34.050
6565.000 29.908
6570.000 20.146
6575.000 8.372
6580.000 3.823
6585.000 3.101
6590.000 2.902
6595.000 3.221
6600.000 2.801
6605.000 2.795
6610.000 2.714
6615.000 2.598
6620.000 2.480
6625.000 2.411
6630.000 2.347
6635.000 2.255
6640.000 2.213
6645.000 2.180
6650.000 2.138
6655.000 2.080
6660.000 2.040
6665.000 2.020
6670.000 1.987
6675.000 1.952
6680.000 1.953
6685.000 1.938
6690.000 1.924
6695.000 1.901
6700.000 1.894
6705.000 1.885
6710.000 1.864
6715.000 1.866
6720.000 1.876
6725.000 1.852
6730.000 1.850
6735.000 1.841
6740.000 1.837
6745.000 1.837
6750.000 1.829
6755.000 1.817
6760.000 1.823
6765.000 1.806
6770.000 1.804
6775.000 1.805
6780.000 1.791
6785.000 1.783
6790.000 1.789
6795.000 1.776
6800.000 1.759
6805.000 1.751
6810.000 1.748
6815.000 1.749
6820.000 1.746
6825.000 1.730
6830.000 1.735
6835.000 1.724
6840.000 1.730
6845.000 1.719
6850.000 1.726
6855.000 1.714
6860.000 1.702
6865.000 1.708
6870.000 1.701
6875.000 1.695
6880.000 1.687
6885.000 1.687
6890.000 1.692
6895.000 1.685
6900.000 1.682
6905.000 1.681
6910.000 1.685
6915.000 1.684
6920.000 1.677
6925.000 1.683
6930.000 1.661
6935.000 1.678
6940.000 1.661
6945.000 1.662
6950.000 1.653
6955.000 1.658
6960.000 1.645
6965.000 1.645
6970.000 1.649
6975.000 1.646
6980.000 1.640
6985.000 1.637
6990.000 1.647
6995.000 1.647
7000.000 1.628
7005.000 1.637
7010.000 1.646
7015.000 1.648
7020.000 1.613
7025.000 1.635
7030.000 1.629
7035.000 1.636
7040.000 1.637
7045.000 1.630
7050.000 1.630
7055.000 1.633
7060.000 1.641
7065.000 1.635
7070.000 1.638
7075.000 1.632
7080.000 1.629
7085.000 1.631
7090.000 1.629
7095.000 1.634
7100.000 1.636
7105.000 1.633
7110.000 1.634
7115.000 1.650
7120.000 1.637
7125.000 1.628
7130.000 1.625
7135.000 1.639
7140.000 1.645
7145.000 1.637
7150.000 1.645
7155.000 1.657
7160.000 1.658
7165.000 1.667
7170.000 1.657
7175.000 1.653
7180.000 1.665
7185.000 1.658
7190.000 1.664
7195.000 1.663
7200.000 1.667
7205.000 1.679
7210.000 1.669
7215.000 1.667
7220.000 1.673
7225.000 1.678
7230.000 1.687
7235.000 1.695
7240.000 1.684
7245.000 1.694
7250.000 1.682
7255.000 1.702
7260.000 1.711
7265.000 1.715
7270.000 1.707
7275.000 1.724
7280.000 1.716
7285.000 1.731
7290.000 1.741
7295.000 1.738
7300.000 1.764
7305.000 1.764
7310.000 1.760
7315.000 1.770
7320.000 1.800
7325.000 1.794
7330.000 1.799
7335.000 1.819
7340.000 1.829
7345.000 1.841
7350.000 1.849
7355.000 1.869
7360.000 1.882
7365.000 1.866
7370.000 1.911
7375.000 1.933
7380.000 1.945
7385.000 1.974
7390.000 1.978
7395.000 1.986
7400.000 2.017
7405.000 2.034
7410.000 2.031
7415.000 2.018
7420.000 1.928
7425.000 1.590
7430.000 1.257
7435.000 0.841
7440.000 0.590
7445.000 0.722
7450.000 1.383
7455.000 4.052
7460.000 10.521
7465.000 8.781
7470.000 6.467
7475.000 5.424
7480.000 4.034
7485.000 3.613
7490.000 3.279
7495.000 3.021
7500.000 2.641
7505.000 2.513
7510.000 2.392
7515.000 2.226
7520.000 2.154
7525.000 2.119
7530.000 2.055
7535.000 1.989
7540.000 1.960
7545.000 1.927
7550.000 1.882
7555.000 1.881
7560.000 1.888
7565.000 1.888
7570.000 1.863
7575.000 1.867
7580.000 1.852
7585.000 1.863
7590.000 1.884
7595.000 1.886
7600.000 1.900
7605.000 1.873
7610.000 1.875
7615.000 1.886
7620.000 1.882
7625.000 1.886
7630.000 1.902
7635.000 1.899
7640.000 1.911
7645.000 1.914
7650.000 1.909
7655.000 1.913
7660.000 1.931
7665.000 1.935
7670.000 1.927
7675.000 1.924
7680.000 1.930
7685.000 1.930
7690.000 1.933
7695.000 1.932
7700.000 1.927
7705.000 1.934
7710.000 1.965
7715.000 1.931
7720.000 1.965
7725.000 1.949
7730.000 1.972
7735.000 1.972
7740.000 1.978
7745.000 1.986
7750.000 1.993
7755.000 1.996
7760.000 2.007
7765.000 2.002
7770.000 2.017
7775.000 2.019
7780.000 2.043
7785.000 2.052
7790.000 2.048
7795.000 2.059
7800.000 2.050
7805.000 2.076
7810.000 2.074
7815.000 2.098
7820.000 2.112
7825.000 2.118
7830.000 2.138
7835.000 2.155
7840.000 2.177
7845.000 2.195
7850.000 2.178
7855.000 2.188
7860.000 2.239
7865.000 2.234
7870.000 2.253
7875.000 2.298
7880.000 2.327
7885.000 2.337
7890.000 2.363
7895.000 2.404
7900.000 2.416
7905.000 2.470
7910.000 2.523
7915.000 2.567
7920.000 2.601
7925.000 2.613
7930.000 2.722
7935.000 2.759
7940.000 2.816
7945.000 2.919
7950.000 2.974
7955.000 3.057
7960.000 3.138
7965.000 3.314
7970.000 3.463
7975.000 3.635
7980.000 3.766
7985.000 4.277
7990.000 4.485
7995.000 4.862
8000.000 5.891
8005.000 6.697
8010.000 7.791
8015.000 9.317
8020.000 14.608
8025.000 18.583
8030.000 23.263
8035.000 34.605
8040.000 40.611
8045.000 44.173
8050.000 38.977
8055.000 14.839
8060.000 5.775
8065.000 5.168
8070.000 3.831
8075.000 3.271
8080.000 2.975
8085.000 2.600
8090.000 2.041
8095.000 1.861
8100.000 1.691
8105.000 1.561
8110.000 1.372
8115.000 1.294
8120.000 1.246
8125.000 1.164
8130.000 1.123
8135.000 1.080
8140.000 1.076
8145.000 1.045
8150.000 1.024
8155.000 0.998
8160.000 1.011
8165.000 0.996
8170.000 0.995
8175.000 0.990
8180.000 0.997
8185.000 0.999
8190.000 0.992
8195.000 1.001
8200.000 1.023
8205.000 1.019
8210.000 1.021
8215.000 1.031
8220.000 1.033
8225.000 1.028
8230.000 1.044
8235.000 1.055
8240.000 1.069
8245.000 1.069
8250.000 1.081
8255.000 1.088
8260.000 1.090
8265.000 1.096
8270.000 1.116
8275.000 1.128
8280.000 1.138
8285.000 1.134
8290.000 1.161
8295.000 1.181
8300.000 1.185
8305.000 1.206
8310.000 1.212
8315.000 1.214
8320.000 1.230
8325.000 1.256
8330.000 1.263
8335.000 1.273
8340.000 1.293
8345.000 1.297
8350.000 1.328
8355.000 1.345
8360.000 1.357
8365.000 1.376
8370.000 1.383
8375.000 1.401
8380.000 1.424
8385.000 1.440
8390.000 1.463
8395.000 1.489
8400.000 1.506
8405.000 1.531
8410.000 1.551
8415.000 1.577
8420.000 1.603
8425.000 1.614
8430.000 1.654
8435.000 1.673
8440.000 1.702
8445.000 1.712
8450.000 1.751
8455.000 1.761
8460.000 1.764
8465.000 1.779
8470.000 1.770
8475.000 1.756
8480.000 1.712
8485.000 1.594
8490.000 1.547
8495.000 1.434
8500.000 1.359
8505.000 2.097
8510.000 4.518
8515.000 13.426
8520.000 33.697
8525.000 35.019
8530.000 15.492
8535.000 18.694
8540.000 16.558
8545.000 15.879
8550.000 15.348
8555.000 15.799
8560.000 16.392
8565.000 17.681
8570.000 18.666
8575.000 21.178
8580.000 22.604
8585.000 24.029
8590.000 25.680
8595.000 29.604
8600.000 32.055
8605.000 34.799
8610.000 40.287
8615.000 42.521
8620.000 44.058
8625.000 44.254
8630.000 37.783
8635.000 30.983
8640.000 24.358
8645.000 19.133
8650.000 13.415
8655.000 13.543
8660.000 14.796
8665.000 15.993
8670.000 14.986
8675.000 13.635
8680.000 12.433
8685.000 10.359
8690.000 9.545
8695.000 8.819
8700.000 7.641
8705.000 7.174
8710.000 6.786
8715.000 6.437
8720.000 5.927
8725.000 5.671
8730.000 5.492
8735.000 5.153
8740.000 4.999
8745.000 4.838
8750.000 4.676
8755.000 4.354
8760.000 4.196
8765.000 4.064
8770.000 3.951
8775.000 3.732
8780.000 3.628
8785.000 3.545
8790.000 3.603
8795.000 3.535
8800.000 3.442
8805.000 3.337
8810.000 3.146
8815.000 3.066
8820.000 3.010
8825.000 2.882
8830.000 2.817
8835.000 2.771
8840.000 2.719
8845.000 2.637
8850.000 2.596
8855.000 2.572
8860.000 2.504
8865.000 2.477
8870.000 2.464
8875.000 2.427
8880.000 2.361
8885.000 2.341
8890.000 2.317
8895.000 2.274
8900.000 2.252
8905.000 2.242
8910.000 2.218
8915.000 2.177
8920.000 2.162
8925.000 2.150
8930.000 2.134
8935.000 2.102
8940.000 2.088
8945.000 2.078
8950.000 2.052
8955.000 2.033
8960.000 2.019
8965.000 2.010
8970.000 1.995
8975.000 1.977
8980.000 1.962
8985.000 1.962
8990.000 1.932
8995.000 1.924
9000.000 1.904
9005.000 1.897
9010.000 1.899
9015.000 1.888
9020.000 1.864
9025.000 1.858
9030.000 1.872
9035.000 1.842
9040.000 1.841
9045.000 1.830
9050.000 1.811
9055.000 1.800
9060.000 1.792
9065.000 1.798
9070.000 1.795
9075.000 1.789
9080.000 1.778
9085.000 1.772
9090.000 1.766
9095.000 1.766
9100.000 1.759
9105.000 1.749
9110.000 1.741
9115.000 1.735
9120.000 1.736
9125.000 1.729
9130.000 1.712
9135.000 1.711
9140.000 1.708
9145.000 1.710
9150.000 1.690
9155.000 1.691
9160.000 1.693
9165.000 1.701
9170.000 1.690
9175.000 1.687
9180.000 1.681
9185.000 1.683
9190.000 1.681
9195.000 1.673
9200.000 1.670
9205.000 1.662
9210.000 1.657
9215.000 1.667
9220.000 1.666
9225.000 1.652
9230.000 1.651
9235.000 1.653
9240.000 1.663
9245.000 1.659
9250.000 1.656
9255.000 1.642
9260.000 1.654
9265.000 1.656
9270.000 1.650
9275.000 1.655
9280.000 1.662
9285.000 1.656
9290.000 1.642
9295.000 1.647
9300.000 1.647
9305.000 1.646
9310.000 1.644
9315.000 1.654
9320.000 1.653
9325.000 1.646
9330.000 1.665
9335.000 1.653
9340.000 1.665
9345.000 1.675
9350.000 1.666
9355.000 1.683
9360.000 1.684
9365.000 1.693
9370.000 1.700
9375.000 1.704
9380.000 1.711
9385.000 1.728
9390.000 1.731
9395.000 1.752
9400.000 1.779
9405.000 1.799
9410.000 1.837
9415.000 1.860
9420.000 1.996
9425.000 2.077
9430.000 2.236
9435.000 2.864
9440.000 3.544
9445.000 4.823
9450.000 6.968
9455.000 13.006
9460.000 14.198
9465.000 12.695
9470.000 8.855
9475.000 5.885
9480.000 2.522
9485.000 3.572
9490.000 2.565
9495.000 2.419
9500.000 2.308
9505.000 2.201
9510.000 2.046
9515.000 1.989
9520.000 1.951
9525.000 1.856
9530.000 1.809
9535.000 1.789
9540.000 1.760
9545.000 1.705
9550.000 1.690
9555.000 1.689
9560.000 1.669
9565.000 1.663
9570.000 1.669
9575.000 1.686
9580.000 1.686
9585.000 1.681
9590.000 1.700
9595.000 1.700
9600.000 1.712
9605.000 1.718
9610.000 1.710
9615.000 1.730
9620.000 1.738
9625.000 1.746
9630.000 1.752
9635.000 1.780
9640.000 1.776
9645.000 1.788
9650.000 1.791
9655.000 1.816
9660.000 1.832
9665.000 1.839
9670.000 1.854
9675.000 1.884
9680.000 1.889
9685.000 1.936
9690.000 1.950
9695.000 1.984
9700.000 2.003
9705.000 2.066
9710.000 2.091
9715.000 2.105
9720.000 2.133
9725.000 2.240
9730.000 2.280
9735.000 2.318
9740.000 2.379
9745.000 2.518
9750.000 2.634
9755.000 2.769
9760.000 3.102
9765.000 3.314
9770.000 3.610
9775.000 3.910
9780.000 4.799
9785.000 5.254
9790.000 5.655
9795.000 5.585
9800.000 5.033
9805.000 4.348
9810.000 3.667
9815.000 2.690
9820.000 2.359
9825.000 2.139
9830.000 1.781
9835.000 1.745
9840.000 1.983
9845.000 2.675
9850.000 6.126
9855.000 7.789
9860.000 8.492
9865.000 8.095
9870.000 6.218
9875.000 5.477
9880.000 4.897
9885.000 4.005
9890.000 3.703
9895.000 3.434
9900.000 3.229
9905.000 2.901
9910.000 2.755
9915.000 2.662
9920.000 2.508
9925.000 2.444
9930.000 2.412
9935.000 2.373
9940.000 2.330
9945.000 2.327
9950.000 2.284
9955.000 2.279
9960.000 2.276
9965.000 2.243
9970.000 2.250
9975.000 2.229
9980.000 2.228
9985.000 2.211
9990.000 2.221
9995.000 2.220
10000.000 2.219
