105.000 0.104
110.000 0.203
115.000 0.613
120.000 0.695
130.000 0.807
135.000 0.786
140.000 0.789
150.000 0.763
155.000 0.731
160.000 0.640
165.000 0.807
170.000 0.686
175.000 0.747
180.000 0.612
185.000 0.595
190.000 0.605
195.000 0.484
200.000 0.388
205.000 0.374
210.000 0.462
215.000 0.392
220.000 0.247
225.000 0.172
230.000 0.286
235.000 0.323
240.000 0.260
245.000 0.293
250.000 0.342
255.000 0.124
260.000 0.188
265.000 0.120
270.000 0.126
275.000 0.101
280.000 0.157
285.000 0.150
290.000 0.217
295.000 0.232
300.000 0.289
305.000 0.469
310.000 0.552
315.000 0.575
320.000 0.879
325.000 0.874
330.000 0.865
335.000 1.030
340.000 1.165
345.000 1.340
350.000 1.548
355.000 1.782
360.000 1.882
365.000 2.014
370.000 2.226
375.000 2.628
380.000 3.066
385.000 3.508
390.000 3.764
395.000 4.256
400.000 4.785
405.000 5.083
410.000 5.374
415.000 5.768
420.000 6.163
425.000 6.473
430.000 6.673
435.000 6.482
440.000 6.667
445.000 6.788
450.000 6.498
455.000 6.221
460.000 5.947
465.000 5.977
470.000 5.816
475.000 5.587
480.000 5.322
485.000 4.962
490.000 4.802
495.000 5.044
500.000 4.845
505.000 4.470
510.000 4.087
515.000 3.985
520.000 3.754
525.000 3.563
535.000 2.321
540.000 2.224
545.000 2.106
550.000 1.967
555.000 2.051
560.000 1.970
565.000 1.880
570.000 1.922
575.000 1.857
580.000 1.815
585.000 1.823
590.000 1.853
595.000 1.725
600.000 1.749
605.000 1.724
615.000 1.769
620.000 1.695
625.000 1.662
630.000 1.780
635.000 1.708
640.000 1.715
645.000 1.721
650.000 1.650
655.000 1.624
660.000 1.559
665.000 1.658
670.000 1.605
675.000 1.584
680.000 1.522
685.000 1.447
690.000 1.529
695.000 1.561
700.000 1.558
705.000 1.508
710.000 1.604
715.000 1.436
720.000 1.479
725.000 1.509
730.000 1.533
735.000 1.455
740.000 1.425
745.000 1.447
750.000 1.518
755.000 1.440
760.000 1.453
765.000 1.453
770.000 1.455
775.000 1.424
780.000 1.433
785.000 1.400
790.000 1.377
795.000 1.459
800.000 1.440
805.000 1.423
810.000 1.427
815.000 1.388
820.000 1.420
825.000 1.388
830.000 1.391
835.000 1.426
840.000 1.464
845.000 1.603
850.000 1.430
855.000 1.411
860.000 1.440
865.000 1.391
870.000 1.396
875.000 1.306
880.000 1.369
885.000 1.287
890.000 1.375
895.000 1.417
900.000 1.399
905.000 1.353
910.000 1.370
915.000 1.371
920.000 1.370
925.000 1.422
930.000 1.372
935.000 1.315
940.000 1.314
945.000 1.248
950.000 1.275
955.000 1.288
960.000 1.394
965.000 1.415
970.000 1.304
975.000 1.320
980.000 1.380
985.000 1.458
990.000 1.359
995.000 1.284
1000.000 1.290
1005.000 1.502
1010.000 1.302
1015.000 1.302
1020.000 1.195
1025.000 1.375
1030.000 1.404
1035.000 1.265
1040.000 1.463
1045.000 1.365
1050.000 1.338
1055.000 1.225
1060.000 1.353
1065.000 1.260
1070.000 1.188
1075.000 1.276
1080.000 1.268
1085.000 1.321
1090.000 1.256
1095.000 1.224
1100.000 1.258
1105.000 1.325
1110.000 1.288
1115.000 1.240
1120.000 1.294
1125.000 1.186
1130.000 1.285
1135.000 1.208
1140.000 1.195
1145.000 1.247
1150.000 1.232
1155.000 1.217
1160.000 1.233
1165.000 1.201
1170.000 1.265
1175.000 1.215
1180.000 1.215
1185.000 1.287
1190.000 1.240
1195.000 1.193
1200.000 1.224
1205.000 1.231
1210.000 1.195
1215.000 1.161
1220.000 1.187
1225.000 1.237
1230.000 1.252
1235.000 1.176
1240.000 1.173
1245.000 1.163
1250.000 1.273
1255.000 1.191
1260.000 1.206
1265.000 1.154
1270.000 1.220
1275.000 1.212
1280.000 1.195
1285.000 1.140
1290.000 1.176
1295.000 1.152
1300.000 1.200
1305.000 1.228
1310.000 1.242
1315.000 1.233
1320.000 1.199
1325.000 1.160
1330.000 1.160
1335.000 1.123
1340.000 1.136
1345.000 1.171
1350.000 1.113
1355.000 1.194
1360.000 1.168
1365.000 1.115
1370.000 1.169
1375.000 1.120
1380.000 1.122
1385.000 1.137
1390.000 1.093
1395.000 1.158
1400.000 1.198
1405.000 1.222
1410.000 1.185
1415.000 1.163
1420.000 1.172
1425.000 1.174
1430.000 1.164
1435.000 1.146
1440.000 1.126
1445.000 1.178
1450.000 1.148
1455.000 1.143
1460.000 1.097
1465.000 1.119
1470.000 1.138
1475.000 1.137
1480.000 1.119
1485.000 1.086
1490.000 1.078
1495.000 1.062
1500.000 1.046
1505.000 1.107
1510.000 1.080
1515.000 1.072
1520.000 1.017
1525.000 1.017
1530.000 1.068
1535.000 1.040
1540.000 1.026
1545.000 1.000
1550.000 1.029
1555.000 1.053
1560.000 1.039
1565.000 1.013
1570.000 1.036
1575.000 1.006
1580.000 0.982
1585.000 1.011
1590.000 0.986
1595.000 0.946
1600.000 0.995
1605.000 0.984
1610.000 0.984
1615.000 0.975
1620.000 0.954
1625.000 0.931
1630.000 0.923
1635.000 0.977
1640.000 0.976
1645.000 0.951
1650.000 0.905
1655.000 0.965
1660.000 0.952
1665.000 1.042
1670.000 1.015
1675.000 1.013
1680.000 1.013
1685.000 0.994
1690.000 0.970
1695.000 1.003
1700.000 0.977
1705.000 0.995
1710.000 0.969
1715.000 1.005
1720.000 1.011
1725.000 1.073
1730.000 1.026
1735.000 1.070
1740.000 1.070
1745.000 1.056
1750.000 1.096
1755.000 1.178
1760.000 1.173
1765.000 1.201
1770.000 1.205
1775.000 1.209
1780.000 1.206
1785.000 1.288
1790.000 1.335
1795.000 1.345
1800.000 1.391
1805.000 1.366
1810.000 1.495
1815.000 1.516
1820.000 1.525
1825.000 1.516
1830.000 1.564
1835.000 1.590
1840.000 1.656
1845.000 1.651
1850.000 1.622
1855.000 1.722
1860.000 1.843
1865.000 1.821
1870.000 1.802
1875.000 1.827
1880.000 1.875
1885.000 1.902
1890.000 1.844
1895.000 1.940
1900.000 1.975
1905.000 1.974
1910.000 2.053
1915.000 2.035
1920.000 1.996
1925.000 1.990
1930.000 2.034
1935.000 2.004
1940.000 2.101
1945.000 2.059
1950.000 2.048
1955.000 2.054
1960.000 2.060
1965.000 2.042
1970.000 2.047
1975.000 2.051
1980.000 2.011
1985.000 2.011
1990.000 2.103
1995.000 2.161
2000.000 2.080
2005.000 2.073
2010.000 2.105
2015.000 2.154
2020.000 2.072
2025.000 2.081
2030.000 1.951
2035.000 2.100
2040.000 2.152
2045.000 2.120
2050.000 2.077
2055.000 2.016
2060.000 2.007
2065.000 2.078
2070.000 2.080
2075.000 2.051
2080.000 2.048
2085.000 2.052
2090.000 2.066
2095.000 2.029
2100.000 2.017
2105.000 2.057
2110.000 2.057
2115.000 2.000
2120.000 1.942
2125.000 1.988
2130.000 1.999
2135.000 2.072
2140.000 1.999
2145.000 2.028
2150.000 2.093
2155.000 2.046
2160.000 2.050
2165.000 2.095
2170.000 2.051
2175.000 2.030
2180.000 2.108
2185.000 2.121
2190.000 2.217
2195.000 2.117
2200.000 2.148
2205.000 2.187
2210.000 2.185
2215.000 2.220
2220.000 2.254
2225.000 2.238
2230.000 2.306
2235.000 2.306
2240.000 2.369
2245.000 2.368
2250.000 2.430
2255.000 2.488
2260.000 2.515
2265.000 2.585
2270.000 2.619
2275.000 2.797
2280.000 2.771
2285.000 2.723
2290.000 2.583
2295.000 1.762
2300.000 3.853
2305.000 32.031
2310.000 44.489
2315.000 46.553
2320.000 23.910
2325.000 9.706
2330.000 3.832
2335.000 2.992
2340.000 2.019
2345.000 1.263
2350.000 1.052
2355.000 0.924
2360.000 0.818
2365.000 0.769
2370.000 0.769
2375.000 0.777
2380.000 0.748
2385.000 0.730
2390.000 0.733
2395.000 0.770
2400.000 0.789
2405.000 0.766
2410.000 0.738
2415.000 0.774
2420.000 0.756
2425.000 0.774
2430.000 0.799
2435.000 0.807
2440.000 0.800
2445.000 0.815
2450.000 0.809
2455.000 0.806
2460.000 0.804
2465.000 0.827
2470.000 0.808
2475.000 0.823
2480.000 0.813
2485.000 0.839
2490.000 0.871
2495.000 0.839
2500.000 0.868
2505.000 0.837
2510.000 0.882
2515.000 0.862
2520.000 0.868
2525.000 0.876
2530.000 0.857
2535.000 0.857
2540.000 0.879
2545.000 0.854
2550.000 0.858
2555.000 0.892
2560.000 0.862
2565.000 0.876
2570.000 0.881
2575.000 0.886
2580.000 0.884
2585.000 0.887
2590.000 0.881
2595.000 0.890
2600.000 0.882
2605.000 0.880
2610.000 0.903
2615.000 0.883
2620.000 0.904
2625.000 0.882
2630.000 0.886
2635.000 0.901
2640.000 0.877
2645.000 0.895
2650.000 0.913
2655.000 0.910
2660.000 0.875
2665.000 0.889
2670.000 0.891
2675.000 0.881
2680.000 0.911
2685.000 0.903
2690.000 0.878
2695.000 0.925
2700.000 0.902
2705.000 0.903
2710.000 0.901
2715.000 0.899
2720.000 0.900
2725.000 0.939
2730.000 0.954
2735.000 0.916
2740.000 0.922
2745.000 0.917
2750.000 0.931
2755.000 0.944
2760.000 0.932
2765.000 0.948
2770.000 0.935
2775.000 0.962
2780.000 0.934
2785.000 0.963
2790.000 0.966
2795.000 0.971
2800.000 0.992
2805.000 0.979
2810.000 1.004
2815.000 0.999
2820.000 1.021
2825.000 1.048
2830.000 1.044
2835.000 1.067
2840.000 1.042
2845.000 1.089
2850.000 1.057
2855.000 1.097
2860.000 1.119
2865.000 1.168
2870.000 1.148
2875.000 1.156
2880.000 1.177
2885.000 1.211
2890.000 1.200
2895.000 1.200
2900.000 1.222
2905.000 1.239
2910.000 1.251
2915.000 1.284
2920.000 1.310
2925.000 1.326
2930.000 1.315
2935.000 1.318
2940.000 1.336
2945.000 1.383
2950.000 1.344
2955.000 1.406
2960.000 1.400
2965.000 1.398
2970.000 1.395
2975.000 1.429
2980.000 1.395
2985.000 1.429
2990.000 1.483
2995.000 1.502
3000.000 1.418
3005.000 1.520
3010.000 1.530
3015.000 1.560
3020.000 1.531
3025.000 1.528
3030.000 1.500
3035.000 1.460
3040.000 1.575
3045.000 1.575
3050.000 1.519
3055.000 1.536
3060.000 1.549
3065.000 1.598
3070.000 1.661
3075.000 1.590
3080.000 1.631
3085.000 1.645
3090.000 1.675
3095.000 1.628
3100.000 1.652
3105.000 1.669
3110.000 1.632
3115.000 1.670
3120.000 1.658
3125.000 1.670
3130.000 1.702
3135.000 1.690
3140.000 1.732
3145.000 1.740
3150.000 1.715
3155.000 1.735
3160.000 1.747
3165.000 1.765
3170.000 1.765
3175.000 1.808
3180.000 1.794
3185.000 1.844
3190.000 1.853
3195.000 1.804
3200.000 1.832
3205.000 1.849
3210.000 1.887
3215.000 1.873
3220.000 1.911
3225.000 1.860
3230.000 1.914
3235.000 1.911
3240.000 1.927
3245.000 1.925
3250.000 1.968
3255.000 1.946
3260.000 2.003
3265.000 2.036
3270.000 2.009
3275.000 2.021
3280.000 2.034
3285.000 2.053
3290.000 2.053
3295.000 2.060
3300.000 2.105
3305.000 2.128
3310.000 2.112
3315.000 2.144
3320.000 2.165
3325.000 2.153
3330.000 2.176
3335.000 2.187
3340.000 2.214
3345.000 2.232
3350.000 2.285
3355.000 2.294
3360.000 2.320
3365.000 2.340
3370.000 2.400
3375.000 2.408
3380.000 2.402
3385.000 2.454
3390.000 2.479
3395.000 2.487
3400.000 2.521
3405.000 2.571
3410.000 2.584
3415.000 2.609
3420.000 2.612
3425.000 2.643
3430.000 2.676
3435.000 2.695
3440.000 2.755
3445.000 2.790
3450.000 2.801
3455.000 2.870
3460.000 2.884
3465.000 2.904
3470.000 2.928
3475.000 2.988
3480.000 3.002
3485.000 3.036
3490.000 3.055
3495.000 3.132
3500.000 3.160
3505.000 3.240
3510.000 3.291
3515.000 3.334
3520.000 3.377
3525.000 3.404
3530.000 3.547
3535.000 3.589
3540.000 3.652
3545.000 3.813
3550.000 3.865
3555.000 3.955
3560.000 4.003
3565.000 4.219
3570.000 4.274
3575.000 4.381
3580.000 4.447
3585.000 4.705
3590.000 4.848
3595.000 4.968
3600.000 5.283
3605.000 5.443
3610.000 5.634
3615.000 5.789
3620.000 6.229
3625.000 6.455
3630.000 6.779
3635.000 7.205
3640.000 8.182
3645.000 8.773
3650.000 10.432
3655.000 11.541
3660.000 12.914
3665.000 14.627
3670.000 16.787
3675.000 22.454
3680.000 26.102
3685.000 31.297
3690.000 52.281
3695.000 62.585
3700.000 65.744
3705.000 60.479
3710.000 31.564
3715.000 25.118
3720.000 19.654
3725.000 13.284
3730.000 11.053
3735.000 9.565
3740.000 8.335
3745.000 6.653
3750.000 5.798
3755.000 5.370
3760.000 4.796
3765.000 3.905
3770.000 3.630
3775.000 3.508
3780.000 3.110
3785.000 2.670
3790.000 2.757
3795.000 2.426
3800.000 2.210
3805.000 2.225
3810.000 1.742
3815.000 1.790
3820.000 1.852
3825.000 1.550
3830.000 1.316
3835.000 1.533
3840.000 1.353
3845.000 0.989
3850.000 1.328
3855.000 0.830
3860.000 0.781
3865.000 0.744
3870.000 1.042
3875.000 0.857
3880.000 0.898
3885.000 0.852
3890.000 0.887
3895.000 0.832
3900.000 0.749
3905.000 0.673
3910.000 0.691
3915.000 0.660
3920.000 0.578
3925.000 0.576
3930.000 0.558
3935.000 0.528
3940.000 0.548
3945.000 0.481
3950.000 0.474
3955.000 0.477
3960.000 0.456
3965.000 0.428
3970.000 0.439
3975.000 0.399
3980.000 0.385
3985.000 0.285
3990.000 0.309
3995.000 0.315
4000.000 0.255
4005.000 0.316
4010.000 0.271
4015.000 0.233
4020.000 0.237
4025.000 0.286
4030.000 0.257
4035.000 0.219
4040.000 0.267
4045.000 0.242
4050.000 0.265
4055.000 0.263
4060.000 0.233
4065.000 0.225
4070.000 0.224
4075.000 0.244
4080.000 0.230
4085.000 0.241
4090.000 0.239
4095.000 0.224
4100.000 0.240
4105.000 0.252
4110.000 0.239
4115.000 0.251
4120.000 0.240
4125.000 0.249
4130.000 0.262
4135.000 0.246
4140.000 0.257
4145.000 0.275
4150.000 0.271
4155.000 0.269
4160.000 0.301
4165.000 0.265
4170.000 0.304
4175.000 0.297
4180.000 0.290
4185.000 0.300
4190.000 0.306
4195.000 0.334
4200.000 0.323
4205.000 0.333
4210.000 0.327
4215.000 0.333
4220.000 0.340
4225.000 0.351
4230.000 0.318
4235.000 0.349
4240.000 0.378
4245.000 0.370
4250.000 0.368
4255.000 0.368
4260.000 0.380
4265.000 0.380
4270.000 0.405
4275.000 0.391
4280.000 0.391
4285.000 0.394
4290.000 0.386
4295.000 0.367
4300.000 0.371
4305.000 0.391
4310.000 0.386
4315.000 0.387
4320.000 0.363
4325.000 0.383
4330.000 0.363
4335.000 0.361
4340.000 0.364
4345.000 0.371
4350.000 0.342
4355.000 0.358
4360.000 0.354
4365.000 0.352
4370.000 0.336
4375.000 0.340
4380.000 0.324
4385.000 0.370
4390.000 0.347
4395.000 0.329
4400.000 0.340
4405.000 0.335
4410.000 0.347
4415.000 0.342
4420.000 0.338
4425.000 0.333
4430.000 0.330
4435.000 0.340
4440.000 0.320
4445.000 0.342
4450.000 0.323
4455.000 0.321
4460.000 0.318
4465.000 0.318
4470.000 0.316
4475.000 0.317
4480.000 0.308
4485.000 0.313
4490.000 0.312
4495.000 0.300
4500.000 0.316
4505.000 0.315
4510.000 0.294
4515.000 0.299
4520.000 0.292
4525.000 0.289
4530.000 0.299
4535.000 0.296
4540.000 0.280
4545.000 0.275
4550.000 0.277
4555.000 0.293
4560.000 0.274
4565.000 0.280
4570.000 0.286
4575.000 0.267
4580.000 0.251
4585.000 0.268
4590.000 0.254
4595.000 0.266
4600.000 0.246
4605.000 0.256
4610.000 0.263
4615.000 0.236
4620.000 0.247
4625.000 0.230
4630.000 0.229
4635.000 0.233
4640.000 0.226
4645.000 0.228
4650.000 0.221
4655.000 0.217
4660.000 0.218
4665.000 0.207
4670.000 0.195
4675.000 0.186
4680.000 0.203
4685.000 0.169
4690.000 0.180
4695.000 0.176
4700.000 0.167
4705.000 0.176
4710.000 0.174
4715.000 0.167
4720.000 0.170
4725.000 0.164
4730.000 0.165
4735.000 0.176
4740.000 0.173
4745.000 0.179
4750.000 0.200
4755.000 0.205
4760.000 0.220
4765.000 0.229
4770.000 0.243
4775.000 0.262
4780.000 0.276
4785.000 0.301
4790.000 0.319
4795.000 0.352
4800.000 0.369
4805.000 0.404
4810.000 0.439
4815.000 0.461
4820.000 0.488
4825.000 0.546
4830.000 0.589
4835.000 0.616
4840.000 0.707
4845.000 0.759
4850.000 0.798
4855.000 0.863
4860.000 0.959
4865.000 1.039
4870.000 1.119
4875.000 1.273
4880.000 1.383
4885.000 1.469
4890.000 1.608
4895.000 1.960
4900.000 2.180
4905.000 2.457
4910.000 3.241
4915.000 3.826
4920.000 4.654
4925.000 5.663
4930.000 8.691
4935.000 10.713
4940.000 13.046
4945.000 15.868
4950.000 23.912
4955.000 29.687
4960.000 35.646
4965.000 39.225
4970.000 13.549
4975.000 43.235
4980.000 41.710
4985.000 39.580
4990.000 27.792
4995.000 21.870
5000.000 19.692
5005.000 14.486
5010.000 12.930
5015.000 11.237
5020.000 9.066
5025.000 8.167
5030.000 7.462
5035.000 6.850
5040.000 5.852
5045.000 5.436
5050.000 5.087
5055.000 4.508
5060.000 4.288
5065.000 4.071
5070.000 3.862
5075.000 3.546
5080.000 3.430
5085.000 3.174
5090.000 3.174
5095.000 2.978
5100.000 2.907
5105.000 2.730
5110.000 2.708
5115.000 2.669
5120.000 2.605
5125.000 2.536
5130.000 2.451
5135.000 2.436
5140.000 2.383
5145.000 2.322
5150.000 2.280
5155.000 2.263
5160.000 2.226
5165.000 2.210
5170.000 2.185
5175.000 2.165
5180.000 2.119
5185.000 2.100
5190.000 2.081
5195.000 2.057
5200.000 2.047
5205.000 2.035
5210.000 2.005
5215.000 1.994
5220.000 1.981
5225.000 1.951
5230.000 1.942
5235.000 1.936
5240.000 1.906
5245.000 1.886
5250.000 1.884
5255.000 1.872
5260.000 1.862
5265.000 1.852
5270.000 1.836
5275.000 1.804
5280.000 1.797
5285.000 1.783
5290.000 1.766
5295.000 1.747
5300.000 1.734
5305.000 1.737
5310.000 1.714
5315.000 1.693
5320.000 1.682
5325.000 1.680
5330.000 1.661
5335.000 1.637
5340.000 1.640
5345.000 1.637
5350.000 1.607
5355.000 1.608
5360.000 1.593
5365.000 1.570
5370.000 1.564
5375.000 1.552
5380.000 1.550
5385.000 1.533
5390.000 1.519
5395.000 1.509
5400.000 1.486
5405.000 1.468
5410.000 1.464
5415.000 1.454
5420.000 1.429
5425.000 1.436
5430.000 1.418
5435.000 1.411
5440.000 1.383
5445.000 1.400
5450.000 1.380
5455.000 1.356
5460.000 1.356
5465.000 1.340
5470.000 1.323
5475.000 1.316
5480.000 1.317
5485.000 1.295
5490.000 1.296
5495.000 1.280
5500.000 1.271
5505.000 1.253
5510.000 1.249
5515.000 1.243
5520.000 1.239
5525.000 1.243
5530.000 1.216
5535.000 1.204
5540.000 1.190
5545.000 1.185
5550.000 1.185
5555.000 1.191
5560.000 1.163
5565.000 1.156
5570.000 1.156
5575.000 1.133
5580.000 1.122
5585.000 1.116
5590.000 1.115
5595.000 1.102
5600.000 1.101
5605.000 1.108
5610.000 1.090
5615.000 1.077
5620.000 1.074
5625.000 1.071
5630.000 1.059
5635.000 1.053
5640.000 1.041
5645.000 1.027
5650.000 1.024
5655.000 1.021
5660.000 1.022
5665.000 1.014
5670.000 1.011
5675.000 1.005
5680.000 0.985
5685.000 0.990
5690.000 0.989
5695.000 0.980
5700.000 0.966
5705.000 0.951
5710.000 0.956
5715.000 0.950
5720.000 0.935
5725.000 0.938
5730.000 0.930
5735.000 0.923
5740.000 0.920
5745.000 0.914
5750.000 0.893
5755.000 0.891
5760.000 0.883
5765.000 0.894
5770.000 0.885
5775.000 0.880
5780.000 0.863
5785.000 0.858
5790.000 0.848
5795.000 0.858
5800.000 0.851
5805.000 0.834
5810.000 0.831
5815.000 0.820
5820.000 0.833
5825.000 0.814
5830.000 0.803
5835.000 0.809
5840.000 0.794
5845.000 0.783
5850.000 0.779
5855.000 0.782
5860.000 0.765
5865.000 0.783
5870.000 0.759
5875.000 0.771
5880.000 0.740
5885.000 0.756
5890.000 0.737
5895.000 0.740
5900.000 0.711
5905.000 0.713
5910.000 0.712
5915.000 0.705
5920.000 0.692
5925.000 0.688
5930.000 0.695
5935.000 0.691
5940.000 0.690
5945.000 0.693
5950.000 0.683
5955.000 0.670
5960.000 0.680
5965.000 0.669
5970.000 0.677
5975.000 0.675
5980.000 0.702
5985.000 0.676
5990.000 0.696
5995.000 0.725
6000.000 0.703
6005.000 0.719
6010.000 0.751
6015.000 0.753
6020.000 0.795
6025.000 0.804
6030.000 0.853
6035.000 0.898
6040.000 0.944
6045.000 1.012
6050.000 1.044
6055.000 1.171
6060.000 1.171
6065.000 1.318
6070.000 1.387
6075.000 1.515
6080.000 1.770
6085.000 1.882
6090.000 2.025
6095.000 2.217
6100.000 2.706
6105.000 3.006
6110.000 3.279
6115.000 3.889
6120.000 4.223
6125.000 4.622
6130.000 5.106
6135.000 6.315
6140.000 7.017
6145.000 7.850
6150.000 9.782
6155.000 10.971
6160.000 12.338
6165.000 13.810
6170.000 17.245
6175.000 19.162
6180.000 23.821
6185.000 23.821
6190.000 29.732
6195.000 33.396
6200.000 37.790
6205.000 46.874
6210.000 51.194
6215.000 54.932
6220.000 58.391
6225.000 56.526
6230.000 51.482
6235.000 44.358
6240.000 33.802
6245.000 29.828
6250.000 26.433
6255.000 23.301
6260.000 18.213
6265.000 16.021
6270.000 14.095
6275.000 10.915
6280.000 9.715
6285.000 8.729
6290.000 7.897
6295.000 6.680
6300.000 6.225
6305.000 5.505
6310.000 5.223
6315.000 4.969
6320.000 4.775
6325.000 4.576
6330.000 4.266
6335.000 4.099
6340.000 4.004
6345.000 3.899
6350.000 3.723
6355.000 3.645
6360.000 3.566
6365.000 3.498
6370.000 3.363
6375.000 3.318
6380.000 3.246
6385.000 3.164
6390.000 3.120
6395.000 3.087
6400.000 3.046
6405.000 2.993
6410.000 2.958
6415.000 2.940
6420.000 2.889
6425.000 2.867
6430.000 2.865
6435.000 2.864
6440.000 2.827
6445.000 2.816
6450.000 2.820
6455.000 2.782
6460.000 2.779
6465.000 2.783
6470.000 2.761
6475.000 2.768
6480.000 2.788
6485.000 2.784
6490.000 2.798
6495.000 2.823
6500.000 2.827
6505.000 2.880
6510.000 2.900
6515.000 2.936
6520.000 3.000
6525.000 3.050
6530.000 3.179
6535.000 3.283
6540.000 3.426
6545.000 4.401
6550.000 7.473
6555.000 20.229
6560.000 45.324
6565.000 43.155
6570.000 24.602
6575.000 13.384
6580.000 8.287
6585.000 2.886
6590.000 1.913
6595.000 2.057
6600.000 2.021
6605.000 1.897
6610.000 1.968
6615.000 1.970
6620.000 1.941
6625.000 1.928
6630.000 1.910
6635.000 1.886
6640.000 1.872
6645.000 1.862
6650.000 1.836
6655.000 1.822
6660.000 1.824
6665.000 1.813
6670.000 1.801
6675.000 1.793
6680.000 1.789
6685.000 1.781
6690.000 1.787
6695.000 1.782
6700.000 1.761
6705.000 1.762
6710.000 1.774
6715.000 1.770
6720.000 1.774
6725.000 1.765
6730.000 1.767
6735.000 1.769
6740.000 1.777
6745.000 1.774
6750.000 1.765
6755.000 1.778
6760.000 1.783
6765.000 1.784
6770.000 1.778
6775.000 1.781
6780.000 1.789
6785.000 1.793
6790.000 1.795
6795.000 1.801
6800.000 1.817
6805.000 1.813
6810.000 1.817
6815.000 1.825
6820.000 1.823
6825.000 1.824
6830.000 1.806
6835.000 1.811
6840.000 1.834
6845.000 1.832
6850.000 1.827
6855.000 1.826
6860.000 1.843
6865.000 1.850
6870.000 1.855
6875.000 1.860
6880.000 1.848
6885.000 1.868
6890.000 1.870
6895.000 1.897
6900.000 1.877
6905.000 1.890
6910.000 1.890
6915.000 1.913
6920.000 1.902
6925.000 1.911
6930.000 1.920
6935.000 1.924
6940.000 1.938
6945.000 1.944
6950.000 1.945
6955.000 1.955
6960.000 1.958
6965.000 1.964
6970.000 1.976
6975.000 1.990
6980.000 2.010
6985.000 2.017
6990.000 2.004
6995.000 2.034
7000.000 2.043
7005.000 2.046
7010.000 2.037
7015.000 2.058
7020.000 2.066
7025.000 2.092
7030.000 2.103
7035.000 2.110
7040.000 2.139
7045.000 2.152
7050.000 2.147
7055.000 2.166
7060.000 2.183
7065.000 2.228
7070.000 2.217
7075.000 2.249
7080.000 2.275
7085.000 2.303
7090.000 2.305
7095.000 2.320
7100.000 2.376
7105.000 2.372
7110.000 2.393
7115.000 2.441
7120.000 2.441
7125.000 2.472
7130.000 2.502
7135.000 2.545
7140.000 2.602
7145.000 2.617
7150.000 2.645
7155.000 2.725
7160.000 2.753
7165.000 2.778
7170.000 2.815
7175.000 2.904
7180.000 2.958
7185.000 2.992
7190.000 3.047
7195.000 3.125
7200.000 3.163
7205.000 3.216
7210.000 3.290
7215.000 3.335
7220.000 3.401
7225.000 3.517
7230.000 3.580
7235.000 3.659
7240.000 3.813
7245.000 3.813
7250.000 3.974
7255.000 4.052
7260.000 4.166
7265.000 4.364
7270.000 4.443
7275.000 4.522
7280.000 4.608
7285.000 4.775
7290.000 4.857
7295.000 4.956
7300.000 5.178
7305.000 5.282
7310.000 5.420
7315.000 5.542
7320.000 5.871
7325.000 6.048
7330.000 6.260
7335.000 6.678
7340.000 6.905
7345.000 7.185
7350.000 7.459
7355.000 8.265
7360.000 8.796
7365.000 9.548
7370.000 10.698
7375.000 11.579
7380.000 12.649
7385.000 15.483
7390.000 17.427
7395.000 19.757
7400.000 22.570
7405.000 26.094
7410.000 34.795
7415.000 39.170
7420.000 46.808
7425.000 49.473
7430.000 50.582
7435.000 48.875
7440.000 41.872
7445.000 21.085
7450.000 17.395
7455.000 16.919
7460.000 16.590
7465.000 13.074
7470.000 11.705
7475.000 10.474
7480.000 8.634
7485.000 7.907
7490.000 7.272
7495.000 6.737
7500.000 5.883
7505.000 5.499
7510.000 5.147
7515.000 4.525
7520.000 4.287
7525.000 4.074
7530.000 3.845
7535.000 3.488
7540.000 3.330
7545.000 3.029
7550.000 2.920
7555.000 2.788
7560.000 2.687
7565.000 2.500
7570.000 2.413
7575.000 2.337
7580.000 2.262
7585.000 2.194
7590.000 2.082
7595.000 2.013
7600.000 1.925
7605.000 1.885
7610.000 1.824
7615.000 1.792
7620.000 1.708
7625.000 1.678
7630.000 1.639
7635.000 1.611
7640.000 1.557
7645.000 1.515
7650.000 1.501
7655.000 1.472
7660.000 1.423
7665.000 1.410
7670.000 1.387
7675.000 1.366
7680.000 1.339
7685.000 1.311
7690.000 1.300
7695.000 1.269
7700.000 1.260
7705.000 1.252
7710.000 1.231
7715.000 1.206
7720.000 1.190
7725.000 1.168
7730.000 1.155
7735.000 1.144
7740.000 1.141
7745.000 1.130
7750.000 1.123
7755.000 1.106
7760.000 1.087
7765.000 1.089
7770.000 1.080
7775.000 1.071
7780.000 1.057
7785.000 1.046
7790.000 1.023
7795.000 1.036
7800.000 1.027
7805.000 1.019
7810.000 1.009
7815.000 1.000
7820.000 1.001
7825.000 0.994
7830.000 0.979
7835.000 0.989
7840.000 0.970
7845.000 0.993
7850.000 0.974
7855.000 0.967
7860.000 0.972
7865.000 0.969
7870.000 0.960
7875.000 0.954
7880.000 0.958
7885.000 0.955
7890.000 0.963
7895.000 0.959
7900.000 0.950
7905.000 0.946
7910.000 0.962
7915.000 0.971
7920.000 0.968
7925.000 0.978
7930.000 1.000
7935.000 0.994
7940.000 1.015
7945.000 1.047
7950.000 1.074
7955.000 1.108
7960.000 1.127
7965.000 1.199
7970.000 1.238
7975.000 1.301
7980.000 1.387
7985.000 1.552
7990.000 1.677
7995.000 1.846
8000.000 2.249
8005.000 2.577
8010.000 3.017
8015.000 3.770
8020.000 7.107
8025.000 10.897
8030.000 16.107
8035.000 27.769
8040.000 33.863
8045.000 39.708
8050.000 41.206
8055.000 11.374
8060.000 9.839
8065.000 8.903
8070.000 7.838
8075.000 5.661
8080.000 4.960
8085.000 4.298
8090.000 3.601
8095.000 3.278
8100.000 3.075
8105.000 2.893
8110.000 2.561
8115.000 2.451
8120.000 2.321
8125.000 2.146
8130.000 2.075
8135.000 2.017
8140.000 1.965
8145.000 1.864
8150.000 1.812
8155.000 1.729
8160.000 1.708
8165.000 1.663
8170.000 1.656
8175.000 1.620
8180.000 1.569
8185.000 1.544
8190.000 1.531
8195.000 1.491
8200.000 1.488
8205.000 1.463
8210.000 1.469
8215.000 1.449
8220.000 1.431
8225.000 1.426
8230.000 1.416
8235.000 1.409
8240.000 1.388
8245.000 1.397
8250.000 1.385
8255.000 1.376
8260.000 1.376
8265.000 1.363
8270.000 1.356
8275.000 1.353
8280.000 1.353
8285.000 1.347
8290.000 1.342
8295.000 1.340
8300.000 1.332
8305.000 1.345
8310.000 1.332
8315.000 1.339
8320.000 1.323
8325.000 1.319
8330.000 1.318
8335.000 1.323
8340.000 1.317
8345.000 1.328
8350.000 1.327
8355.000 1.320
8360.000 1.317
8365.000 1.325
8370.000 1.326
8375.000 1.316
8380.000 1.320
8385.000 1.320
8390.000 1.343
8395.000 1.326
8400.000 1.330
8405.000 1.349
8410.000 1.358
8415.000 1.359
8420.000 1.355
8425.000 1.393
8430.000 1.387
8435.000 1.421
8440.000 1.428
8445.000 1.448
8450.000 1.491
8455.000 1.541
8460.000 1.561
8465.000 1.611
8470.000 1.726
8475.000 1.804
8480.000 1.922
8485.000 2.272
8490.000 2.576
8495.000 3.072
8500.000 5.555
8505.000 8.746
8510.000 13.861
8515.000 27.155
8520.000 33.960
8525.000 35.880
8530.000 22.367
8535.000 7.787
8540.000 8.880
8545.000 5.085
8550.000 4.362
8555.000 4.526
8560.000 4.296
8565.000 4.084
8570.000 4.149
8575.000 4.249
8580.000 4.428
8585.000 4.734
8590.000 6.496
8595.000 7.936
8600.000 9.777
8605.000 12.100
8610.000 14.911
8615.000 20.409
8620.000 22.238
8625.000 22.949
8630.000 20.083
8635.000 17.530
8640.000 15.299
8645.000 11.849
8650.000 10.292
8655.000 8.622
8660.000 6.818
8665.000 3.456
8670.000 1.854
8675.000 0.593
8680.000 0.489
8685.000 1.086
8690.000 1.248
8695.000 1.437
8700.000 1.496
8705.000 1.530
8710.000 1.557
8715.000 1.580
8720.000 1.583
8725.000 1.591
8730.000 1.595
8735.000 1.592
8740.000 1.586
8745.000 1.591
8750.000 1.600
8755.000 1.609
8760.000 1.613
8765.000 1.622
8770.000 1.638
8775.000 1.632
8780.000 1.637
8785.000 1.641
8790.000 1.661
8795.000 1.676
8800.000 1.672
8805.000 1.679
8810.000 1.696
8815.000 1.698
8820.000 1.703
8825.000 1.722
8830.000 1.733
8835.000 1.735
8840.000 1.750
8845.000 1.758
8850.000 1.758
8855.000 1.771
8860.000 1.783
8865.000 1.789
8870.000 1.808
8875.000 1.809
8880.000 1.827
8885.000 1.840
8890.000 1.845
8895.000 1.854
8900.000 1.852
8905.000 1.852
8910.000 1.866
8915.000 1.879
8920.000 1.885
8925.000 1.893
8930.000 1.894
8935.000 1.887
8940.000 1.898
8945.000 1.928
8950.000 1.938
8955.000 1.939
8960.000 1.945
8965.000 1.946
8970.000 1.972
8975.000 1.979
8980.000 1.993
8985.000 1.988
8990.000 2.003
8995.000 2.010
9000.000 2.026
9005.000 2.026
9010.000 2.042
9015.000 2.052
9020.000 2.098
9025.000 2.072
9030.000 2.097
9035.000 2.082
9040.000 2.104
9045.000 2.125
9050.000 2.126
9055.000 2.148
9060.000 2.156
9065.000 2.153
9070.000 2.173
9075.000 2.198
9080.000 2.225
9085.000 2.233
9090.000 2.280
9095.000 2.274
9100.000 2.269
9105.000 2.306
9110.000 2.323
9115.000 2.355
9120.000 2.360
9125.000 2.380
9130.000 2.431
9135.000 2.428
9140.000 2.441
9145.000 2.453
9150.000 2.468
9155.000 2.474
9160.000 2.496
9165.000 2.515
9170.000 2.524
9175.000 2.542
9180.000 2.540
9185.000 2.593
9190.000 2.616
9195.000 2.615
9200.000 2.622
9205.000 2.644
9210.000 2.635
9215.000 2.679
9220.000 2.678
9225.000 2.674
9230.000 2.699
9235.000 2.727
9240.000 2.741
9245.000 2.751
9250.000 2.800
9255.000 2.806
9260.000 2.817
9265.000 2.843
9270.000 2.841
9275.000 2.908
9280.000 2.907
9285.000 2.957
9290.000 2.957
9295.000 3.006
9300.000 3.035
9305.000 3.084
9310.000 3.108
9315.000 3.151
9320.000 3.183
9325.000 3.228
9330.000 3.315
9335.000 3.346
9340.000 3.353
9345.000 3.384
9350.000 3.511
9355.000 3.551
9360.000 3.614
9365.000 3.736
9370.000 3.799
9375.000 3.863
9380.000 3.939
9385.000 4.146
9390.000 4.255
9395.000 4.430
9400.000 4.748
9405.000 4.937
9410.000 5.189
9415.000 5.521
9420.000 6.470
9425.000 7.186
9430.000 8.223
9435.000 11.992
9440.000 15.268
9445.000 19.726
9450.000 30.032
9455.000 32.822
9460.000 29.293
9465.000 13.346
9470.000 9.395
9475.000 4.014
9480.000 3.119
9485.000 2.678
9490.000 1.644
9495.000 1.505
9500.000 1.462
9505.000 1.415
9510.000 1.419
9515.000 1.452
9520.000 1.497
9525.000 1.574
9530.000 1.614
9535.000 1.650
9540.000 1.691
9545.000 1.774
9550.000 1.810
9555.000 1.860
9560.000 1.907
9565.000 2.020
9570.000 2.083
9575.000 2.145
9580.000 2.313
9585.000 2.382
9590.000 2.470
9595.000 2.553
9600.000 2.726
9605.000 2.829
9610.000 3.064
9615.000 3.174
9620.000 3.282
9625.000 3.400
9630.000 3.524
9635.000 3.734
9640.000 3.826
9645.000 3.915
9650.000 4.112
9655.000 4.233
9660.000 4.326
9665.000 4.455
9670.000 4.697
9675.000 4.845
9680.000 4.975
9685.000 5.132
9690.000 5.481
9695.000 5.690
9700.000 6.162
9705.000 6.162
9710.000 6.696
9715.000 6.999
9720.000 7.369
9725.000 8.235
9730.000 8.780
9735.000 9.413
9740.000 10.152
9745.000 12.034
9750.000 13.210
9755.000 14.655
9760.000 18.398
9765.000 20.728
9770.000 23.486
9775.000 29.843
9780.000 33.084
9785.000 35.832
9790.000 37.640
9795.000 37.432
9800.000 34.078
9805.000 28.856
9810.000 23.677
9815.000 16.155
9820.000 13.560
9825.000 11.500
9830.000 9.883
9835.000 7.822
9840.000 7.470
9845.000 7.538
9850.000 8.028
9855.000 7.941
9860.000 7.628
9865.000 6.870
9870.000 6.501
9875.000 6.128
9880.000 5.528
9885.000 5.275
9890.000 5.055
9895.000 4.832
9900.000 4.622
9905.000 4.172
9910.000 3.980
9915.000 3.800
9920.000 3.477
9925.000 3.306
9930.000 3.177
9935.000 2.919
9940.000 2.816
9945.000 2.708
9950.000 2.513
9955.000 2.426
9960.000 2.359
9965.000 2.277
9970.000 2.142
9975.000 2.081
9980.000 2.030
9985.000 1.984
9990.000 1.928
9995.000 1.846
10000.000 1.814
