105.000 0.034
110.000 0.144
115.000 0.574
120.000 0.685
125.000 0.737
130.000 0.748
135.000 0.763
140.000 0.909
145.000 1.044
150.000 0.892
155.000 0.817
160.000 0.779
165.000 0.676
170.000 0.692
175.000 0.645
180.000 0.763
185.000 0.525
190.000 0.405
195.000 0.557
200.000 0.354
205.000 0.480
210.000 0.535
215.000 0.448
220.000 0.421
225.000 0.269
230.000 0.324
235.000 0.402
240.000 0.367
245.000 0.223
250.000 0.215
255.000 0.218
260.000 0.117
265.000 0.168
270.000 0.146
275.000 0.178
280.000 0.170
285.000 0.285
290.000 0.175
295.000 0.244
300.000 0.239
305.000 0.240
310.000 0.328
315.000 0.377
320.000 0.492
325.000 0.663
330.000 0.789
335.000 0.816
340.000 1.029
345.000 1.191
350.000 1.373
355.000 1.539
360.000 1.744
365.000 2.080
370.000 2.343
375.000 2.749
380.000 2.927
385.000 3.234
390.000 3.653
395.000 4.204
400.000 4.619
405.000 4.804
410.000 5.177
415.000 5.698
420.000 5.967
425.000 6.458
430.000 6.625
435.000 6.593
440.000 6.702
445.000 6.577
450.000 6.451
455.000 6.344
460.000 6.024
465.000 5.977
470.000 5.717
475.000 5.570
480.000 5.469
485.000 5.037
490.000 4.724
495.000 4.636
500.000 4.420
505.000 3.971
510.000 3.639
515.000 3.523
520.000 3.303
525.000 3.172
530.000 2.845
535.000 3.009
540.000 2.544
545.000 2.447
550.000 2.332
555.000 2.332
560.000 2.148
565.000 2.149
570.000 1.957
575.000 1.936
580.000 1.923
585.000 1.872
590.000 1.866
595.000 1.783
600.000 1.662
605.000 1.835
610.000 1.785
615.000 1.723
620.000 1.743
625.000 1.763
630.000 1.818
635.000 1.678
640.000 1.690
645.000 1.671
650.000 1.637
655.000 1.560
660.000 1.568
665.000 1.617
670.000 1.534
675.000 1.572
680.000 1.572
685.000 1.586
690.000 1.559
695.000 1.600
700.000 1.505
705.000 1.523
710.000 1.582
715.000 1.574
720.000 1.431
725.000 1.514
730.000 1.493
735.000 1.511
740.000 1.588
745.000 1.509
750.000 1.478
755.000 1.451
760.000 1.584
765.000 1.523
770.000 1.472
775.000 1.432
780.000 1.413
785.000 1.362
790.000 1.400
795.000 1.397
800.000 1.367
805.000 1.315
810.000 1.405
815.000 1.384
820.000 1.340
825.000 1.491
830.000 1.419
835.000 1.345
840.000 1.412
845.000 1.389
850.000 1.369
855.000 1.391
860.000 1.347
865.000 1.415
870.000 1.391
875.000 1.394
880.000 1.326
885.000 1.364
890.000 1.341
895.000 1.353
900.000 1.377
905.000 1.363
910.000 1.276
915.000 1.240
920.000 1.354
925.000 1.359
930.000 1.359
935.000 1.337
940.000 1.280
945.000 1.222
950.000 1.327
955.000 1.226
960.000 1.305
965.000 1.358
970.000 1.370
975.000 1.241
980.000 1.233
985.000 1.301
990.000 1.219
995.000 1.307
1000.000 1.417
1005.000 1.224
1010.000 1.262
1015.000 1.394
1020.000 1.232
1025.000 1.157
1030.000 1.365
1035.000 1.208
1040.000 1.332
1045.000 1.191
1050.000 1.166
1055.000 1.248
1060.000 1.274
1065.000 1.304
1070.000 1.289
1075.000 1.197
1080.000 1.225
1085.000 1.226
1090.000 1.195
1095.000 1.242
1100.000 1.300
1105.000 1.279
1110.000 1.232
1115.000 1.221
1120.000 1.219
1125.000 1.196
1130.000 1.223
1135.000 1.253
1140.000 1.167
1145.000 1.265
1150.000 1.218
1155.000 1.183
1160.000 1.262
1165.000 1.193
1170.000 1.267
1175.000 1.277
1180.000 1.215
1185.000 1.191
1190.000 1.201
1195.000 1.235
1200.000 1.232
1205.000 1.265
1210.000 1.285
1215.000 1.221
1220.000 1.189
1225.000 1.202
1230.000 1.186
1235.000 1.154
1240.000 1.203
1245.000 1.218
1250.000 1.160
1255.000 1.174
1260.000 1.241
1265.000 1.213
1270.000 1.254
1275.000 1.213
1280.000 1.190
1285.000 1.170
1290.000 1.148
1295.000 1.146
1300.000 1.164
1305.000 1.169
1310.000 1.169
1315.000 1.205
1320.000 1.191
1325.000 1.121
1330.000 1.227
1335.000 1.171
1340.000 1.165
1345.000 1.162
1350.000 1.179
1355.000 1.147
1360.000 1.129
1365.000 1.144
1370.000 1.139
1375.000 1.123
1380.000 1.123
1385.000 1.110
1390.000 1.128
1395.000 1.164
1400.000 1.167
1405.000 1.073
1410.000 1.086
1415.000 1.117
1420.000 1.098
1425.000 1.116
1430.000 1.100
1435.000 1.120
1440.000 1.103
1445.000 1.109
1450.000 1.100
1455.000 1.135
1460.000 1.133
1465.000 1.120
1470.000 1.081
1475.000 1.082
1480.000 1.064
1485.000 1.109
1490.000 1.061
1495.000 1.130
1500.000 1.076
1505.000 1.045
1510.000 1.058
1515.000 1.067
1520.000 1.029
1525.000 0.999
1530.000 1.081
1535.000 1.053
1540.000 1.004
1545.000 0.993
1550.000 1.064
1555.000 1.024
1560.000 1.020
1565.000 1.029
1570.000 0.964
1575.000 1.015
1580.000 0.988
1585.000 1.012
1590.000 0.965
1595.000 0.994
1600.000 0.977
1605.000 0.995
1610.000 0.999
1615.000 0.990
1620.000 0.934
1625.000 0.938
1630.000 0.924
1635.000 0.941
1640.000 0.944
1645.000 0.937
1650.000 0.937
1655.000 0.983
1660.000 0.930
1665.000 0.921
1670.000 0.946
1675.000 0.959
1680.000 0.947
1685.000 0.978
1690.000 0.956
1695.000 0.961
1700.000 0.987
1705.000 1.017
1710.000 0.976
1715.000 1.020
1720.000 1.017
1725.000 0.975
1730.000 1.051
1735.000 1.081
1740.000 1.064
1745.000 1.053
1750.000 1.112
1755.000 1.116
1760.000 1.155
1765.000 1.172
1770.000 1.219
1775.000 1.219
1780.000 1.317
1785.000 1.297
1790.000 1.284
1795.000 1.424
1800.000 1.450
1805.000 1.414
1810.000 1.489
1815.000 1.511
1820.000 1.527
1825.000 1.563
1830.000 1.595
1835.000 1.646
1840.000 1.744
1845.000 1.745
1850.000 1.737
1855.000 1.763
1860.000 1.811
1865.000 1.844
1870.000 1.917
1875.000 1.888
1880.000 1.974
1885.000 1.989
1890.000 1.988
1895.000 2.007
1900.000 2.053
1905.000 2.113
1910.000 2.100
1915.000 2.066
1920.000 2.105
1925.000 2.063
1930.000 2.125
1935.000 2.121
1940.000 2.175
1945.000 2.181
1950.000 2.206
1955.000 2.165
1960.000 2.161
1965.000 2.166
1970.000 2.181
1975.000 2.101
1980.000 2.131
1985.000 2.076
1990.000 2.154
1995.000 2.087
2000.000 2.181
2005.000 2.101
2010.000 2.126
2015.000 2.055
2020.000 2.053
2025.000 2.150
2030.000 2.229
2035.000 2.096
2040.000 2.181
2045.000 2.089
2050.000 2.178
2055.000 2.131
2060.000 2.056
2065.000 2.066
2070.000 2.137
2075.000 2.231
2080.000 2.164
2085.000 2.169
2090.000 2.172
2095.000 2.103
2100.000 2.152
2105.000 2.119
2110.000 2.127
2115.000 2.110
2120.000 2.185
2125.000 2.130
2130.000 2.113
2135.000 2.170
2140.000 2.260
2145.000 2.233
2150.000 2.166
2155.000 2.212
2160.000 2.215
2165.000 2.186
2170.000 2.196
2175.000 2.193
2180.000 2.240
2185.000 2.227
2190.000 2.233
2195.000 2.283
2200.000 2.293
2205.000 2.310
2210.000 2.378
2215.000 2.352
2220.000 2.417
2225.000 2.457
2230.000 2.464
2235.000 2.549
2240.000 2.557
2245.000 2.663
2250.000 2.711
2255.000 2.794
2260.000 3.034
2265.000 3.129
2270.000 3.347
2275.000 3.687
2280.000 3.855
2285.000 4.155
2290.000 4.428
2295.000 4.586
2300.000 4.264
2305.000 6.400
2310.000 33.148
2315.000 33.148
2320.000 12.298
2325.000 8.720
2330.000 3.052
2335.000 2.376
2340.000 1.885
2345.000 1.526
2350.000 1.249
2355.000 0.978
2360.000 0.854
2365.000 0.765
2370.000 0.733
2375.000 0.749
2380.000 0.762
2385.000 0.741
2390.000 0.744
2395.000 0.766
2400.000 0.766
2405.000 0.780
2410.000 0.743
2415.000 0.763
2420.000 0.776
2425.000 0.783
2430.000 0.794
2435.000 0.787
2440.000 0.787
2445.000 0.807
2450.000 0.811
2455.000 0.815
2460.000 0.834
2465.000 0.827
2470.000 0.859
2475.000 0.876
2480.000 0.854
2485.000 0.871
2490.000 0.867
2495.000 0.886
2500.000 0.883
2505.000 0.890
2510.000 0.897
2515.000 0.908
2520.000 0.919
2525.000 0.893
2530.000 0.918
2535.000 0.911
2540.000 0.933
2545.000 0.923
2550.000 0.923
2555.000 0.941
2560.000 0.942
2565.000 0.934
2570.000 0.934
2575.000 0.960
2580.000 0.947
2585.000 0.957
2590.000 0.956
2595.000 0.976
2600.000 0.957
2605.000 0.979
2610.000 0.956
2615.000 0.963
2620.000 1.003
2625.000 0.982
2630.000 0.983
2635.000 0.995
2640.000 0.995
2645.000 0.990
2650.000 0.979
2655.000 0.987
2660.000 1.013
2665.000 0.973
2670.000 1.001
2675.000 1.033
2680.000 1.013
2685.000 1.006
2690.000 0.990
2695.000 1.000
2700.000 0.969
2705.000 0.999
2710.000 1.017
2715.000 1.017
2720.000 0.982
2725.000 0.992
2730.000 1.003
2735.000 1.007
2740.000 1.019
2745.000 1.019
2750.000 1.004
2755.000 0.994
2760.000 1.019
2765.000 1.005
2770.000 1.023
2775.000 1.022
2780.000 1.033
2785.000 1.027
2790.000 1.008
2795.000 1.081
2800.000 1.054
2805.000 1.053
2810.000 1.048
2815.000 1.066
2820.000 1.051
2825.000 1.069
2830.000 1.079
2835.000 1.121
2840.000 1.139
2845.000 1.118
2850.000 1.108
2855.000 1.119
2860.000 1.131
2865.000 1.150
2870.000 1.150
2875.000 1.214
2880.000 1.177
2885.000 1.183
2890.000 1.190
2895.000 1.207
2900.000 1.204
2905.000 1.233
2910.000 1.314
2915.000 1.254
2920.000 1.284
2925.000 1.278
2930.000 1.361
2935.000 1.343
2940.000 1.346
2945.000 1.374
2950.000 1.356
2955.000 1.388
2960.000 1.388
2965.000 1.429
2970.000 1.442
2975.000 1.461
2980.000 1.411
2985.000 1.372
2990.000 1.478
2995.000 1.456
3000.000 1.532
3005.000 1.474
3010.000 1.555
3015.000 1.485
3020.000 1.460
3025.000 1.498
3030.000 1.550
3035.000 1.515
3040.000 1.592
3045.000 1.605
3050.000 1.641
3055.000 1.612
3060.000 1.608
3065.000 1.625
3070.000 1.632
3075.000 1.672
3080.000 1.678
3085.000 1.691
3090.000 1.745
3095.000 1.693
3100.000 1.770
3105.000 1.753
3110.000 1.784
3115.000 1.763
3120.000 1.777
3125.000 1.778
3130.000 1.786
3135.000 1.781
3140.000 1.784
3145.000 1.825
3150.000 1.833
3155.000 1.906
3160.000 1.838
3165.000 1.907
3170.000 1.880
3175.000 1.908
3180.000 1.892
3185.000 1.897
3190.000 1.892
3195.000 1.925
3200.000 1.923
3205.000 1.936
3210.000 1.940
3215.000 1.986
3220.000 1.954
3225.000 2.002
3230.000 2.025
3235.000 2.033
3240.000 2.010
3245.000 2.032
3250.000 2.080
3255.000 2.114
3260.000 2.105
3265.000 2.105
3270.000 2.097
3275.000 2.046
3280.000 2.123
3285.000 2.139
3290.000 2.137
3295.000 2.140
3300.000 2.168
3305.000 2.153
3310.000 2.171
3315.000 2.199
3320.000 2.186
3325.000 2.189
3330.000 2.238
3335.000 2.215
3340.000 2.227
3345.000 2.250
3350.000 2.270
3355.000 2.310
3360.000 2.324
3365.000 2.362
3370.000 2.332
3375.000 2.362
3380.000 2.385
3385.000 2.365
3390.000 2.390
3395.000 2.379
3400.000 2.407
3405.000 2.432
3410.000 2.431
3415.000 2.495
3420.000 2.525
3425.000 2.538
3430.000 2.587
3435.000 2.589
3440.000 2.614
3445.000 2.665
3450.000 2.660
3455.000 2.704
3460.000 2.693
3465.000 2.802
3470.000 2.819
3475.000 2.865
3480.000 2.899
3485.000 2.980
3490.000 2.990
3495.000 3.052
3500.000 3.086
3505.000 3.138
3510.000 3.211
3515.000 3.345
3520.000 3.369
3525.000 3.395
3530.000 3.425
3535.000 3.570
3540.000 3.571
3545.000 3.652
3550.000 3.773
3555.000 3.869
3560.000 3.955
3565.000 4.040
3570.000 4.231
3575.000 4.317
3580.000 4.409
3585.000 4.604
3590.000 4.801
3595.000 4.939
3600.000 5.038
3605.000 5.274
3610.000 5.671
3615.000 5.903
3620.000 6.182
3625.000 6.823
3630.000 7.201
3635.000 7.667
3640.000 8.244
3645.000 9.794
3650.000 10.869
3655.000 12.267
3660.000 14.113
3665.000 19.499
3670.000 23.339
3675.000 33.753
3680.000 40.001
3685.000 45.823
3690.000 50.545
3695.000 45.138
3700.000 33.466
3705.000 44.624
3710.000 38.992
3715.000 21.768
3720.000 17.509
3725.000 14.290
3730.000 11.873
3735.000 8.635
3740.000 7.587
3745.000 6.749
3750.000 5.438
3755.000 4.860
3760.000 4.339
3765.000 4.089
3770.000 3.310
3775.000 3.156
3780.000 2.971
3785.000 2.748
3790.000 2.141
3795.000 2.330
3800.000 1.804
3805.000 1.978
3810.000 1.853
3815.000 1.814
3820.000 1.740
3825.000 1.271
3830.000 1.379
3835.000 1.389
3840.000 0.932
3845.000 0.763
3850.000 0.789
3855.000 0.997
3860.000 0.903
3865.000 0.720
3870.000 1.038
3875.000 1.018
3880.000 0.949
3885.000 0.718
3890.000 0.801
3895.000 0.592
3900.000 0.545
3905.000 0.658
3910.000 0.593
3915.000 0.504
3920.000 0.548
3925.000 0.559
3930.000 0.528
3935.000 0.502
3940.000 0.502
3945.000 0.463
3950.000 0.437
3955.000 0.434
3960.000 0.425
3965.000 0.416
3970.000 0.403
3975.000 0.403
3980.000 0.396
3985.000 0.301
3990.000 0.308
3995.000 0.303
4000.000 0.273
4005.000 0.305
4010.000 0.235
4015.000 0.281
4020.000 0.295
4025.000 0.262
4030.000 0.246
4035.000 0.253
4040.000 0.245
4045.000 0.215
4050.000 0.235
4055.000 0.222
4060.000 0.235
4065.000 0.242
4070.000 0.225
4075.000 0.241
4080.000 0.239
4085.000 0.216
4090.000 0.207
4095.000 0.240
4100.000 0.237
4105.000 0.226
4110.000 0.236
4115.000 0.236
4120.000 0.249
4125.000 0.254
4130.000 0.251
4135.000 0.251
4140.000 0.263
4145.000 0.256
4150.000 0.279
4155.000 0.284
4160.000 0.295
4165.000 0.293
4170.000 0.293
4175.000 0.295
4180.000 0.314
4185.000 0.304
4190.000 0.326
4195.000 0.318
4200.000 0.321
4205.000 0.315
4210.000 0.326
4215.000 0.327
4220.000 0.333
4225.000 0.341
4230.000 0.363
4235.000 0.360
4240.000 0.383
4245.000 0.362
4250.000 0.365
4255.000 0.376
4260.000 0.391
4265.000 0.388
4270.000 0.377
4275.000 0.389
4280.000 0.388
4285.000 0.384
4290.000 0.395
4295.000 0.407
4300.000 0.369
4305.000 0.383
4310.000 0.375
4315.000 0.379
4320.000 0.365
4325.000 0.368
4330.000 0.357
4335.000 0.350
4340.000 0.360
4345.000 0.341
4350.000 0.363
4355.000 0.347
4360.000 0.347
4365.000 0.348
4370.000 0.343
4375.000 0.327
4380.000 0.334
4385.000 0.325
4390.000 0.331
4395.000 0.337
4400.000 0.329
4405.000 0.323
4410.000 0.310
4415.000 0.328
4420.000 0.310
4425.000 0.321
4430.000 0.317
4435.000 0.319
4440.000 0.330
4445.000 0.313
4450.000 0.303
4455.000 0.317
4460.000 0.300
4465.000 0.313
4470.000 0.304
4475.000 0.303
4480.000 0.318
4485.000 0.297
4490.000 0.292
4495.000 0.302
4500.000 0.285
4505.000 0.285
4510.000 0.300
4515.000 0.289
4520.000 0.288
4525.000 0.291
4530.000 0.291
4535.000 0.274
4540.000 0.267
4545.000 0.260
4550.000 0.264
4555.000 0.259
4560.000 0.268
4565.000 0.254
4570.000 0.255
4575.000 0.258
4580.000 0.251
4585.000 0.234
4590.000 0.261
4595.000 0.238
4600.000 0.229
4605.000 0.227
4610.000 0.232
4615.000 0.213
4620.000 0.221
4625.000 0.209
4630.000 0.209
4635.000 0.206
4640.000 0.195
4645.000 0.197
4650.000 0.209
4655.000 0.191
4660.000 0.185
4665.000 0.189
4670.000 0.199
4675.000 0.182
4680.000 0.171
4685.000 0.161
4690.000 0.186
4695.000 0.174
4700.000 0.169
4705.000 0.177
4710.000 0.163
4715.000 0.175
4720.000 0.189
4725.000 0.194
4730.000 0.198
4735.000 0.214
4740.000 0.206
4745.000 0.217
4750.000 0.230
4755.000 0.243
4760.000 0.281
4765.000 0.300
4770.000 0.305
4775.000 0.336
4780.000 0.354
4785.000 0.360
4790.000 0.390
4795.000 0.443
4800.000 0.467
4805.000 0.515
4810.000 0.554
4815.000 0.582
4820.000 0.619
4825.000 0.657
4830.000 0.747
4835.000 0.785
4840.000 0.900
4845.000 0.957
4850.000 1.036
4855.000 1.117
4860.000 1.291
4865.000 1.418
4870.000 1.548
4875.000 1.687
4880.000 1.871
4885.000 2.370
4890.000 2.704
4895.000 3.509
4900.000 3.509
4905.000 4.612
4910.000 5.241
4915.000 6.687
4920.000 7.727
4925.000 8.875
4930.000 10.192
4935.000 11.863
4940.000 16.564
4945.000 19.655
4950.000 23.470
4955.000 33.201
4960.000 38.637
4965.000 40.485
4970.000 25.753
4975.000 46.814
4980.000 42.273
4985.000 52.063
4990.000 34.586
4995.000 25.884
5000.000 22.735
5005.000 15.977
5010.000 13.911
5015.000 12.544
5020.000 10.926
5025.000 8.956
5030.000 8.151
5035.000 7.445
5040.000 6.375
5045.000 5.947
5050.000 5.581
5055.000 5.220
5060.000 4.941
5065.000 4.472
5070.000 4.259
5075.000 4.060
5080.000 3.769
5085.000 3.642
5090.000 3.524
5095.000 3.421
5100.000 3.236
5105.000 3.146
5110.000 2.991
5115.000 2.928
5120.000 2.874
5125.000 2.822
5130.000 2.750
5135.000 2.709
5140.000 2.665
5145.000 2.614
5150.000 2.602
5155.000 2.514
5160.000 2.490
5165.000 2.466
5170.000 2.407
5175.000 2.396
5180.000 2.368
5185.000 2.308
5190.000 2.304
5195.000 2.272
5200.000 2.246
5205.000 2.242
5210.000 2.221
5215.000 2.214
5220.000 2.181
5225.000 2.170
5230.000 2.146
5235.000 2.143
5240.000 2.116
5245.000 2.096
5250.000 2.092
5255.000 2.070
5260.000 2.047
5265.000 2.039
5270.000 2.029
5275.000 2.006
5280.000 1.997
5285.000 1.989
5290.000 1.969
5295.000 1.960
5300.000 1.951
5305.000 1.945
5310.000 1.923
5315.000 1.914
5320.000 1.896
5325.000 1.881
5330.000 1.870
5335.000 1.846
5340.000 1.837
5345.000 1.829
5350.000 1.815
5355.000 1.805
5360.000 1.818
5365.000 1.792
5370.000 1.791
5375.000 1.768
5380.000 1.740
5385.000 1.732
5390.000 1.714
5395.000 1.720
5400.000 1.701
5405.000 1.686
5410.000 1.672
5415.000 1.666
5420.000 1.647
5425.000 1.642
5430.000 1.621
5435.000 1.617
5440.000 1.596
5445.000 1.584
5450.000 1.584
5455.000 1.562
5460.000 1.545
5465.000 1.547
5470.000 1.534
5475.000 1.530
5480.000 1.511
5485.000 1.506
5490.000 1.504
5495.000 1.493
5500.000 1.465
5505.000 1.460
5510.000 1.434
5515.000 1.457
5520.000 1.423
5525.000 1.431
5530.000 1.413
5535.000 1.401
5540.000 1.402
5545.000 1.367
5550.000 1.363
5555.000 1.371
5560.000 1.351
5565.000 1.354
5570.000 1.324
5575.000 1.337
5580.000 1.313
5585.000 1.307
5590.000 1.316
5595.000 1.296
5600.000 1.277
5605.000 1.274
5610.000 1.271
5615.000 1.251
5620.000 1.237
5625.000 1.234
5630.000 1.239
5635.000 1.225
5640.000 1.227
5645.000 1.201
5650.000 1.206
5655.000 1.204
5660.000 1.183
5665.000 1.192
5670.000 1.180
5675.000 1.172
5680.000 1.166
5685.000 1.156
5690.000 1.133
5695.000 1.151
5700.000 1.140
5705.000 1.133
5710.000 1.117
5715.000 1.117
5720.000 1.103
5725.000 1.099
5730.000 1.093
5735.000 1.094
5740.000 1.094
5745.000 1.062
5750.000 1.063
5755.000 1.060
5760.000 1.041
5765.000 1.048
5770.000 1.047
5775.000 1.038
5780.000 1.025
5785.000 1.013
5790.000 1.032
5795.000 0.999
5800.000 0.994
5805.000 0.997
5810.000 0.987
5815.000 0.973
5820.000 0.968
5825.000 0.959
5830.000 0.966
5835.000 0.956
5840.000 0.940
5845.000 0.933
5850.000 0.922
5855.000 0.916
5860.000 0.903
5865.000 0.912
5870.000 0.897
5875.000 0.881
5880.000 0.899
5885.000 0.874
5890.000 0.859
5895.000 0.842
5900.000 0.855
5905.000 0.827
5910.000 0.821
5915.000 0.815
5920.000 0.813
5925.000 0.783
5930.000 0.779
5935.000 0.775
5940.000 0.752
5945.000 0.760
5950.000 0.742
5955.000 0.717
5960.000 0.710
5965.000 0.705
5970.000 0.676
5975.000 0.667
5980.000 0.676
5985.000 0.645
5990.000 0.641
5995.000 0.627
6000.000 0.623
6005.000 0.595
6010.000 0.597
6015.000 0.585
6020.000 0.598
6025.000 0.593
6030.000 0.604
6035.000 0.605
6040.000 0.603
6045.000 0.658
6050.000 0.681
6055.000 0.714
6060.000 0.737
6065.000 0.785
6070.000 0.849
6075.000 0.878
6080.000 0.938
6085.000 1.072
6090.000 1.145
6095.000 1.209
6100.000 1.448
6105.000 1.586
6110.000 1.709
6115.000 1.921
6120.000 2.134
6125.000 2.750
6130.000 3.151
6135.000 3.677
6140.000 5.008
6145.000 5.865
6150.000 6.828
6155.000 8.006
6160.000 10.669
6165.000 12.146
6170.000 13.645
6175.000 17.028
6180.000 19.099
6185.000 21.364
6190.000 27.056
6195.000 30.621
6200.000 34.758
6205.000 39.540
6210.000 48.767
6215.000 52.766
6220.000 55.236
6225.000 52.809
6230.000 49.124
6235.000 46.591
6240.000 34.152
6245.000 34.152
6250.000 26.486
6255.000 23.370
6260.000 20.626
6265.000 15.837
6270.000 13.791
6275.000 12.005
6280.000 10.450
6285.000 8.047
6290.000 7.160
6295.000 5.892
6300.000 5.434
6305.000 5.060
6310.000 4.751
6315.000 4.507
6320.000 4.119
6325.000 3.954
6330.000 3.705
6335.000 3.585
6340.000 3.470
6345.000 3.384
6350.000 3.316
6355.000 3.189
6360.000 3.134
6365.000 3.100
6370.000 3.041
6375.000 2.974
6380.000 2.937
6385.000 2.868
6390.000 2.835
6395.000 2.813
6400.000 2.770
6405.000 2.759
6410.000 2.723
6415.000 2.699
6420.000 2.696
6425.000 2.685
6430.000 2.674
6435.000 2.661
6440.000 2.664
6445.000 2.651
6450.000 2.629
6455.000 2.636
6460.000 2.652
6465.000 2.667
6470.000 2.671
6475.000 2.691
6480.000 2.698
6485.000 2.730
6490.000 2.754
6495.000 2.780
6500.000 2.871
6505.000 2.920
6510.000 2.970
6515.000 3.051
6520.000 3.252
6525.000 3.406
6530.000 3.865
6535.000 4.302
6540.000 4.941
6545.000 6.059
6550.000 11.158
6555.000 13.208
6560.000 10.693
6565.000 10.244
6570.000 10.838
6575.000 3.846
6580.000 1.188
6585.000 1.122
6590.000 1.203
6595.000 1.925
6600.000 1.649
6605.000 1.633
6610.000 1.730
6615.000 1.734
6620.000 1.740
6625.000 1.700
6630.000 1.711
6635.000 1.713
6640.000 1.687
6645.000 1.685
6650.000 1.688
6655.000 1.681
6660.000 1.680
6665.000 1.678
6670.000 1.672
6675.000 1.667
6680.000 1.681
6685.000 1.668
6690.000 1.660
6695.000 1.668
6700.000 1.668
6705.000 1.667
6710.000 1.667
6715.000 1.677
6720.000 1.678
6725.000 1.667
6730.000 1.669
6735.000 1.676
6740.000 1.678
6745.000 1.691
6750.000 1.694
6755.000 1.708
6760.000 1.720
6765.000 1.704
6770.000 1.718
6775.000 1.716
6780.000 1.731
6785.000 1.738
6790.000 1.731
6795.000 1.729
6800.000 1.745
6805.000 1.749
6810.000 1.747
6815.000 1.749
6820.000 1.749
6825.000 1.751
6830.000 1.762
6835.000 1.767
6840.000 1.774
6845.000 1.784
6850.000 1.784
6855.000 1.808
6860.000 1.800
6865.000 1.802
6870.000 1.800
6875.000 1.802
6880.000 1.829
6885.000 1.833
6890.000 1.856
6895.000 1.844
6900.000 1.855
6905.000 1.858
6910.000 1.883
6915.000 1.875
6920.000 1.884
6925.000 1.889
6930.000 1.900
6935.000 1.919
6940.000 1.919
6945.000 1.943
6950.000 1.927
6955.000 1.947
6960.000 1.950
6965.000 1.984
6970.000 1.989
6975.000 1.989
6980.000 1.999
6985.000 2.009
6990.000 2.015
6995.000 2.043
7000.000 2.041
7005.000 2.050
7010.000 2.073
7015.000 2.096
7020.000 2.112
7025.000 2.113
7030.000 2.152
7035.000 2.158
7040.000 2.170
7045.000 2.163
7050.000 2.209
7055.000 2.210
7060.000 2.241
7065.000 2.299
7070.000 2.301
7075.000 2.314
7080.000 2.335
7085.000 2.350
7090.000 2.379
7095.000 2.413
7100.000 2.423
7105.000 2.475
7110.000 2.512
7115.000 2.544
7120.000 2.556
7125.000 2.607
7130.000 2.648
7135.000 2.693
7140.000 2.745
7145.000 2.783
7150.000 2.818
7155.000 2.859
7160.000 2.917
7165.000 2.987
7170.000 3.041
7175.000 3.080
7180.000 3.164
7185.000 3.201
7190.000 3.246
7195.000 3.333
7200.000 3.388
7205.000 3.450
7210.000 3.588
7215.000 3.588
7220.000 3.714
7225.000 3.813
7230.000 3.900
7235.000 4.032
7240.000 4.072
7245.000 4.119
7250.000 4.196
7255.000 4.327
7260.000 4.407
7265.000 4.485
7270.000 4.644
7275.000 4.719
7280.000 4.836
7285.000 4.936
7290.000 5.116
7295.000 5.261
7300.000 5.383
7305.000 5.629
7310.000 5.771
7315.000 5.933
7320.000 6.104
7325.000 6.456
7330.000 6.666
7335.000 7.157
7340.000 7.157
7345.000 7.784
7350.000 8.109
7355.000 8.521
7360.000 9.674
7365.000 10.542
7370.000 11.088
7375.000 11.945
7380.000 14.366
7385.000 15.989
7390.000 17.888
7395.000 23.061
7400.000 26.560
7405.000 30.710
7410.000 35.190
7415.000 43.778
7420.000 47.625
7425.000 53.732
7430.000 54.564
7435.000 52.474
7440.000 45.527
7445.000 29.031
7450.000 21.823
7455.000 17.039
7460.000 15.318
7465.000 13.696
7470.000 11.108
7475.000 10.239
7480.000 9.419
7485.000 8.703
7490.000 7.493
7495.000 6.983
7500.000 6.534
7505.000 5.741
7510.000 5.393
7515.000 5.092
7520.000 4.563
7525.000 4.316
7530.000 4.118
7535.000 3.934
7540.000 3.583
7545.000 3.427
7550.000 3.302
7555.000 3.055
7560.000 2.956
7565.000 2.862
7570.000 2.767
7575.000 2.604
7580.000 2.526
7585.000 2.452
7590.000 2.389
7595.000 2.255
7600.000 2.190
7605.000 2.110
7610.000 2.041
7615.000 1.998
7620.000 1.954
7625.000 1.931
7630.000 1.841
7635.000 1.822
7640.000 1.794
7645.000 1.758
7650.000 1.693
7655.000 1.673
7660.000 1.629
7665.000 1.600
7670.000 1.569
7675.000 1.553
7680.000 1.501
7685.000 1.485
7690.000 1.463
7695.000 1.450
7700.000 1.427
7705.000 1.416
7710.000 1.386
7715.000 1.378
7720.000 1.343
7725.000 1.333
7730.000 1.285
7735.000 1.285
7740.000 1.281
7745.000 1.264
7750.000 1.255
7755.000 1.235
7760.000 1.221
7765.000 1.210
7770.000 1.190
7775.000 1.178
7780.000 1.169
7785.000 1.164
7790.000 1.159
7795.000 1.133
7800.000 1.139
7805.000 1.136
7810.000 1.104
7815.000 1.098
7820.000 1.089
7825.000 1.075
7830.000 1.071
7835.000 1.071
7840.000 1.051
7845.000 1.047
7850.000 1.031
7855.000 1.023
7860.000 1.028
7865.000 1.004
7870.000 0.995
7875.000 0.987
7880.000 0.987
7885.000 0.978
7890.000 0.971
7895.000 0.960
7900.000 0.970
7905.000 0.960
7910.000 0.947
7915.000 0.950
7920.000 0.941
7925.000 0.952
7930.000 0.937
7935.000 0.953
7940.000 0.957
7945.000 0.961
7950.000 0.968
7955.000 1.004
7960.000 1.028
7965.000 1.052
7970.000 1.146
7975.000 1.177
7980.000 1.248
7985.000 1.335
7990.000 1.570
7995.000 1.737
8000.000 1.964
8005.000 2.650
8010.000 3.266
8015.000 4.323
8020.000 6.388
8025.000 17.706
8030.000 26.042
8035.000 42.525
8040.000 45.314
8045.000 33.371
8050.000 16.965
8055.000 4.508
8060.000 8.999
8065.000 5.938
8070.000 5.564
8075.000 5.086
8080.000 4.500
8085.000 3.858
8090.000 3.613
8095.000 3.155
8100.000 2.957
8105.000 2.805
8110.000 2.671
8115.000 2.450
8120.000 2.369
8125.000 2.218
8130.000 2.157
8135.000 2.099
8140.000 2.048
8145.000 1.964
8150.000 1.922
8155.000 1.888
8160.000 1.852
8165.000 1.824
8170.000 1.762
8175.000 1.761
8180.000 1.732
8185.000 1.703
8190.000 1.684
8195.000 1.663
8200.000 1.648
8205.000 1.633
8210.000 1.627
8215.000 1.612
8220.000 1.601
8225.000 1.606
8230.000 1.583
8235.000 1.585
8240.000 1.573
8245.000 1.569
8250.000 1.570
8255.000 1.561
8260.000 1.561
8265.000 1.561
8270.000 1.559
8275.000 1.562
8280.000 1.550
8285.000 1.541
8290.000 1.549
8295.000 1.552
8300.000 1.565
8305.000 1.553
8310.000 1.560
8315.000 1.560
8320.000 1.562
8325.000 1.550
8330.000 1.559
8335.000 1.570
8340.000 1.576
8345.000 1.566
8350.000 1.570
8355.000 1.573
8360.000 1.588
8365.000 1.597
8370.000 1.602
8375.000 1.618
8380.000 1.624
8385.000 1.645
8390.000 1.650
8395.000 1.675
8400.000 1.686
8405.000 1.699
8410.000 1.701
8415.000 1.719
8420.000 1.752
8425.000 1.774
8430.000 1.794
8435.000 1.843
8440.000 1.879
8445.000 1.920
8450.000 1.964
8455.000 2.061
8460.000 2.110
8465.000 2.179
8470.000 2.272
8475.000 2.518
8480.000 2.697
8485.000 2.915
8490.000 3.692
8495.000 4.390
8500.000 5.577
8505.000 7.630
8510.000 16.261
8515.000 22.261
8520.000 33.926
8525.000 32.544
8530.000 14.174
8535.000 10.505
8540.000 4.372
8545.000 4.471
8550.000 3.366
8555.000 2.445
8560.000 1.985
8565.000 2.060
8570.000 1.880
8575.000 1.807
8580.000 1.777
8585.000 1.643
8590.000 1.592
8595.000 1.562
8600.000 1.433
8605.000 1.349
8610.000 1.268
8615.000 1.163
8620.000 1.241
8625.000 1.410
8630.000 1.577
8635.000 1.657
8640.000 1.619
8645.000 1.542
8650.000 1.461
8655.000 1.675
8660.000 2.145
8665.000 3.170
8670.000 2.758
8675.000 1.835
8680.000 1.072
8685.000 0.638
8690.000 0.198
8695.000 0.212
8700.000 0.307
8705.000 0.480
8710.000 0.559
8715.000 0.603
8720.000 0.666
8725.000 0.751
8730.000 0.799
8735.000 0.813
8740.000 0.858
8745.000 0.900
8750.000 0.926
8755.000 0.968
8760.000 0.977
8765.000 1.001
8770.000 1.026
8775.000 1.049
8780.000 1.080
8785.000 1.093
8790.000 1.131
8795.000 1.143
8800.000 1.164
8805.000 1.169
8810.000 1.183
8815.000 1.215
8820.000 1.223
8825.000 1.267
8830.000 1.275
8835.000 1.278
8840.000 1.297
8845.000 1.317
8850.000 1.329
8855.000 1.349
8860.000 1.370
8865.000 1.366
8870.000 1.377
8875.000 1.417
8880.000 1.424
8885.000 1.442
8890.000 1.462
8895.000 1.474
8900.000 1.470
8905.000 1.504
8910.000 1.492
8915.000 1.518
8920.000 1.535
8925.000 1.541
8930.000 1.533
8935.000 1.547
8940.000 1.566
8945.000 1.580
8950.000 1.576
8955.000 1.593
8960.000 1.611
8965.000 1.635
8970.000 1.631
8975.000 1.649
8980.000 1.691
8985.000 1.687
8990.000 1.707
8995.000 1.703
9000.000 1.704
9005.000 1.719
9010.000 1.727
9015.000 1.752
9020.000 1.758
9025.000 1.785
9030.000 1.779
9035.000 1.796
9040.000 1.809
9045.000 1.827
9050.000 1.855
9055.000 1.856
9060.000 1.881
9065.000 1.895
9070.000 1.901
9075.000 1.949
9080.000 1.957
9085.000 1.986
9090.000 1.975
9095.000 1.996
9100.000 2.024
9105.000 2.054
9110.000 2.060
9115.000 2.098
9120.000 2.117
9125.000 2.125
9130.000 2.136
9135.000 2.165
9140.000 2.203
9145.000 2.198
9150.000 2.214
9155.000 2.218
9160.000 2.239
9165.000 2.250
9170.000 2.257
9175.000 2.282
9180.000 2.312
9185.000 2.323
9190.000 2.349
9195.000 2.365
9200.000 2.364
9205.000 2.387
9210.000 2.426
9215.000 2.452
9220.000 2.472
9225.000 2.496
9230.000 2.506
9235.000 2.528
9240.000 2.551
9245.000 2.604
9250.000 2.615
9255.000 2.645
9260.000 2.691
9265.000 2.712
9270.000 2.713
9275.000 2.803
9280.000 2.811
9285.000 2.825
9290.000 2.826
9295.000 2.867
9300.000 2.925
9305.000 2.978
9310.000 3.014
9315.000 3.060
9320.000 3.107
9325.000 3.152
9330.000 3.219
9335.000 3.258
9340.000 3.276
9345.000 3.343
9350.000 3.385
9355.000 3.516
9360.000 3.558
9365.000 3.716
9370.000 3.810
9375.000 3.876
9380.000 4.000
9385.000 4.097
9390.000 4.352
9395.000 4.494
9400.000 4.703
9405.000 4.884
9410.000 5.415
9415.000 5.823
9420.000 6.958
9425.000 7.863
9430.000 9.089
9435.000 10.821
9440.000 13.411
9445.000 21.635
9450.000 26.820
9455.000 31.722
9460.000 30.725
9465.000 21.259
9470.000 20.820
9475.000 9.416
9480.000 4.159
9485.000 3.676
9490.000 2.860
9495.000 1.899
9500.000 1.584
9505.000 1.426
9510.000 1.388
9515.000 1.310
9520.000 1.319
9525.000 1.348
9530.000 1.413
9535.000 1.444
9540.000 1.492
9545.000 1.526
9550.000 1.605
9555.000 1.654
9560.000 1.693
9565.000 1.740
9570.000 1.835
9575.000 1.887
9580.000 1.996
9585.000 2.064
9590.000 2.150
9595.000 2.229
9600.000 2.327
9605.000 2.494
9610.000 2.581
9615.000 2.787
9620.000 2.904
9625.000 3.016
9630.000 3.138
9635.000 3.290
9640.000 3.572
9645.000 3.720
9650.000 3.959
9655.000 3.959
9660.000 4.223
9665.000 4.330
9670.000 4.443
9675.000 4.755
9680.000 4.913
9685.000 5.109
9690.000 5.491
9695.000 5.704
9700.000 5.940
9705.000 6.213
9710.000 6.516
9715.000 7.223
9720.000 7.620
9725.000 8.144
9730.000 9.354
9735.000 10.116
9740.000 10.992
9745.000 12.012
9750.000 15.024
9755.000 16.808
9760.000 21.203
9765.000 23.968
9770.000 27.099
9775.000 30.444
9780.000 33.494
9785.000 38.914
9790.000 40.634
9795.000 41.359
9800.000 40.471
9805.000 32.365
9810.000 27.215
9815.000 22.764
9820.000 16.448
9825.000 14.173
9830.000 12.306
9835.000 10.662
9840.000 7.812
9845.000 6.531
9850.000 5.303
9855.000 5.528
9860.000 6.026
9865.000 6.300
9870.000 6.127
9875.000 5.503
9880.000 5.247
9885.000 5.007
9890.000 4.547
9895.000 4.353
9900.000 4.166
9905.000 3.975
9910.000 3.635
9915.000 3.480
9920.000 3.331
9925.000 3.083
9930.000 2.984
9935.000 2.876
9940.000 2.684
9945.000 2.616
9950.000 2.518
9955.000 2.448
9960.000 2.314
9965.000 2.269
9970.000 2.194
9975.000 2.096
9980.000 2.063
9985.000 2.009
9990.000 1.970
9995.000 1.883
10000.000 1.849
