105.000 0.068
110.000 0.166
115.000 0.316
120.000 0.735
125.000 0.758
130.000 0.858
135.000 0.904
145.000 0.846
150.000 0.789
155.000 0.725
160.000 0.687
165.000 0.752
170.000 0.704
175.000 0.728
180.000 0.646
185.000 0.625
190.000 0.527
195.000 0.527
200.000 0.458
205.000 0.448
210.000 0.411
215.000 0.382
220.000 0.262
225.000 0.234
230.000 0.201
235.000 0.246
240.000 0.203
245.000 0.181
250.000 0.180
255.000 0.184
260.000 0.139
265.000 0.143
270.000 0.107
275.000 0.171
280.000 0.265
285.000 0.208
290.000 0.160
295.000 0.333
300.000 0.208
305.000 0.403
310.000 0.414
315.000 0.507
320.000 0.909
325.000 0.828
330.000 0.813
335.000 1.025
340.000 1.339
345.000 1.477
350.000 1.620
355.000 1.560
360.000 1.913
365.000 2.196
370.000 2.170
375.000 2.992
380.000 3.150
385.000 3.552
390.000 3.744
395.000 4.432
400.000 4.569
405.000 5.110
410.000 5.620
415.000 5.887
420.000 6.165
425.000 6.476
430.000 6.830
435.000 6.660
440.000 6.584
445.000 6.723
450.000 6.451
455.000 6.269
460.000 6.215
465.000 5.944
470.000 5.902
475.000 5.475
480.000 5.312
485.000 5.015
490.000 4.922
495.000 5.021
500.000 4.443
505.000 4.255
510.000 4.041
515.000 3.892
520.000 3.614
525.000 3.334
530.000 3.167
535.000 3.065
540.000 2.837
545.000 2.733
550.000 2.639
555.000 2.343
560.000 2.265
565.000 2.202
570.000 2.129
575.000 1.953
580.000 1.961
585.000 1.933
590.000 1.726
595.000 1.883
600.000 1.742
605.000 1.794
610.000 1.689
615.000 1.698
620.000 1.694
625.000 1.681
630.000 1.729
635.000 1.647
640.000 1.586
645.000 1.637
650.000 1.659
655.000 1.617
660.000 1.569
665.000 1.570
670.000 1.558
675.000 1.558
680.000 1.559
685.000 1.531
690.000 1.480
695.000 1.546
700.000 1.553
705.000 1.503
710.000 1.442
715.000 1.449
720.000 1.479
725.000 1.504
730.000 1.457
735.000 1.468
740.000 1.430
745.000 1.477
750.000 1.496
755.000 1.451
760.000 1.420
765.000 1.470
770.000 1.487
775.000 1.463
780.000 1.476
785.000 1.467
790.000 1.399
795.000 1.541
800.000 1.390
805.000 1.492
810.000 1.407
815.000 1.374
820.000 1.418
825.000 1.374
830.000 1.460
835.000 1.382
840.000 1.393
845.000 1.386
850.000 1.330
855.000 1.397
860.000 1.365
865.000 1.450
870.000 1.354
875.000 1.495
880.000 1.463
885.000 1.473
890.000 1.296
895.000 1.335
900.000 1.351
905.000 1.280
910.000 1.317
915.000 1.435
920.000 1.384
925.000 1.336
930.000 1.321
935.000 1.352
940.000 1.298
945.000 1.407
950.000 1.366
955.000 1.262
960.000 1.329
965.000 1.347
970.000 1.345
975.000 1.270
980.000 1.258
985.000 1.261
990.000 1.421
995.000 1.358
1000.000 1.269
1005.000 1.294
1010.000 1.149
1015.000 1.285
1020.000 1.263
1025.000 1.419
1030.000 1.225
1035.000 1.324
1040.000 1.298
1045.000 1.359
1050.000 1.325
1055.000 1.253
1060.000 1.276
1065.000 1.167
1070.000 1.267
1075.000 1.228
1080.000 1.273
1085.000 1.296
1090.000 1.275
1095.000 1.257
1100.000 1.195
1105.000 1.151
1110.000 1.304
1115.000 1.241
1120.000 1.169
1125.000 1.238
1130.000 1.218
1135.000 1.239
1140.000 1.178
1145.000 1.181
1150.000 1.204
1155.000 1.313
1160.000 1.275
1165.000 1.222
1170.000 1.172
1175.000 1.153
1180.000 1.175
1185.000 1.234
1190.000 1.160
1195.000 1.137
1200.000 1.246
1205.000 1.210
1210.000 1.163
1215.000 1.194
1220.000 1.144
1225.000 1.208
1230.000 1.145
1235.000 1.193
1240.000 1.170
1245.000 1.138
1250.000 1.213
1255.000 1.209
1260.000 1.236
1265.000 1.210
1270.000 1.135
1275.000 1.207
1280.000 1.136
1285.000 1.194
1290.000 1.224
1295.000 1.181
1300.000 1.200
1305.000 1.192
1310.000 1.185
1315.000 1.222
1320.000 1.178
1325.000 1.173
1330.000 1.137
1335.000 1.139
1340.000 1.123
1345.000 1.149
1350.000 1.143
1355.000 1.158
1360.000 1.134
1365.000 1.139
1370.000 1.132
1375.000 1.109
1380.000 1.098
1385.000 1.131
1390.000 1.159
1395.000 1.130
1400.000 1.131
1405.000 1.166
1410.000 1.140
1415.000 1.152
1420.000 1.121
1425.000 1.144
1430.000 1.171
1435.000 1.144
1440.000 1.086
1445.000 1.103
1450.000 1.133
1455.000 1.141
1460.000 1.141
1465.000 1.134
1470.000 1.153
1475.000 1.117
1480.000 1.039
1485.000 1.098
1490.000 1.076
1495.000 1.071
1500.000 1.056
1505.000 1.071
1510.000 1.065
1515.000 1.012
1520.000 1.035
1525.000 1.014
1530.000 0.975
1535.000 1.050
1540.000 0.981
1545.000 1.011
1550.000 0.999
1555.000 0.994
1560.000 0.994
1565.000 0.999
1570.000 0.953
1575.000 0.974
1580.000 0.947
1585.000 0.940
1590.000 0.951
1595.000 1.041
1600.000 0.999
1605.000 0.960
1610.000 0.948
1615.000 0.952
1620.000 0.948
1625.000 0.966
1630.000 0.980
1635.000 0.956
1640.000 0.976
1645.000 0.930
1650.000 0.951
1655.000 0.954
1660.000 1.023
1665.000 0.946
1670.000 0.902
1675.000 0.948
1680.000 0.947
1685.000 0.963
1690.000 1.037
1695.000 1.066
1700.000 1.037
1705.000 1.016
1710.000 1.036
1715.000 1.047
1720.000 1.040
1725.000 1.059
1730.000 1.065
1735.000 1.072
1740.000 1.081
1745.000 1.132
1750.000 1.125
1755.000 1.190
1760.000 1.176
1765.000 1.218
1770.000 1.212
1775.000 1.239
1780.000 1.352
1785.000 1.336
1790.000 1.358
1795.000 1.392
1800.000 1.452
1805.000 1.421
1810.000 1.527
1815.000 1.536
1820.000 1.571
1825.000 1.552
1830.000 1.645
1835.000 1.748
1840.000 1.787
1845.000 1.816
1850.000 1.825
1855.000 1.847
1860.000 1.825
1865.000 1.936
1870.000 1.952
1875.000 2.011
1880.000 1.989
1885.000 2.109
1890.000 2.092
1895.000 2.119
1900.000 2.057
1905.000 2.017
1910.000 2.184
1915.000 2.079
1920.000 2.166
1925.000 2.226
1930.000 2.227
1935.000 2.209
1940.000 2.225
1945.000 2.240
1950.000 2.217
1955.000 2.157
1960.000 2.183
1965.000 2.172
1970.000 2.220
1975.000 2.232
1980.000 2.251
1985.000 2.257
1990.000 2.199
1995.000 2.225
2000.000 2.193
2005.000 2.290
2010.000 2.264
2015.000 2.227
2020.000 2.203
2025.000 2.181
2030.000 2.260
2035.000 2.204
2040.000 2.208
2045.000 2.163
2050.000 2.151
2055.000 2.136
2060.000 2.297
2065.000 2.233
2070.000 2.236
2075.000 2.191
2080.000 2.182
2085.000 2.171
2090.000 2.130
2095.000 2.201
2100.000 2.212
2105.000 2.255
2110.000 2.224
2115.000 2.229
2120.000 2.237
2125.000 2.233
2130.000 2.220
2135.000 2.283
2140.000 2.304
2145.000 2.286
2150.000 2.226
2155.000 2.305
2160.000 2.346
2165.000 2.279
2170.000 2.371
2175.000 2.384
2180.000 2.357
2185.000 2.413
2190.000 2.369
2195.000 2.364
2200.000 2.427
2205.000 2.541
2210.000 2.564
2215.000 2.593
2220.000 2.559
2225.000 2.628
2230.000 2.723
2235.000 2.727
2240.000 2.768
2245.000 2.902
2250.000 2.966
2255.000 3.034
2260.000 3.230
2265.000 3.363
2270.000 3.413
2275.000 3.557
2280.000 3.925
2285.000 4.051
2290.000 4.148
2295.000 3.878
2300.000 4.909
2305.000 16.037
2310.000 33.606
2315.000 43.051
2320.000 14.189
2325.000 12.508
2330.000 3.717
2335.000 2.877
2340.000 2.401
2345.000 2.170
2350.000 1.384
2355.000 1.091
2360.000 1.001
2365.000 0.888
2370.000 0.777
2375.000 0.757
2380.000 0.738
2385.000 0.689
2390.000 0.686
2395.000 0.718
2400.000 0.709
2405.000 0.692
2410.000 0.704
2415.000 0.733
2420.000 0.722
2425.000 0.731
2430.000 0.736
2435.000 0.737
2440.000 0.788
2445.000 0.761
2450.000 0.762
2455.000 0.762
2460.000 0.781
2465.000 0.778
2470.000 0.796
2475.000 0.809
2480.000 0.790
2485.000 0.803
2490.000 0.828
2495.000 0.811
2500.000 0.817
2505.000 0.810
2510.000 0.825
2515.000 0.827
2520.000 0.838
2525.000 0.824
2530.000 0.833
2535.000 0.848
2540.000 0.868
2545.000 0.852
2550.000 0.846
2555.000 0.862
2560.000 0.865
2565.000 0.845
2570.000 0.868
2575.000 0.877
2580.000 0.870
2585.000 0.869
2590.000 0.879
2595.000 0.873
2600.000 0.887
2605.000 0.898
2610.000 0.880
2615.000 0.855
2620.000 0.893
2625.000 0.895
2630.000 0.920
2635.000 0.895
2640.000 0.892
2645.000 0.862
2650.000 0.885
2655.000 0.907
2660.000 0.900
2665.000 0.886
2670.000 0.882
2675.000 0.901
2680.000 0.909
2685.000 0.869
2690.000 0.879
2695.000 0.863
2700.000 0.862
2705.000 0.894
2710.000 0.905
2715.000 0.903
2720.000 0.909
2725.000 0.918
2730.000 0.893
2735.000 0.917
2740.000 0.911
2745.000 0.908
2750.000 0.901
2755.000 0.920
2760.000 0.913
2765.000 0.901
2770.000 0.902
2775.000 0.922
2780.000 0.913
2785.000 0.920
2790.000 0.921
2795.000 0.941
2800.000 0.927
2805.000 0.935
2810.000 0.937
2815.000 0.954
2820.000 0.960
2825.000 0.918
2830.000 0.954
2835.000 0.981
2840.000 0.968
2845.000 0.960
2850.000 0.954
2855.000 0.998
2860.000 1.014
2865.000 1.002
2870.000 1.022
2875.000 1.008
2880.000 1.028
2885.000 1.014
2890.000 1.046
2895.000 1.033
2900.000 1.043
2905.000 1.068
2910.000 1.087
2915.000 1.062
2920.000 1.125
2925.000 1.057
2930.000 1.090
2935.000 1.114
2940.000 1.108
2945.000 1.125
2950.000 1.128
2955.000 1.134
2960.000 1.174
2965.000 1.167
2970.000 1.139
2975.000 1.181
2980.000 1.124
2985.000 1.215
2990.000 1.252
2995.000 1.164
3000.000 1.210
3005.000 1.268
3010.000 1.217
3015.000 1.232
3020.000 1.274
3025.000 1.249
3030.000 1.280
3035.000 1.246
3040.000 1.270
3045.000 1.251
3050.000 1.332
3055.000 1.357
3060.000 1.320
3065.000 1.304
3070.000 1.301
3075.000 1.327
3080.000 1.339
3085.000 1.335
3090.000 1.401
3095.000 1.365
3100.000 1.389
3105.000 1.396
3110.000 1.400
3115.000 1.413
3120.000 1.401
3125.000 1.406
3130.000 1.455
3135.000 1.430
3140.000 1.437
3145.000 1.456
3150.000 1.490
3155.000 1.479
3160.000 1.486
3165.000 1.492
3170.000 1.521
3175.000 1.523
3180.000 1.534
3185.000 1.513
3190.000 1.516
3195.000 1.558
3200.000 1.570
3205.000 1.551
3210.000 1.524
3215.000 1.565
3220.000 1.565
3225.000 1.571
3230.000 1.602
3235.000 1.604
3240.000 1.615
3245.000 1.605
3250.000 1.627
3255.000 1.664
3260.000 1.663
3265.000 1.676
3270.000 1.663
3275.000 1.711
3280.000 1.693
3285.000 1.706
3290.000 1.720
3295.000 1.730
3300.000 1.777
3305.000 1.758
3310.000 1.793
3315.000 1.790
3320.000 1.811
3325.000 1.857
3330.000 1.836
3335.000 1.843
3340.000 1.863
3345.000 1.875
3350.000 1.871
3355.000 1.912
3360.000 1.945
3365.000 1.958
3370.000 1.957
3375.000 1.999
3380.000 1.994
3385.000 1.997
3390.000 2.054
3395.000 2.093
3400.000 2.090
3405.000 2.103
3410.000 2.150
3415.000 2.111
3420.000 2.144
3425.000 2.211
3430.000 2.222
3435.000 2.262
3440.000 2.272
3445.000 2.333
3450.000 2.392
3455.000 2.423
3460.000 2.433
3465.000 2.536
3470.000 2.520
3475.000 2.584
3480.000 2.612
3485.000 2.682
3490.000 2.703
3495.000 2.736
3500.000 2.859
3505.000 2.936
3510.000 2.932
3515.000 2.948
3520.000 3.064
3525.000 3.100
3530.000 3.117
3535.000 3.253
3540.000 3.288
3545.000 3.349
3550.000 3.379
3555.000 3.502
3560.000 3.574
3565.000 3.664
3570.000 3.809
3575.000 3.931
3580.000 3.993
3585.000 4.086
3590.000 4.276
3595.000 4.444
3600.000 4.567
3605.000 4.688
3610.000 5.055
3615.000 5.234
3620.000 5.487
3625.000 5.994
3630.000 6.328
3635.000 6.712
3640.000 7.162
3645.000 8.420
3650.000 9.175
3655.000 10.196
3660.000 13.211
3665.000 15.419
3670.000 18.189
3675.000 21.799
3680.000 31.941
3685.000 39.313
3690.000 48.114
3695.000 63.916
3700.000 63.949
3705.000 52.800
3710.000 36.223
3715.000 19.513
3720.000 15.760
3725.000 12.984
3730.000 10.926
3735.000 8.081
3740.000 7.062
3745.000 6.242
3750.000 4.940
3755.000 4.450
3760.000 4.013
3765.000 3.631
3770.000 3.101
3775.000 2.880
3780.000 2.548
3785.000 2.361
3790.000 2.219
3795.000 1.958
3800.000 1.742
3805.000 1.500
3810.000 1.769
3815.000 1.638
3820.000 1.358
3825.000 1.463
3830.000 1.469
3835.000 0.877
3840.000 0.821
3845.000 0.851
3850.000 1.023
3855.000 0.968
3860.000 0.603
3865.000 1.055
3870.000 0.519
3875.000 0.969
3880.000 0.601
3885.000 0.573
3890.000 0.691
3895.000 0.575
3900.000 0.635
3905.000 0.504
3910.000 0.688
3915.000 0.604
3920.000 0.594
3925.000 0.592
3930.000 0.538
3935.000 0.457
3940.000 0.498
3945.000 0.476
3950.000 0.463
3955.000 0.445
3960.000 0.410
3965.000 0.407
3970.000 0.393
3975.000 0.388
3980.000 0.406
3985.000 0.324
3990.000 0.290
3995.000 0.313
4000.000 0.303
4005.000 0.294
4010.000 0.278
4015.000 0.270
4020.000 0.239
4025.000 0.253
4030.000 0.210
4035.000 0.234
4040.000 0.211
4045.000 0.218
4050.000 0.234
4055.000 0.240
4060.000 0.245
4065.000 0.227
4070.000 0.213
4075.000 0.220
4080.000 0.243
4085.000 0.227
4090.000 0.234
4095.000 0.230
4100.000 0.224
4105.000 0.243
4110.000 0.229
4115.000 0.253
4120.000 0.256
4125.000 0.253
4130.000 0.252
4135.000 0.284
4140.000 0.265
4145.000 0.282
4150.000 0.278
4155.000 0.284
4160.000 0.282
4165.000 0.291
4170.000 0.279
4175.000 0.296
4180.000 0.305
4185.000 0.314
4190.000 0.327
4195.000 0.321
4200.000 0.334
4205.000 0.336
4210.000 0.327
4215.000 0.341
4220.000 0.348
4225.000 0.346
4230.000 0.345
4235.000 0.350
4240.000 0.365
4245.000 0.367
4250.000 0.376
4255.000 0.380
4260.000 0.373
4265.000 0.392
4270.000 0.385
4275.000 0.379
4280.000 0.386
4285.000 0.398
4290.000 0.388
4295.000 0.377
4300.000 0.389
4305.000 0.379
4310.000 0.384
4315.000 0.370
4320.000 0.383
4325.000 0.354
4330.000 0.350
4335.000 0.354
4340.000 0.353
4345.000 0.334
4350.000 0.345
4355.000 0.347
4360.000 0.336
4365.000 0.333
4370.000 0.324
4375.000 0.325
4380.000 0.335
4385.000 0.327
4390.000 0.330
4395.000 0.325
4400.000 0.306
4405.000 0.312
4410.000 0.307
4415.000 0.304
4420.000 0.324
4425.000 0.301
4430.000 0.298
4435.000 0.312
4440.000 0.300
4445.000 0.306
4450.000 0.302
4455.000 0.302
4460.000 0.312
4465.000 0.287
4470.000 0.281
4475.000 0.295
4480.000 0.293
4485.000 0.286
4490.000 0.278
4495.000 0.278
4500.000 0.282
4505.000 0.280
4510.000 0.273
4515.000 0.271
4520.000 0.266
4525.000 0.266
4530.000 0.257
4535.000 0.257
4540.000 0.245
4545.000 0.242
4550.000 0.243
4555.000 0.246
4560.000 0.247
4565.000 0.235
4570.000 0.246
4575.000 0.240
4580.000 0.226
4585.000 0.217
4590.000 0.219
4595.000 0.215
4600.000 0.233
4605.000 0.221
4610.000 0.201
4615.000 0.211
4620.000 0.206
4625.000 0.196
4630.000 0.206
4635.000 0.198
4640.000 0.200
4645.000 0.196
4650.000 0.182
4655.000 0.177
4660.000 0.174
4665.000 0.169
4670.000 0.163
4675.000 0.185
4680.000 0.162
4685.000 0.179
4690.000 0.173
4695.000 0.181
4700.000 0.193
4705.000 0.187
4710.000 0.214
4715.000 0.219
4720.000 0.225
4725.000 0.238
4730.000 0.253
4735.000 0.258
4740.000 0.290
4745.000 0.288
4750.000 0.308
4755.000 0.333
4760.000 0.346
4765.000 0.372
4770.000 0.386
4775.000 0.430
4780.000 0.438
4785.000 0.478
4790.000 0.522
4795.000 0.535
4800.000 0.573
4805.000 0.606
4810.000 0.676
4815.000 0.697
4820.000 0.758
4825.000 0.791
4830.000 0.876
4835.000 0.920
4840.000 0.970
4845.000 1.086
4850.000 1.168
4855.000 1.236
4860.000 1.316
4865.000 1.493
4870.000 1.590
4875.000 1.710
4880.000 2.006
4885.000 2.213
4890.000 2.456
4895.000 2.728
4900.000 3.539
4905.000 4.080
4910.000 4.774
4915.000 6.746
4920.000 7.980
4925.000 9.399
4930.000 10.999
4935.000 14.883
4940.000 17.417
4945.000 21.036
4950.000 25.265
4955.000 36.482
4960.000 42.040
4965.000 43.105
4970.000 25.260
4975.000 51.423
4980.000 47.521
4985.000 52.648
4990.000 34.023
4995.000 27.009
5000.000 24.170
5005.000 18.973
5010.000 14.724
5015.000 13.479
5020.000 11.972
5025.000 9.762
5030.000 8.939
5035.000 8.188
5040.000 7.547
5045.000 6.576
5050.000 6.176
5055.000 5.827
5060.000 5.229
5065.000 4.976
5070.000 4.754
5075.000 4.563
5080.000 4.204
5085.000 4.051
5090.000 3.908
5095.000 3.814
5100.000 3.601
5105.000 3.498
5110.000 3.416
5115.000 3.280
5120.000 3.194
5125.000 3.144
5130.000 3.088
5135.000 2.980
5140.000 2.936
5145.000 2.909
5150.000 2.820
5155.000 2.810
5160.000 2.763
5165.000 2.744
5170.000 2.694
5175.000 2.666
5180.000 2.646
5185.000 2.603
5190.000 2.602
5195.000 2.565
5200.000 2.551
5205.000 2.525
5210.000 2.509
5215.000 2.492
5220.000 2.470
5225.000 2.439
5230.000 2.424
5235.000 2.420
5240.000 2.392
5245.000 2.364
5250.000 2.360
5255.000 2.357
5260.000 2.368
5265.000 2.321
5270.000 2.317
5275.000 2.298
5280.000 2.286
5285.000 2.278
5290.000 2.274
5295.000 2.255
5300.000 2.220
5305.000 2.217
5310.000 2.199
5315.000 2.191
5320.000 2.169
5325.000 2.167
5330.000 2.155
5335.000 2.150
5340.000 2.117
5345.000 2.126
5350.000 2.100
5355.000 2.094
5360.000 2.092
5365.000 2.067
5370.000 2.042
5375.000 2.038
5380.000 2.032
5385.000 2.000
5390.000 2.016
5395.000 2.004
5400.000 1.979
5405.000 1.962
5410.000 1.950
5415.000 1.933
5420.000 1.942
5425.000 1.931
5430.000 1.912
5435.000 1.905
5440.000 1.889
5445.000 1.871
5450.000 1.858
5455.000 1.849
5460.000 1.843
5465.000 1.815
5470.000 1.805
5475.000 1.797
5480.000 1.787
5485.000 1.791
5490.000 1.762
5495.000 1.754
5500.000 1.754
5505.000 1.752
5510.000 1.728
5515.000 1.722
5520.000 1.708
5525.000 1.692
5530.000 1.680
5535.000 1.679
5540.000 1.665
5545.000 1.660
5550.000 1.641
5555.000 1.643
5560.000 1.620
5565.000 1.607
5570.000 1.599
5575.000 1.594
5580.000 1.583
5585.000 1.587
5590.000 1.572
5595.000 1.552
5600.000 1.539
5605.000 1.535
5610.000 1.544
5615.000 1.509
5620.000 1.510
5625.000 1.500
5630.000 1.498
5635.000 1.497
5640.000 1.473
5645.000 1.465
5650.000 1.457
5655.000 1.458
5660.000 1.472
5665.000 1.447
5670.000 1.442
5675.000 1.433
5680.000 1.417
5685.000 1.417
5690.000 1.413
5695.000 1.396
5700.000 1.394
5705.000 1.397
5710.000 1.402
5715.000 1.372
5720.000 1.373
5725.000 1.369
5730.000 1.355
5735.000 1.365
5740.000 1.348
5745.000 1.325
5750.000 1.330
5755.000 1.327
5760.000 1.319
5765.000 1.316
5770.000 1.305
5775.000 1.309
5780.000 1.289
5785.000 1.287
5790.000 1.284
5795.000 1.271
5800.000 1.281
5805.000 1.253
5810.000 1.245
5815.000 1.242
5820.000 1.243
5825.000 1.236
5830.000 1.226
5835.000 1.222
5840.000 1.227
5845.000 1.213
5850.000 1.197
5855.000 1.189
5860.000 1.195
5865.000 1.192
5870.000 1.168
5875.000 1.157
5880.000 1.169
5885.000 1.142
5890.000 1.128
5895.000 1.133
5900.000 1.124
5905.000 1.120
5910.000 1.106
5915.000 1.092
5920.000 1.086
5925.000 1.082
5930.000 1.062
5935.000 1.057
5940.000 1.033
5945.000 1.019
5950.000 1.008
5955.000 1.006
5960.000 0.973
5965.000 0.959
5970.000 0.949
5975.000 0.918
5980.000 0.889
5985.000 0.888
5990.000 0.871
5995.000 0.825
6000.000 0.825
6005.000 0.801
6010.000 0.753
6015.000 0.747
6020.000 0.715
6025.000 0.708
6030.000 0.654
6035.000 0.628
6040.000 0.610
6045.000 0.604
6050.000 0.560
6055.000 0.537
6060.000 0.520
6065.000 0.492
6070.000 0.447
6075.000 0.460
6080.000 0.434
6085.000 0.466
6090.000 0.480
6095.000 0.492
6100.000 0.536
6105.000 0.609
6110.000 0.683
6115.000 0.749
6120.000 0.924
6125.000 1.018
6130.000 1.144
6135.000 1.291
6140.000 1.667
6145.000 1.908
6150.000 2.287
6155.000 3.335
6160.000 4.160
6165.000 5.272
6170.000 6.740
6175.000 10.422
6180.000 12.580
6185.000 14.899
6190.000 17.358
6195.000 23.167
6200.000 26.628
6205.000 30.532
6210.000 40.020
6215.000 44.688
6220.000 48.815
6225.000 52.102
6230.000 53.153
6235.000 45.337
6240.000 35.544
6245.000 27.767
6250.000 24.289
6255.000 21.328
6260.000 18.598
6265.000 13.817
6270.000 11.794
6275.000 10.043
6280.000 7.266
6285.000 6.244
6290.000 5.448
6295.000 4.807
6300.000 3.950
6305.000 3.661
6310.000 3.432
6315.000 3.252
6320.000 2.983
6325.000 2.870
6330.000 2.793
6335.000 2.674
6340.000 2.618
6345.000 2.560
6350.000 2.531
6355.000 2.489
6360.000 2.455
6365.000 2.424
6370.000 2.386
6375.000 2.366
6380.000 2.354
6385.000 2.346
6390.000 2.315
6395.000 2.306
6400.000 2.290
6405.000 2.281
6410.000 2.285
6415.000 2.264
6420.000 2.269
6425.000 2.292
6430.000 2.293
6435.000 2.280
6440.000 2.282
6445.000 2.293
6450.000 2.300
6455.000 2.313
6460.000 2.317
6465.000 2.353
6470.000 2.364
6475.000 2.389
6480.000 2.424
6485.000 2.453
6490.000 2.484
6495.000 2.500
6500.000 2.592
6505.000 2.638
6510.000 2.715
6515.000 2.870
6520.000 2.970
6525.000 3.095
6530.000 3.260
6535.000 3.750
6540.000 4.189
6545.000 4.692
6550.000 13.397
6555.000 28.128
6560.000 40.968
6565.000 45.768
6570.000 8.290
6575.000 6.885
6580.000 0.972
6585.000 2.810
6590.000 1.563
6595.000 1.239
6600.000 1.434
6605.000 1.447
6610.000 1.429
6615.000 1.408
6620.000 1.420
6625.000 1.420
6630.000 1.439
6635.000 1.441
6640.000 1.460
6645.000 1.437
6650.000 1.457
6655.000 1.450
6660.000 1.463
6665.000 1.454
6670.000 1.467
6675.000 1.469
6680.000 1.472
6685.000 1.477
6690.000 1.479
6695.000 1.483
6700.000 1.484
6705.000 1.484
6710.000 1.491
6715.000 1.508
6720.000 1.497
6725.000 1.496
6730.000 1.511
6735.000 1.510
6740.000 1.517
6745.000 1.524
6750.000 1.529
6755.000 1.526
6760.000 1.531
6765.000 1.546
6770.000 1.548
6775.000 1.563
6780.000 1.578
6785.000 1.573
6790.000 1.574
6795.000 1.586
6800.000 1.599
6805.000 1.595
6810.000 1.603
6815.000 1.613
6820.000 1.623
6825.000 1.625
6830.000 1.625
6835.000 1.643
6840.000 1.643
6845.000 1.646
6850.000 1.658
6855.000 1.671
6860.000 1.672
6865.000 1.674
6870.000 1.676
6875.000 1.685
6880.000 1.696
6885.000 1.698
6890.000 1.707
6895.000 1.724
6900.000 1.716
6905.000 1.721
6910.000 1.734
6915.000 1.748
6920.000 1.749
6925.000 1.755
6930.000 1.770
6935.000 1.771
6940.000 1.776
6945.000 1.795
6950.000 1.812
6955.000 1.817
6960.000 1.831
6965.000 1.822
6970.000 1.849
6975.000 1.857
6980.000 1.889
6985.000 1.870
6990.000 1.900
6995.000 1.894
7000.000 1.919
7005.000 1.933
7010.000 1.942
7015.000 1.954
7020.000 1.962
7025.000 1.988
7030.000 2.006
7035.000 2.028
7040.000 2.039
7045.000 2.050
7050.000 2.058
7055.000 2.108
7060.000 2.114
7065.000 2.136
7070.000 2.172
7075.000 2.188
7080.000 2.215
7085.000 2.222
7090.000 2.269
7095.000 2.298
7100.000 2.307
7105.000 2.355
7110.000 2.368
7115.000 2.407
7120.000 2.450
7125.000 2.491
7130.000 2.517
7135.000 2.557
7140.000 2.586
7145.000 2.669
7150.000 2.699
7155.000 2.751
7160.000 2.836
7165.000 2.886
7170.000 2.936
7175.000 2.987
7180.000 3.094
7185.000 3.153
7190.000 3.204
7195.000 3.244
7200.000 3.377
7205.000 3.426
7210.000 3.514
7215.000 3.650
7220.000 3.707
7225.000 3.770
7230.000 3.834
7235.000 3.960
7240.000 4.020
7245.000 4.083
7250.000 4.225
7255.000 4.296
7260.000 4.363
7265.000 4.439
7270.000 4.608
7275.000 4.684
7280.000 4.789
7285.000 4.901
7290.000 5.110
7295.000 5.253
7300.000 5.395
7305.000 5.676
7310.000 5.807
7315.000 5.965
7320.000 6.147
7325.000 6.512
7330.000 6.769
7335.000 7.040
7340.000 7.592
7345.000 7.923
7350.000 8.307
7355.000 8.725
7360.000 9.747
7365.000 10.161
7370.000 11.424
7375.000 13.686
7380.000 15.055
7385.000 16.760
7390.000 18.784
7395.000 24.120
7400.000 27.763
7405.000 31.936
7410.000 36.344
7415.000 44.749
7420.000 48.574
7425.000 52.126
7430.000 55.789
7435.000 54.030
7440.000 47.003
7445.000 35.974
7450.000 20.009
7455.000 18.233
7460.000 17.382
7465.000 14.038
7470.000 12.783
7475.000 11.647
7480.000 10.625
7485.000 9.001
7490.000 8.353
7495.000 7.792
7500.000 6.840
7505.000 6.436
7510.000 6.064
7515.000 5.715
7520.000 5.124
7525.000 4.870
7530.000 4.637
7535.000 4.431
7540.000 4.045
7545.000 3.861
7550.000 3.705
7555.000 3.574
7560.000 3.322
7565.000 3.215
7570.000 3.129
7575.000 2.957
7580.000 2.866
7585.000 2.768
7590.000 2.714
7595.000 2.568
7600.000 2.507
7605.000 2.459
7610.000 2.346
7615.000 2.284
7620.000 2.246
7625.000 2.206
7630.000 2.129
7635.000 2.083
7640.000 2.040
7645.000 1.972
7650.000 1.951
7655.000 1.914
7660.000 1.881
7665.000 1.835
7670.000 1.799
7675.000 1.788
7680.000 1.761
7685.000 1.716
7690.000 1.684
7695.000 1.679
7700.000 1.627
7705.000 1.611
7710.000 1.600
7715.000 1.584
7720.000 1.555
7725.000 1.523
7730.000 1.525
7735.000 1.492
7740.000 1.479
7745.000 1.464
7750.000 1.453
7755.000 1.417
7760.000 1.416
7765.000 1.398
7770.000 1.371
7775.000 1.363
7780.000 1.345
7785.000 1.338
7790.000 1.321
7795.000 1.312
7800.000 1.296
7805.000 1.295
7810.000 1.267
7815.000 1.260
7820.000 1.260
7825.000 1.228
7830.000 1.221
7835.000 1.209
7840.000 1.223
7845.000 1.189
7850.000 1.185
7855.000 1.181
7860.000 1.150
7865.000 1.144
7870.000 1.128
7875.000 1.133
7880.000 1.111
7885.000 1.095
7890.000 1.095
7895.000 1.075
7900.000 1.061
7905.000 1.043
7910.000 1.043
7915.000 1.022
7920.000 1.016
7925.000 0.989
7930.000 0.986
7935.000 0.971
7940.000 0.965
7945.000 0.949
7950.000 0.940
7955.000 0.919
7960.000 0.931
7965.000 0.916
7970.000 0.948
7975.000 0.960
7980.000 0.979
7985.000 1.019
7990.000 1.114
7995.000 1.208
8000.000 1.320
8005.000 1.701
8010.000 1.995
8015.000 2.397
8020.000 3.031
8025.000 6.461
8030.000 11.518
8035.000 19.795
8040.000 35.515
8045.000 38.424
8050.000 28.888
8055.000 12.757
8060.000 11.100
8065.000 6.850
8070.000 6.433
8075.000 6.006
8080.000 4.894
8085.000 4.390
8090.000 4.098
8095.000 3.575
8100.000 3.363
8105.000 3.175
8110.000 3.020
8115.000 2.778
8120.000 2.681
8125.000 2.609
8130.000 2.437
8135.000 2.390
8140.000 2.329
8145.000 2.278
8150.000 2.183
8155.000 2.155
8160.000 2.113
8165.000 2.060
8170.000 2.044
8175.000 2.010
8180.000 1.997
8185.000 1.966
8190.000 1.952
8195.000 1.951
8200.000 1.927
8205.000 1.925
8210.000 1.911
8215.000 1.918
8220.000 1.911
8225.000 1.903
8230.000 1.900
8235.000 1.917
8240.000 1.902
8245.000 1.908
8250.000 1.902
8255.000 1.903
8260.000 1.907
8265.000 1.915
8270.000 1.922
8275.000 1.938
8280.000 1.917
8285.000 1.929
8290.000 1.945
8295.000 1.944
8300.000 1.957
8305.000 1.958
8310.000 1.972
8315.000 1.984
8320.000 1.993
8325.000 2.005
8330.000 2.010
8335.000 2.027
8340.000 2.048
8345.000 2.089
8350.000 2.096
8355.000 2.112
8360.000 2.141
8365.000 2.183
8370.000 2.194
8375.000 2.225
8380.000 2.241
8385.000 2.301
8390.000 2.323
8395.000 2.357
8400.000 2.423
8405.000 2.458
8410.000 2.493
8415.000 2.550
8420.000 2.656
8425.000 2.710
8430.000 2.788
8435.000 2.937
8440.000 3.009
8445.000 3.113
8450.000 3.202
8455.000 3.401
8460.000 3.506
8465.000 3.634
8470.000 3.973
8475.000 4.208
8480.000 4.504
8485.000 4.892
8490.000 5.942
8495.000 6.837
8500.000 8.120
8505.000 10.246
8510.000 18.761
8515.000 24.962
8520.000 31.273
8525.000 32.128
8530.000 12.297
8535.000 10.660
8540.000 2.595
8545.000 3.794
8550.000 3.305
8555.000 2.914
8560.000 2.855
8565.000 3.109
8570.000 3.208
8575.000 3.386
8580.000 3.873
8585.000 4.252
8590.000 5.009
8595.000 7.508
8600.000 9.274
8605.000 11.252
8610.000 13.368
8615.000 16.389
8620.000 16.705
8625.000 15.810
8630.000 13.612
8635.000 9.310
8640.000 8.279
8645.000 7.953
8650.000 8.503
8655.000 8.757
8660.000 8.647
8665.000 8.038
8670.000 6.287
8675.000 5.189
8680.000 4.231
8685.000 3.527
8690.000 2.559
8695.000 2.230
8700.000 1.946
8705.000 1.528
8710.000 1.383
8715.000 1.254
8720.000 1.157
8725.000 0.977
8730.000 0.905
8735.000 0.860
8740.000 0.776
8745.000 0.737
8750.000 0.704
8755.000 0.690
8760.000 0.671
8765.000 0.657
8770.000 0.654
8775.000 0.651
8780.000 0.658
8785.000 0.679
8790.000 0.674
8795.000 0.695
8800.000 0.697
8805.000 0.710
8810.000 0.719
8815.000 0.746
8820.000 0.751
8825.000 0.764
8830.000 0.802
8835.000 0.809
8840.000 0.823
8845.000 0.824
8850.000 0.865
8855.000 0.866
8860.000 0.889
8865.000 0.914
8870.000 0.929
8875.000 0.930
8880.000 0.952
8885.000 0.977
8890.000 0.991
8895.000 0.990
8900.000 1.004
8905.000 1.023
8910.000 1.039
8915.000 1.044
8920.000 1.064
8925.000 1.075
8930.000 1.083
8935.000 1.100
8940.000 1.110
8945.000 1.127
8950.000 1.132
8955.000 1.145
8960.000 1.161
8965.000 1.168
8970.000 1.187
8975.000 1.187
8980.000 1.214
8985.000 1.223
8990.000 1.224
8995.000 1.253
9000.000 1.264
9005.000 1.276
9010.000 1.278
9015.000 1.298
9020.000 1.304
9025.000 1.307
9030.000 1.327
9035.000 1.343
9040.000 1.357
9045.000 1.348
9050.000 1.378
9055.000 1.407
9060.000 1.383
9065.000 1.411
9070.000 1.415
9075.000 1.429
9080.000 1.454
9085.000 1.454
9090.000 1.482
9095.000 1.488
9100.000 1.506
9105.000 1.514
9110.000 1.537
9115.000 1.540
9120.000 1.559
9125.000 1.572
9130.000 1.583
9135.000 1.605
9140.000 1.617
9145.000 1.655
9150.000 1.657
9155.000 1.673
9160.000 1.699
9165.000 1.718
9170.000 1.743
9175.000 1.774
9180.000 1.805
9185.000 1.812
9190.000 1.856
9195.000 1.883
9200.000 1.891
9205.000 1.915
9210.000 1.977
9215.000 2.009
9220.000 2.024
9225.000 2.074
9230.000 2.082
9235.000 2.109
9240.000 2.130
9245.000 2.173
9250.000 2.183
9255.000 2.206
9260.000 2.248
9265.000 2.275
9270.000 2.301
9275.000 2.316
9280.000 2.385
9285.000 2.411
9290.000 2.450
9295.000 2.491
9300.000 2.574
9305.000 2.627
9310.000 2.639
9315.000 2.729
9320.000 2.753
9325.000 2.793
9330.000 2.843
9335.000 2.937
9340.000 2.972
9345.000 3.020
9350.000 3.143
9355.000 3.214
9360.000 3.271
9365.000 3.318
9370.000 3.513
9375.000 3.594
9380.000 3.683
9385.000 3.972
9390.000 4.088
9395.000 4.264
9400.000 4.440
9405.000 5.005
9410.000 5.356
9415.000 5.779
9420.000 6.373
9425.000 8.133
9430.000 9.575
9435.000 11.570
9440.000 14.405
9445.000 23.045
9450.000 28.443
9455.000 33.926
9460.000 35.032
9465.000 19.672
9470.000 12.187
9475.000 11.508
9480.000 4.719
9485.000 4.234
9490.000 3.620
9495.000 2.379
9500.000 2.016
9505.000 1.755
9510.000 1.544
9515.000 1.303
9520.000 1.242
9525.000 1.211
9530.000 1.169
9535.000 1.182
9540.000 1.185
9545.000 1.184
9550.000 1.251
9555.000 1.272
9560.000 1.306
9565.000 1.360
9570.000 1.396
9575.000 1.433
9580.000 1.466
9585.000 1.539
9590.000 1.597
9595.000 1.636
9600.000 1.681
9605.000 1.782
9610.000 1.835
9615.000 1.882
9620.000 2.006
9625.000 2.081
9630.000 2.167
9635.000 2.238
9640.000 2.414
9645.000 2.498
9650.000 2.596
9655.000 2.831
9660.000 2.945
9665.000 3.103
9670.000 3.264
9675.000 3.631
9680.000 3.837
9685.000 4.053
9690.000 4.499
9695.000 4.685
9700.000 4.901
9705.000 5.118
9710.000 5.661
9715.000 5.968
9720.000 6.346
9725.000 6.712
9730.000 7.708
9735.000 8.364
9740.000 9.048
9745.000 10.884
9750.000 12.084
9755.000 13.460
9760.000 15.097
9765.000 19.148
9770.000 21.592
9775.000 24.616
9780.000 27.452
9785.000 33.014
9790.000 34.890
9795.000 35.664
9800.000 31.665
9805.000 26.878
9810.000 22.230
9815.000 18.383
9820.000 12.691
9825.000 10.618
9830.000 9.000
9835.000 6.883
9840.000 6.585
9845.000 6.833
9850.000 7.444
9855.000 9.057
9860.000 9.181
9865.000 8.710
9870.000 7.928
9875.000 6.618
9880.000 6.138
9885.000 5.719
9890.000 5.139
9895.000 4.914
9900.000 4.704
9905.000 4.540
9910.000 4.247
9915.000 4.067
9920.000 3.913
9925.000 3.626
9930.000 3.480
9935.000 3.352
9940.000 3.229
9945.000 2.999
9950.000 2.895
9955.000 2.815
9960.000 2.647
9965.000 2.572
9970.000 2.487
9975.000 2.409
9980.000 2.289
9985.000 2.234
9990.000 2.189
9995.000 2.131
10000.000 2.054
