105.000 0.068
110.000 0.152
115.000 0.531
120.000 0.639
125.000 0.774
130.000 0.761
135.000 0.756
140.000 0.933
145.000 0.893
150.000 0.824
155.000 0.854
160.000 0.745
170.000 0.634
175.000 0.571
180.000 0.530
190.000 0.428
195.000 0.362
200.000 0.307
205.000 0.280
210.000 0.247
215.000 0.482
220.000 0.398
225.000 0.364
230.000 0.334
235.000 0.301
240.000 0.243
245.000 0.266
250.000 0.180
255.000 0.132
260.000 0.151
265.000 0.287
270.000 0.157
275.000 0.185
280.000 0.148
285.000 0.173
290.000 0.226
295.000 0.318
300.000 0.269
305.000 0.292
310.000 0.331
315.000 0.428
320.000 0.653
325.000 0.686
330.000 0.756
335.000 0.911
340.000 1.025
345.000 1.116
350.000 1.324
355.000 1.527
360.000 1.679
365.000 1.960
370.000 2.203
375.000 2.821
380.000 3.116
385.000 3.394
390.000 3.726
395.000 4.382
400.000 4.573
405.000 5.290
410.000 5.271
415.000 5.762
420.000 6.050
425.000 6.373
430.000 6.739
435.000 6.417
440.000 6.590
445.000 6.733
450.000 6.540
455.000 6.147
460.000 6.114
465.000 5.948
470.000 5.708
475.000 5.382
480.000 5.193
485.000 4.840
490.000 4.691
495.000 4.573
500.000 4.177
505.000 3.995
510.000 3.681
515.000 3.408
520.000 3.268
525.000 3.018
530.000 2.853
535.000 2.671
540.000 2.626
545.000 2.414
550.000 2.338
555.000 2.179
560.000 2.139
565.000 2.122
570.000 1.999
575.000 1.894
580.000 1.827
585.000 1.853
590.000 1.759
595.000 1.783
600.000 1.663
605.000 1.724
610.000 1.736
615.000 1.707
620.000 1.666
625.000 1.639
630.000 1.620
635.000 1.630
640.000 1.625
645.000 1.567
650.000 1.630
655.000 1.588
660.000 1.554
665.000 1.548
670.000 1.617
675.000 1.503
680.000 1.583
685.000 1.541
690.000 1.555
695.000 1.520
700.000 1.574
705.000 1.436
710.000 1.460
715.000 1.415
720.000 1.441
725.000 1.522
730.000 1.492
735.000 1.395
740.000 1.412
745.000 1.433
750.000 1.480
755.000 1.433
760.000 1.453
765.000 1.423
770.000 1.398
775.000 1.388
780.000 1.392
785.000 1.469
790.000 1.469
795.000 1.454
800.000 1.374
805.000 1.506
810.000 1.378
815.000 1.472
820.000 1.426
825.000 1.376
830.000 1.478
835.000 1.414
840.000 1.423
845.000 1.430
850.000 1.416
855.000 1.324
860.000 1.290
865.000 1.413
870.000 1.308
875.000 1.379
880.000 1.396
885.000 1.372
890.000 1.333
895.000 1.367
900.000 1.317
905.000 1.218
910.000 1.379
915.000 1.392
920.000 1.366
925.000 1.336
930.000 1.360
935.000 1.397
940.000 1.333
945.000 1.264
950.000 1.469
955.000 1.409
960.000 1.387
965.000 1.339
970.000 1.187
975.000 1.281
980.000 1.379
985.000 1.482
990.000 1.372
995.000 1.153
1000.000 1.293
1005.000 1.453
1010.000 1.362
1015.000 1.230
1020.000 1.284
1025.000 1.540
1030.000 1.267
1035.000 1.334
1040.000 1.277
1045.000 1.372
1050.000 1.328
1055.000 1.151
1060.000 1.307
1065.000 1.228
1070.000 1.216
1075.000 1.167
1080.000 1.212
1085.000 1.317
1090.000 1.315
1095.000 1.227
1100.000 1.247
1105.000 1.366
1110.000 1.247
1115.000 1.260
1120.000 1.167
1125.000 1.144
1130.000 1.163
1135.000 1.193
1140.000 1.185
1145.000 1.160
1150.000 1.231
1155.000 1.272
1160.000 1.228
1165.000 1.290
1170.000 1.188
1175.000 1.248
1180.000 1.236
1185.000 1.210
1190.000 1.185
1195.000 1.181
1200.000 1.267
1205.000 1.255
1210.000 1.272
1215.000 1.213
1220.000 1.195
1225.000 1.210
1230.000 1.202
1235.000 1.184
1240.000 1.150
1245.000 1.178
1250.000 1.153
1255.000 1.214
1260.000 1.231
1265.000 1.201
1270.000 1.161
1275.000 1.219
1280.000 1.222
1285.000 1.219
1290.000 1.104
1295.000 1.214
1300.000 1.203
1305.000 1.177
1310.000 1.222
1315.000 1.165
1320.000 1.184
1325.000 1.155
1330.000 1.125
1335.000 1.150
1340.000 1.111
1345.000 1.147
1350.000 1.136
1355.000 1.119
1360.000 1.122
1365.000 1.150
1370.000 1.145
1375.000 1.210
1380.000 1.198
1385.000 1.153
1390.000 1.154
1395.000 1.106
1400.000 1.165
1405.000 1.138
1410.000 1.089
1415.000 1.127
1420.000 1.090
1425.000 1.129
1430.000 1.149
1435.000 1.089
1440.000 1.086
1445.000 1.112
1450.000 1.094
1455.000 1.068
1460.000 1.155
1465.000 1.113
1470.000 1.166
1475.000 1.142
1480.000 1.130
1485.000 1.135
1490.000 1.039
1495.000 1.057
1500.000 1.058
1505.000 1.018
1510.000 1.024
1515.000 0.998
1520.000 0.977
1525.000 1.039
1530.000 1.002
1535.000 0.975
1540.000 1.016
1545.000 0.989
1550.000 0.987
1555.000 0.942
1560.000 0.960
1565.000 0.966
1570.000 0.976
1575.000 0.940
1580.000 0.992
1585.000 1.031
1590.000 0.998
1595.000 0.968
1600.000 0.972
1605.000 0.922
1610.000 0.959
1615.000 0.909
1620.000 0.975
1625.000 0.942
1630.000 0.979
1635.000 0.956
1640.000 0.930
1645.000 0.925
1650.000 0.945
1655.000 0.895
1660.000 0.931
1665.000 0.934
1670.000 0.940
1675.000 0.925
1680.000 0.934
1685.000 1.032
1690.000 1.009
1695.000 0.980
1700.000 0.978
1705.000 0.980
1710.000 0.951
1715.000 0.977
1720.000 1.034
1725.000 1.055
1730.000 1.105
1735.000 1.128
1740.000 1.103
1745.000 1.115
1750.000 1.161
1755.000 1.144
1760.000 1.189
1765.000 1.191
1770.000 1.217
1775.000 1.370
1780.000 1.325
1785.000 1.302
1790.000 1.402
1795.000 1.407
1800.000 1.410
1805.000 1.478
1810.000 1.537
1815.000 1.557
1820.000 1.646
1825.000 1.586
1830.000 1.725
1835.000 1.714
1840.000 1.684
1845.000 1.811
1850.000 1.837
1855.000 1.891
1860.000 1.928
1865.000 1.962
1870.000 1.967
1875.000 2.007
1880.000 2.010
1885.000 2.054
1890.000 2.066
1895.000 2.077
1900.000 2.111
1905.000 2.108
1910.000 2.248
1915.000 2.232
1920.000 2.187
1925.000 2.240
1930.000 2.231
1935.000 2.304
1940.000 2.316
1945.000 2.225
1950.000 2.225
1955.000 2.286
1960.000 2.297
1965.000 2.296
1970.000 2.296
1975.000 2.240
1980.000 2.210
1985.000 2.285
1990.000 2.249
1995.000 2.215
2000.000 2.328
2005.000 2.239
2010.000 2.275
2015.000 2.216
2020.000 2.286
2025.000 2.322
2030.000 2.380
2035.000 2.293
2040.000 2.295
2045.000 2.307
2050.000 2.270
2055.000 2.312
2060.000 2.211
2065.000 2.272
2070.000 2.226
2075.000 2.249
2080.000 2.286
2085.000 2.288
2090.000 2.191
2095.000 2.271
2100.000 2.336
2105.000 2.339
2110.000 2.353
2115.000 2.348
2120.000 2.330
2125.000 2.267
2130.000 2.291
2135.000 2.297
2140.000 2.331
2145.000 2.389
2150.000 2.272
2155.000 2.361
2160.000 2.429
2165.000 2.366
2170.000 2.402
2175.000 2.379
2180.000 2.405
2185.000 2.419
2190.000 2.485
2195.000 2.565
2200.000 2.569
2205.000 2.594
2210.000 2.621
2215.000 2.662
2220.000 2.671
2225.000 2.737
2230.000 2.799
2235.000 2.828
2240.000 2.911
2245.000 3.001
2250.000 3.093
2255.000 3.136
2260.000 3.401
2265.000 3.583
2270.000 3.705
2275.000 3.833
2280.000 4.293
2285.000 4.506
2290.000 4.699
2295.000 4.617
2300.000 5.332
2305.000 14.432
2310.000 33.182
2315.000 46.835
2320.000 20.217
2325.000 12.523
2330.000 4.337
2335.000 3.519
2340.000 2.724
2345.000 2.166
2350.000 1.509
2355.000 1.278
2360.000 1.070
2365.000 0.937
2370.000 0.818
2375.000 0.755
2380.000 0.728
2385.000 0.670
2390.000 0.698
2395.000 0.681
2400.000 0.673
2405.000 0.705
2410.000 0.691
2415.000 0.686
2420.000 0.721
2425.000 0.686
2430.000 0.732
2435.000 0.726
2440.000 0.745
2445.000 0.729
2450.000 0.731
2455.000 0.735
2460.000 0.772
2465.000 0.751
2470.000 0.788
2475.000 0.791
2480.000 0.821
2485.000 0.812
2490.000 0.807
2495.000 0.813
2500.000 0.805
2505.000 0.811
2510.000 0.813
2515.000 0.820
2520.000 0.804
2525.000 0.833
2530.000 0.830
2535.000 0.827
2540.000 0.831
2545.000 0.841
2550.000 0.867
2555.000 0.851
2560.000 0.853
2565.000 0.869
2570.000 0.871
2575.000 0.867
2580.000 0.878
2585.000 0.868
2590.000 0.879
2595.000 0.883
2600.000 0.873
2605.000 0.850
2610.000 0.881
2615.000 0.875
2620.000 0.883
2625.000 0.878
2630.000 0.873
2635.000 0.884
2640.000 0.906
2645.000 0.887
2650.000 0.905
2655.000 0.901
2660.000 0.874
2665.000 0.879
2670.000 0.873
2675.000 0.870
2680.000 0.872
2685.000 0.900
2690.000 0.901
2695.000 0.879
2700.000 0.874
2705.000 0.890
2710.000 0.857
2715.000 0.903
2720.000 0.923
2725.000 0.859
2730.000 0.874
2735.000 0.890
2740.000 0.883
2745.000 0.884
2750.000 0.905
2755.000 0.862
2760.000 0.864
2765.000 0.893
2770.000 0.901
2775.000 0.886
2780.000 0.888
2785.000 0.903
2790.000 0.902
2795.000 0.883
2800.000 0.888
2805.000 0.897
2810.000 0.892
2815.000 0.908
2820.000 0.885
2825.000 0.883
2830.000 0.899
2835.000 0.918
2840.000 0.903
2845.000 0.907
2850.000 0.904
2855.000 0.891
2860.000 0.925
2865.000 0.913
2870.000 0.926
2875.000 0.916
2880.000 0.915
2885.000 0.958
2890.000 0.969
2895.000 0.963
2900.000 0.934
2905.000 0.983
2910.000 1.003
2915.000 0.952
2920.000 0.998
2925.000 1.068
2930.000 1.059
2935.000 1.057
2940.000 0.998
2945.000 1.087
2950.000 1.049
2955.000 1.067
2960.000 1.069
2965.000 1.084
2970.000 1.132
2975.000 1.120
2980.000 1.148
2985.000 1.098
2990.000 1.110
2995.000 1.113
3000.000 1.211
3005.000 1.151
3010.000 1.195
3015.000 1.102
3020.000 1.135
3025.000 1.127
3030.000 1.146
3035.000 1.178
3040.000 1.185
3045.000 1.155
3050.000 1.216
3055.000 1.214
3060.000 1.173
3065.000 1.239
3070.000 1.217
3075.000 1.217
3080.000 1.220
3085.000 1.235
3090.000 1.305
3095.000 1.266
3100.000 1.246
3105.000 1.244
3110.000 1.281
3115.000 1.293
3120.000 1.317
3125.000 1.318
3130.000 1.345
3135.000 1.333
3140.000 1.328
3145.000 1.343
3150.000 1.353
3155.000 1.362
3160.000 1.341
3165.000 1.381
3170.000 1.392
3175.000 1.403
3180.000 1.444
3185.000 1.425
3190.000 1.415
3195.000 1.442
3200.000 1.413
3205.000 1.422
3210.000 1.449
3215.000 1.489
3220.000 1.500
3225.000 1.492
3230.000 1.508
3235.000 1.497
3240.000 1.492
3245.000 1.523
3250.000 1.533
3255.000 1.547
3260.000 1.547
3265.000 1.583
3270.000 1.567
3275.000 1.579
3280.000 1.590
3285.000 1.579
3290.000 1.590
3295.000 1.592
3300.000 1.596
3305.000 1.628
3310.000 1.609
3315.000 1.635
3320.000 1.663
3325.000 1.646
3330.000 1.680
3335.000 1.710
3340.000 1.743
3345.000 1.733
3350.000 1.730
3355.000 1.776
3360.000 1.782
3365.000 1.799
3370.000 1.779
3375.000 1.816
3380.000 1.817
3385.000 1.844
3390.000 1.857
3395.000 1.903
3400.000 1.923
3405.000 1.924
3410.000 1.967
3415.000 1.963
3420.000 1.983
3425.000 2.029
3430.000 2.087
3435.000 2.079
3440.000 2.087
3445.000 2.131
3450.000 2.149
3455.000 2.154
3460.000 2.209
3465.000 2.273
3470.000 2.311
3475.000 2.318
3480.000 2.366
3485.000 2.377
3490.000 2.440
3495.000 2.463
3500.000 2.546
3505.000 2.590
3510.000 2.613
3515.000 2.739
3520.000 2.743
3525.000 2.821
3530.000 2.892
3535.000 2.994
3540.000 3.046
3545.000 3.115
3550.000 3.183
3555.000 3.313
3560.000 3.387
3565.000 3.443
3570.000 3.593
3575.000 3.658
3580.000 3.748
3585.000 3.850
3590.000 4.072
3595.000 4.210
3600.000 4.269
3605.000 4.568
3610.000 4.717
3615.000 4.900
3620.000 5.106
3625.000 5.485
3630.000 5.772
3635.000 6.151
3640.000 7.083
3645.000 7.653
3650.000 8.351
3655.000 9.244
3660.000 11.755
3665.000 13.550
3670.000 15.816
3675.000 18.770
3680.000 27.430
3685.000 34.134
3690.000 44.197
3695.000 62.260
3700.000 64.523
3705.000 56.467
3710.000 40.281
3715.000 19.368
3720.000 15.531
3725.000 12.730
3730.000 10.655
3735.000 7.841
3740.000 6.819
3745.000 5.998
3750.000 4.687
3755.000 4.238
3760.000 3.819
3765.000 3.426
3770.000 2.986
3775.000 2.620
3780.000 2.523
3785.000 2.152
3790.000 2.002
3795.000 1.926
3800.000 1.901
3805.000 1.655
3810.000 1.308
3815.000 1.586
3820.000 1.447
3825.000 1.422
3830.000 1.238
3835.000 0.792
3840.000 0.690
3845.000 1.108
3850.000 1.164
3855.000 1.079
3860.000 0.973
3865.000 0.491
3870.000 0.869
3875.000 0.896
3880.000 0.742
3885.000 0.590
3890.000 0.611
3895.000 0.718
3900.000 0.374
3905.000 0.689
3910.000 0.409
3915.000 0.490
3920.000 0.470
3925.000 0.417
3930.000 0.500
3935.000 0.403
3940.000 0.489
3945.000 0.409
3950.000 0.385
3955.000 0.427
3960.000 0.428
3965.000 0.394
3970.000 0.392
3975.000 0.373
3980.000 0.368
3985.000 0.287
3990.000 0.285
3995.000 0.294
4000.000 0.276
4005.000 0.265
4010.000 0.277
4015.000 0.261
4020.000 0.245
4025.000 0.261
4030.000 0.200
4035.000 0.234
4040.000 0.190
4045.000 0.242
4050.000 0.218
4055.000 0.213
4060.000 0.212
4065.000 0.229
4070.000 0.198
4075.000 0.231
4080.000 0.240
4085.000 0.238
4090.000 0.243
4095.000 0.228
4100.000 0.234
4105.000 0.248
4110.000 0.234
4115.000 0.263
4120.000 0.246
4125.000 0.244
4130.000 0.255
4135.000 0.242
4140.000 0.265
4145.000 0.275
4150.000 0.279
4155.000 0.279
4160.000 0.292
4165.000 0.289
4170.000 0.305
4175.000 0.299
4180.000 0.304
4185.000 0.315
4190.000 0.322
4195.000 0.329
4200.000 0.350
4205.000 0.347
4210.000 0.347
4215.000 0.343
4220.000 0.354
4225.000 0.354
4230.000 0.349
4235.000 0.359
4240.000 0.356
4245.000 0.365
4250.000 0.362
4255.000 0.382
4260.000 0.377
4265.000 0.388
4270.000 0.383
4275.000 0.385
4280.000 0.390
4285.000 0.402
4290.000 0.385
4295.000 0.387
4300.000 0.385
4305.000 0.353
4310.000 0.365
4315.000 0.370
4320.000 0.365
4325.000 0.348
4330.000 0.353
4335.000 0.353
4340.000 0.353
4345.000 0.355
4350.000 0.327
4355.000 0.325
4360.000 0.334
4365.000 0.323
4370.000 0.330
4375.000 0.316
4380.000 0.332
4385.000 0.307
4390.000 0.314
4395.000 0.323
4400.000 0.314
4405.000 0.317
4410.000 0.302
4415.000 0.292
4420.000 0.305
4425.000 0.297
4430.000 0.296
4435.000 0.291
4440.000 0.286
4445.000 0.285
4450.000 0.289
4455.000 0.285
4460.000 0.294
4465.000 0.298
4470.000 0.290
4475.000 0.277
4480.000 0.297
4485.000 0.278
4490.000 0.264
4495.000 0.276
4500.000 0.261
4505.000 0.272
4510.000 0.256
4515.000 0.264
4520.000 0.270
4525.000 0.255
4530.000 0.248
4535.000 0.250
4540.000 0.266
4545.000 0.249
4550.000 0.250
4555.000 0.238
4560.000 0.236
4565.000 0.244
4570.000 0.234
4575.000 0.229
4580.000 0.224
4585.000 0.229
4590.000 0.220
4595.000 0.216
4600.000 0.211
4605.000 0.195
4610.000 0.207
4615.000 0.193
4620.000 0.185
4625.000 0.204
4630.000 0.183
4635.000 0.187
4640.000 0.181
4645.000 0.184
4650.000 0.198
4655.000 0.190
4660.000 0.183
4665.000 0.202
4670.000 0.189
4675.000 0.173
4680.000 0.185
4685.000 0.210
4690.000 0.200
4695.000 0.185
4700.000 0.216
4705.000 0.220
4710.000 0.225
4715.000 0.237
4720.000 0.251
4725.000 0.251
4730.000 0.259
4735.000 0.299
4740.000 0.308
4745.000 0.327
4750.000 0.333
4755.000 0.376
4760.000 0.397
4765.000 0.404
4770.000 0.416
4775.000 0.483
4780.000 0.486
4785.000 0.511
4790.000 0.570
4795.000 0.608
4800.000 0.628
4805.000 0.665
4810.000 0.727
4815.000 0.771
4820.000 0.808
4825.000 0.877
4830.000 0.932
4835.000 0.995
4840.000 1.052
4845.000 1.174
4850.000 1.246
4855.000 1.308
4860.000 1.397
4865.000 1.622
4870.000 1.742
4875.000 1.858
4880.000 2.242
4885.000 2.443
4890.000 2.726
4895.000 3.026
4900.000 3.980
4905.000 4.579
4910.000 5.352
4915.000 6.297
4920.000 8.640
4925.000 10.007
4930.000 11.614
4935.000 15.565
4940.000 18.137
4945.000 21.400
4950.000 25.498
4955.000 36.262
4960.000 41.945
4965.000 44.039
4970.000 21.811
4975.000 51.623
4980.000 45.944
4985.000 55.398
4990.000 37.255
4995.000 27.055
5000.000 26.505
5005.000 17.977
5010.000 16.278
5015.000 14.555
5020.000 12.800
5025.000 10.534
5030.000 9.655
5035.000 8.876
5040.000 7.566
5045.000 7.097
5050.000 6.651
5055.000 6.262
5060.000 5.591
5065.000 5.306
5070.000 5.076
5075.000 4.888
5080.000 4.500
5085.000 4.336
5090.000 4.191
5095.000 3.947
5100.000 3.836
5105.000 3.736
5110.000 3.640
5115.000 3.472
5120.000 3.428
5125.000 3.346
5130.000 3.252
5135.000 3.197
5140.000 3.134
5145.000 3.097
5150.000 3.020
5155.000 2.989
5160.000 2.955
5165.000 2.913
5170.000 2.896
5175.000 2.862
5180.000 2.823
5185.000 2.790
5190.000 2.759
5195.000 2.757
5200.000 2.723
5205.000 2.697
5210.000 2.685
5215.000 2.658
5220.000 2.655
5225.000 2.620
5230.000 2.596
5235.000 2.616
5240.000 2.590
5245.000 2.569
5250.000 2.558
5255.000 2.540
5260.000 2.540
5265.000 2.514
5270.000 2.495
5275.000 2.469
5280.000 2.449
5285.000 2.455
5290.000 2.463
5295.000 2.453
5300.000 2.435
5305.000 2.407
5310.000 2.392
5315.000 2.398
5320.000 2.368
5325.000 2.356
5330.000 2.334
5335.000 2.335
5340.000 2.330
5345.000 2.312
5350.000 2.289
5355.000 2.285
5360.000 2.284
5365.000 2.243
5370.000 2.228
5375.000 2.228
5380.000 2.212
5385.000 2.197
5390.000 2.204
5395.000 2.186
5400.000 2.147
5405.000 2.152
5410.000 2.125
5415.000 2.120
5420.000 2.103
5425.000 2.109
5430.000 2.085
5435.000 2.053
5440.000 2.059
5445.000 2.052
5450.000 2.035
5455.000 2.019
5460.000 2.012
5465.000 2.000
5470.000 1.979
5475.000 1.975
5480.000 1.986
5485.000 1.963
5490.000 1.941
5495.000 1.922
5500.000 1.925
5505.000 1.919
5510.000 1.899
5515.000 1.897
5520.000 1.878
5525.000 1.863
5530.000 1.847
5535.000 1.852
5540.000 1.848
5545.000 1.811
5550.000 1.819
5555.000 1.814
5560.000 1.803
5565.000 1.769
5570.000 1.762
5575.000 1.762
5580.000 1.756
5585.000 1.740
5590.000 1.719
5595.000 1.722
5600.000 1.699
5605.000 1.707
5610.000 1.683
5615.000 1.696
5620.000 1.694
5625.000 1.681
5630.000 1.667
5635.000 1.642
5640.000 1.651
5645.000 1.664
5650.000 1.644
5655.000 1.634
5660.000 1.613
5665.000 1.629
5670.000 1.604
5675.000 1.596
5680.000 1.591
5685.000 1.589
5690.000 1.577
5695.000 1.578
5700.000 1.569
5705.000 1.557
5710.000 1.559
5715.000 1.559
5720.000 1.551
5725.000 1.527
5730.000 1.533
5735.000 1.536
5740.000 1.526
5745.000 1.512
5750.000 1.521
5755.000 1.522
5760.000 1.494
5765.000 1.485
5770.000 1.507
5775.000 1.490
5780.000 1.476
5785.000 1.476
5790.000 1.469
5795.000 1.453
5800.000 1.455
5805.000 1.463
5810.000 1.466
5815.000 1.452
5820.000 1.437
5825.000 1.433
5830.000 1.429
5835.000 1.423
5840.000 1.412
5845.000 1.419
5850.000 1.411
5855.000 1.398
5860.000 1.406
5865.000 1.384
5870.000 1.368
5875.000 1.359
5880.000 1.356
5885.000 1.371
5890.000 1.369
5895.000 1.347
5900.000 1.337
5905.000 1.326
5910.000 1.322
5915.000 1.311
5920.000 1.300
5925.000 1.289
5930.000 1.293
5935.000 1.279
5940.000 1.257
5945.000 1.254
5950.000 1.238
5955.000 1.230
5960.000 1.239
5965.000 1.199
5970.000 1.192
5975.000 1.155
5980.000 1.149
5985.000 1.147
5990.000 1.130
5995.000 1.104
6000.000 1.104
6005.000 1.066
6010.000 1.039
6015.000 1.004
6020.000 0.990
6025.000 0.995
6030.000 0.944
6035.000 0.927
6040.000 0.887
6045.000 0.876
6050.000 0.818
6055.000 0.774
6060.000 0.758
6065.000 0.707
6070.000 0.691
6075.000 0.658
6080.000 0.632
6085.000 0.571
6090.000 0.516
6095.000 0.486
6100.000 0.407
6105.000 0.390
6110.000 0.369
6115.000 0.348
6120.000 0.362
6125.000 0.398
6130.000 0.449
6135.000 0.504
6140.000 0.687
6145.000 0.788
6150.000 0.951
6155.000 1.313
6160.000 1.573
6165.000 1.923
6170.000 2.391
6175.000 4.123
6180.000 5.614
6185.000 7.650
6190.000 12.915
6195.000 15.839
6200.000 19.054
6205.000 22.699
6210.000 31.019
6215.000 35.593
6220.000 40.292
6225.000 48.139
6230.000 49.553
6235.000 45.898
6240.000 37.146
6245.000 27.378
6250.000 23.987
6255.000 20.949
6260.000 18.251
6265.000 13.358
6270.000 11.272
6275.000 9.462
6280.000 6.615
6285.000 5.583
6290.000 4.745
6295.000 4.092
6300.000 3.226
6305.000 2.968
6310.000 2.753
6315.000 2.570
6320.000 2.360
6325.000 2.296
6330.000 2.236
6335.000 2.157
6340.000 2.129
6345.000 2.131
6350.000 2.101
6355.000 2.066
6360.000 2.050
6365.000 2.047
6370.000 2.027
6375.000 2.022
6380.000 2.035
6385.000 2.030
6390.000 2.017
6395.000 2.028
6400.000 2.022
6405.000 2.014
6410.000 2.018
6415.000 2.020
6420.000 2.044
6425.000 2.050
6430.000 2.062
6435.000 2.075
6440.000 2.089
6445.000 2.118
6450.000 2.133
6455.000 2.145
6460.000 2.184
6465.000 2.196
6470.000 2.222
6475.000 2.245
6480.000 2.299
6485.000 2.333
6490.000 2.385
6495.000 2.470
6500.000 2.534
6505.000 2.582
6510.000 2.665
6515.000 2.873
6520.000 2.995
6525.000 3.169
6530.000 3.672
6535.000 4.047
6540.000 4.638
6545.000 5.630
6550.000 13.456
6555.000 24.607
6560.000 36.998
6565.000 45.143
6570.000 19.548
6575.000 14.509
6580.000 5.294
6585.000 3.762
6590.000 2.362
6595.000 1.676
6600.000 1.304
6605.000 1.298
6610.000 1.172
6615.000 1.265
6620.000 1.284
6625.000 1.290
6630.000 1.274
6635.000 1.293
6640.000 1.301
6645.000 1.291
6650.000 1.302
6655.000 1.318
6660.000 1.323
6665.000 1.328
6670.000 1.338
6675.000 1.344
6680.000 1.337
6685.000 1.347
6690.000 1.358
6695.000 1.367
6700.000 1.365
6705.000 1.372
6710.000 1.386
6715.000 1.388
6720.000 1.387
6725.000 1.392
6730.000 1.407
6735.000 1.405
6740.000 1.402
6745.000 1.420
6750.000 1.422
6755.000 1.432
6760.000 1.437
6765.000 1.445
6770.000 1.437
6775.000 1.457
6780.000 1.466
6785.000 1.473
6790.000 1.485
6795.000 1.485
6800.000 1.491
6805.000 1.509
6810.000 1.509
6815.000 1.517
6820.000 1.522
6825.000 1.525
6830.000 1.531
6835.000 1.546
6840.000 1.541
6845.000 1.545
6850.000 1.555
6855.000 1.568
6860.000 1.592
6865.000 1.577
6870.000 1.594
6875.000 1.601
6880.000 1.598
6885.000 1.595
6890.000 1.609
6895.000 1.624
6900.000 1.630
6905.000 1.631
6910.000 1.652
6915.000 1.650
6920.000 1.667
6925.000 1.687
6930.000 1.684
6935.000 1.694
6940.000 1.678
6945.000 1.712
6950.000 1.721
6955.000 1.712
6960.000 1.731
6965.000 1.748
6970.000 1.759
6975.000 1.766
6980.000 1.784
6985.000 1.809
6990.000 1.807
6995.000 1.802
7000.000 1.844
7005.000 1.846
7010.000 1.880
7015.000 1.875
7020.000 1.867
7025.000 1.893
7030.000 1.916
7035.000 1.925
7040.000 1.946
7045.000 1.936
7050.000 1.967
7055.000 1.989
7060.000 2.007
7065.000 2.024
7070.000 2.070
7075.000 2.082
7080.000 2.100
7085.000 2.139
7090.000 2.170
7095.000 2.182
7100.000 2.215
7105.000 2.239
7110.000 2.264
7115.000 2.304
7120.000 2.321
7125.000 2.392
7130.000 2.427
7135.000 2.454
7140.000 2.480
7145.000 2.545
7150.000 2.580
7155.000 2.607
7160.000 2.724
7165.000 2.783
7170.000 2.813
7175.000 2.871
7180.000 2.975
7185.000 3.044
7190.000 3.097
7195.000 3.223
7200.000 3.271
7205.000 3.339
7210.000 3.412
7215.000 3.541
7220.000 3.621
7225.000 3.681
7230.000 3.698
7235.000 3.862
7240.000 3.924
7245.000 3.991
7250.000 4.091
7255.000 4.163
7260.000 4.216
7265.000 4.308
7270.000 4.473
7275.000 4.563
7280.000 4.654
7285.000 4.853
7290.000 4.973
7295.000 5.107
7300.000 5.224
7305.000 5.464
7310.000 5.612
7315.000 5.785
7320.000 6.142
7325.000 6.349
7330.000 6.579
7335.000 6.806
7340.000 7.438
7345.000 7.768
7350.000 8.137
7355.000 8.571
7360.000 9.597
7365.000 10.545
7370.000 11.264
7375.000 13.387
7380.000 14.799
7385.000 16.474
7390.000 18.511
7395.000 23.928
7400.000 27.466
7405.000 31.727
7410.000 40.417
7415.000 44.544
7420.000 48.572
7425.000 52.071
7430.000 55.149
7435.000 51.826
7440.000 42.966
7445.000 32.404
7450.000 18.566
7455.000 17.353
7460.000 16.871
7465.000 14.081
7470.000 12.912
7475.000 11.725
7480.000 10.691
7485.000 9.035
7490.000 8.396
7495.000 7.818
7500.000 7.347
7505.000 6.529
7510.000 6.168
7515.000 5.822
7520.000 5.242
7525.000 4.970
7530.000 4.729
7535.000 4.523
7540.000 4.160
7545.000 3.984
7550.000 3.829
7555.000 3.552
7560.000 3.423
7565.000 3.327
7570.000 3.223
7575.000 3.038
7580.000 2.948
7585.000 2.867
7590.000 2.725
7595.000 2.654
7600.000 2.596
7605.000 2.532
7610.000 2.438
7615.000 2.385
7620.000 2.328
7625.000 2.290
7630.000 2.210
7635.000 2.183
7640.000 2.140
7645.000 2.068
7650.000 2.024
7655.000 1.997
7660.000 1.980
7665.000 1.911
7670.000 1.904
7675.000 1.866
7680.000 1.824
7685.000 1.816
7690.000 1.793
7695.000 1.772
7700.000 1.731
7705.000 1.712
7710.000 1.685
7715.000 1.646
7720.000 1.646
7725.000 1.619
7730.000 1.604
7735.000 1.571
7740.000 1.563
7745.000 1.546
7750.000 1.522
7755.000 1.509
7760.000 1.501
7765.000 1.492
7770.000 1.468
7775.000 1.457
7780.000 1.434
7785.000 1.436
7790.000 1.405
7795.000 1.404
7800.000 1.391
7805.000 1.366
7810.000 1.348
7815.000 1.337
7820.000 1.332
7825.000 1.303
7830.000 1.294
7835.000 1.300
7840.000 1.284
7845.000 1.271
7850.000 1.258
7855.000 1.242
7860.000 1.226
7865.000 1.232
7870.000 1.202
7875.000 1.199
7880.000 1.176
7885.000 1.160
7890.000 1.163
7895.000 1.133
7900.000 1.129
7905.000 1.110
7910.000 1.107
7915.000 1.094
7920.000 1.074
7925.000 1.056
7930.000 1.050
7935.000 1.026
7940.000 1.023
7945.000 1.007
7950.000 0.970
7955.000 0.960
7960.000 0.943
7965.000 0.925
7970.000 0.914
7975.000 0.917
7980.000 0.921
7985.000 0.930
7990.000 0.981
7995.000 1.030
8000.000 1.115
8005.000 1.381
8010.000 1.625
8015.000 1.961
8020.000 3.226
8025.000 4.770
8030.000 8.291
8035.000 15.064
8040.000 28.564
8045.000 31.757
8050.000 31.199
8055.000 19.605
8060.000 9.412
8065.000 7.659
8070.000 7.414
8075.000 5.680
8080.000 5.131
8085.000 4.605
8090.000 4.245
8095.000 3.706
8100.000 3.497
8105.000 3.306
8110.000 3.000
8115.000 2.905
8120.000 2.796
8125.000 2.716
8130.000 2.551
8135.000 2.493
8140.000 2.444
8145.000 2.345
8150.000 2.295
8155.000 2.268
8160.000 2.246
8165.000 2.182
8170.000 2.157
8175.000 2.148
8180.000 2.132
8185.000 2.114
8190.000 2.093
8195.000 2.087
8200.000 2.085
8205.000 2.074
8210.000 2.085
8215.000 2.072
8220.000 2.079
8225.000 2.079
8230.000 2.089
8235.000 2.079
8240.000 2.093
8245.000 2.083
8250.000 2.092
8255.000 2.100
8260.000 2.113
8265.000 2.129
8270.000 2.139
8275.000 2.159
8280.000 2.147
8285.000 2.155
8290.000 2.187
8295.000 2.208
8300.000 2.189
8305.000 2.214
8310.000 2.239
8315.000 2.260
8320.000 2.282
8325.000 2.288
8330.000 2.338
8335.000 2.353
8340.000 2.361
8345.000 2.418
8350.000 2.449
8355.000 2.467
8360.000 2.505
8365.000 2.565
8370.000 2.594
8375.000 2.632
8380.000 2.721
8385.000 2.770
8390.000 2.809
8395.000 2.853
8400.000 2.958
8405.000 3.013
8410.000 3.067
8415.000 3.186
8420.000 3.224
8425.000 3.296
8430.000 3.355
8435.000 3.523
8440.000 3.607
8445.000 3.715
8450.000 3.807
8455.000 4.084
8460.000 4.214
8465.000 4.388
8470.000 4.794
8475.000 5.014
8480.000 5.267
8485.000 5.606
8490.000 6.587
8495.000 7.410
8500.000 8.629
8505.000 13.540
8510.000 18.208
8515.000 24.290
8520.000 30.716
8525.000 33.395
8530.000 16.198
8535.000 10.343
8540.000 5.402
8545.000 4.767
8550.000 4.502
8555.000 4.355
8560.000 4.388
8565.000 4.905
8570.000 5.246
8575.000 6.261
8580.000 9.095
8585.000 10.697
8590.000 12.444
8595.000 14.368
8600.000 18.915
8605.000 21.365
8610.000 23.772
8615.000 27.573
8620.000 28.120
8625.000 27.132
8630.000 23.916
8635.000 16.128
8640.000 13.413
8645.000 11.575
8650.000 10.504
8655.000 10.737
8660.000 10.679
8665.000 10.064
8670.000 8.046
8675.000 6.814
8680.000 5.770
8685.000 4.407
8690.000 3.923
8695.000 3.547
8700.000 3.236
8705.000 2.682
8710.000 2.464
8715.000 2.272
8720.000 2.118
8725.000 1.834
8730.000 1.707
8735.000 1.620
8740.000 1.414
8745.000 1.362
8750.000 1.290
8755.000 1.231
8760.000 1.132
8765.000 1.084
8770.000 1.044
8775.000 0.977
8780.000 0.959
8785.000 0.929
8790.000 0.905
8795.000 0.871
8800.000 0.848
8805.000 0.845
8810.000 0.811
8815.000 0.829
8820.000 0.805
8825.000 0.803
8830.000 0.795
8835.000 0.805
8840.000 0.789
8845.000 0.804
8850.000 0.801
8855.000 0.811
8860.000 0.811
8865.000 0.810
8870.000 0.821
8875.000 0.832
8880.000 0.839
8885.000 0.855
8890.000 0.861
8895.000 0.866
8900.000 0.882
8905.000 0.885
8910.000 0.887
8915.000 0.901
8920.000 0.919
8925.000 0.925
8930.000 0.928
8935.000 0.939
8940.000 0.960
8945.000 0.959
8950.000 0.985
8955.000 0.983
8960.000 0.997
8965.000 1.004
8970.000 1.004
8975.000 1.015
8980.000 1.034
8985.000 1.035
8990.000 1.044
8995.000 1.047
9000.000 1.056
9005.000 1.067
9010.000 1.079
9015.000 1.086
9020.000 1.118
9025.000 1.122
9030.000 1.127
9035.000 1.132
9040.000 1.129
9045.000 1.150
9050.000 1.177
9055.000 1.156
9060.000 1.197
9065.000 1.186
9070.000 1.195
9075.000 1.210
9080.000 1.235
9085.000 1.235
9090.000 1.247
9095.000 1.267
9100.000 1.275
9105.000 1.309
9110.000 1.297
9115.000 1.306
9120.000 1.334
9125.000 1.339
9130.000 1.348
9135.000 1.369
9140.000 1.384
9145.000 1.383
9150.000 1.412
9155.000 1.428
9160.000 1.439
9165.000 1.455
9170.000 1.489
9175.000 1.503
9180.000 1.505
9185.000 1.523
9190.000 1.559
9195.000 1.575
9200.000 1.588
9205.000 1.630
9210.000 1.647
9215.000 1.674
9220.000 1.706
9225.000 1.741
9230.000 1.774
9235.000 1.792
9240.000 1.846
9245.000 1.874
9250.000 1.903
9255.000 1.931
9260.000 1.983
9265.000 1.993
9270.000 2.036
9275.000 2.048
9280.000 2.116
9285.000 2.135
9290.000 2.172
9295.000 2.226
9300.000 2.265
9305.000 2.309
9310.000 2.339
9315.000 2.435
9320.000 2.472
9325.000 2.519
9330.000 2.582
9335.000 2.671
9340.000 2.738
9345.000 2.796
9350.000 2.898
9355.000 2.959
9360.000 3.037
9365.000 3.109
9370.000 3.242
9375.000 3.340
9380.000 3.462
9385.000 3.692
9390.000 3.861
9395.000 4.015
9400.000 4.226
9405.000 4.756
9410.000 5.097
9415.000 5.548
9420.000 6.131
9425.000 7.953
9430.000 9.420
9435.000 11.410
9440.000 17.888
9445.000 22.505
9450.000 27.672
9455.000 32.985
9460.000 33.751
9465.000 18.945
9470.000 16.553
9475.000 10.258
9480.000 6.205
9485.000 5.994
9490.000 4.231
9495.000 2.972
9500.000 2.582
9505.000 2.240
9510.000 1.733
9515.000 1.561
9520.000 1.426
9525.000 1.335
9530.000 1.180
9535.000 1.150
9540.000 1.117
9545.000 1.114
9550.000 1.095
9555.000 1.095
9560.000 1.108
9565.000 1.135
9570.000 1.154
9575.000 1.164
9580.000 1.202
9585.000 1.265
9590.000 1.281
9595.000 1.316
9600.000 1.385
9605.000 1.423
9610.000 1.457
9615.000 1.492
9620.000 1.586
9625.000 1.639
9630.000 1.682
9635.000 1.796
9640.000 1.876
9645.000 1.950
9650.000 2.011
9655.000 2.173
9660.000 2.265
9665.000 2.358
9670.000 2.468
9675.000 2.723
9680.000 2.871
9685.000 3.021
9690.000 3.208
9695.000 3.639
9700.000 3.870
9705.000 4.151
9710.000 4.638
9715.000 4.902
9720.000 5.183
9725.000 5.536
9730.000 6.364
9735.000 6.890
9740.000 7.493
9745.000 9.067
9750.000 10.068
9755.000 11.272
9760.000 12.719
9765.000 16.237
9770.000 18.447
9775.000 20.855
9780.000 25.934
9785.000 28.314
9790.000 30.235
9795.000 31.130
9800.000 28.041
9805.000 23.981
9810.000 19.970
9815.000 16.447
9820.000 11.261
9825.000 9.397
9830.000 7.907
9835.000 5.950
9840.000 5.646
9845.000 5.863
9850.000 6.550
9855.000 9.519
9860.000 10.154
9865.000 9.482
9870.000 7.566
9875.000 6.825
9880.000 6.218
9885.000 5.723
9890.000 5.020
9895.000 4.703
9900.000 4.448
9905.000 4.074
9910.000 3.936
9915.000 3.801
9920.000 3.691
9925.000 3.486
9930.000 3.361
9935.000 3.243
9940.000 3.136
9945.000 2.924
9950.000 2.832
9955.000 2.748
9960.000 2.612
9965.000 2.533
9970.000 2.466
9975.000 2.395
9980.000 2.294
9985.000 2.226
9990.000 2.183
9995.000 2.094
10000.000 2.041
