105.000 0.101
110.000 0.049
115.000 0.475
120.000 0.689
125.000 0.750
130.000 0.789
135.000 0.876
145.000 0.813
150.000 0.731
155.000 0.771
160.000 0.747
165.000 0.741
170.000 0.768
175.000 0.488
180.000 0.566
185.000 0.577
190.000 0.624
195.000 0.603
200.000 0.481
205.000 0.503
210.000 0.430
215.000 0.519
220.000 0.351
225.000 0.192
230.000 0.366
235.000 0.262
240.000 0.249
245.000 0.273
250.000 0.203
255.000 0.172
260.000 0.156
265.000 0.105
270.000 0.114
275.000 0.236
280.000 0.241
285.000 0.236
290.000 0.261
295.000 0.258
300.000 0.440
305.000 0.407
310.000 0.377
315.000 0.425
320.000 0.542
325.000 0.770
330.000 1.050
335.000 0.882
340.000 0.970
345.000 1.138
350.000 1.457
355.000 1.492
360.000 1.617
365.000 1.813
370.000 2.219
375.000 2.331
380.000 2.402
385.000 3.072
390.000 3.442
395.000 4.000
400.000 4.074
405.000 4.936
410.000 5.168
415.000 5.453
420.000 6.243
425.000 6.235
430.000 6.317
435.000 6.546
440.000 6.285
445.000 6.134
450.000 6.400
455.000 5.902
460.000 5.715
465.000 5.785
470.000 5.436
475.000 5.060
480.000 5.006
485.000 4.770
490.000 4.372
495.000 4.039
500.000 3.643
505.000 3.572
510.000 3.066
515.000 2.903
520.000 2.792
525.000 2.696
530.000 2.505
535.000 2.126
540.000 2.202
545.000 1.996
550.000 1.983
555.000 1.907
560.000 1.871
565.000 1.824
570.000 1.780
575.000 1.913
580.000 1.740
585.000 1.816
590.000 1.852
595.000 1.746
600.000 1.670
605.000 1.627
610.000 1.793
615.000 1.742
620.000 1.718
625.000 1.573
630.000 1.584
635.000 1.635
640.000 1.675
645.000 1.621
650.000 1.575
655.000 1.545
660.000 1.528
665.000 1.653
670.000 1.596
675.000 1.577
680.000 1.645
685.000 1.524
690.000 1.553
695.000 1.503
700.000 1.583
705.000 1.566
710.000 1.443
715.000 1.540
720.000 1.463
725.000 1.473
730.000 1.468
735.000 1.476
740.000 1.446
745.000 1.446
750.000 1.496
755.000 1.405
760.000 1.509
765.000 1.358
770.000 1.404
775.000 1.452
780.000 1.477
785.000 1.404
790.000 1.453
795.000 1.489
800.000 1.342
805.000 1.473
810.000 1.394
815.000 1.436
820.000 1.439
825.000 1.397
830.000 1.356
835.000 1.423
840.000 1.416
845.000 1.439
850.000 1.481
855.000 1.445
860.000 1.334
865.000 1.394
870.000 1.371
875.000 1.307
880.000 1.310
885.000 1.321
890.000 1.399
895.000 1.337
900.000 1.285
905.000 1.397
910.000 1.340
915.000 1.391
920.000 1.336
925.000 1.316
930.000 1.367
935.000 1.297
940.000 1.347
945.000 1.280
950.000 1.334
955.000 1.296
960.000 1.353
965.000 1.463
970.000 1.255
975.000 1.443
980.000 1.294
985.000 1.277
990.000 1.231
995.000 1.210
1000.000 1.372
1005.000 1.200
1010.000 1.534
1015.000 1.471
1020.000 1.448
1025.000 1.350
1030.000 1.431
1035.000 1.155
1040.000 1.446
1045.000 1.317
1050.000 1.404
1055.000 1.371
1060.000 1.203
1065.000 1.251
1070.000 1.274
1075.000 1.279
1080.000 1.259
1085.000 1.336
1090.000 1.225
1095.000 1.249
1100.000 1.195
1105.000 1.262
1110.000 1.214
1115.000 1.230
1120.000 1.236
1125.000 1.235
1130.000 1.195
1135.000 1.185
1140.000 1.260
1145.000 1.185
1150.000 1.195
1155.000 1.262
1160.000 1.230
1165.000 1.162
1170.000 1.223
1175.000 1.204
1180.000 1.187
1185.000 1.206
1190.000 1.198
1195.000 1.178
1200.000 1.210
1205.000 1.255
1210.000 1.155
1215.000 1.143
1220.000 1.229
1225.000 1.155
1230.000 1.286
1235.000 1.261
1240.000 1.224
1245.000 1.190
1250.000 1.165
1255.000 1.117
1260.000 1.134
1265.000 1.235
1270.000 1.219
1275.000 1.183
1280.000 1.177
1285.000 1.219
1290.000 1.143
1295.000 1.196
1300.000 1.135
1305.000 1.167
1310.000 1.135
1315.000 1.120
1320.000 1.229
1325.000 1.223
1330.000 1.125
1335.000 1.167
1340.000 1.128
1345.000 1.183
1350.000 1.127
1355.000 1.127
1360.000 1.082
1365.000 1.091
1370.000 1.137
1375.000 1.122
1380.000 1.131
1385.000 1.072
1390.000 1.114
1395.000 1.134
1400.000 1.111
1405.000 1.154
1410.000 1.137
1415.000 1.157
1420.000 1.157
1425.000 1.164
1430.000 1.116
1435.000 1.103
1440.000 1.115
1445.000 1.150
1450.000 1.170
1455.000 1.148
1460.000 1.109
1465.000 1.106
1470.000 1.103
1475.000 1.103
1480.000 1.145
1485.000 1.150
1490.000 1.045
1495.000 1.064
1500.000 1.041
1505.000 1.016
1510.000 1.020
1515.000 0.956
1520.000 0.961
1525.000 0.947
1530.000 0.940
1535.000 0.987
1540.000 0.949
1545.000 0.996
1550.000 0.999
1555.000 0.972
1560.000 0.946
1565.000 0.961
1570.000 0.960
1575.000 0.978
1580.000 0.899
1585.000 0.894
1590.000 0.938
1595.000 0.946
1600.000 0.935
1605.000 0.908
1610.000 0.952
1615.000 0.910
1620.000 0.970
1625.000 0.983
1630.000 0.917
1635.000 0.942
1640.000 0.925
1645.000 0.983
1650.000 0.940
1655.000 0.918
1660.000 0.961
1665.000 0.911
1670.000 0.937
1675.000 0.910
1680.000 0.925
1685.000 0.964
1690.000 1.005
1695.000 0.968
1700.000 0.990
1705.000 1.084
1710.000 1.054
1715.000 1.093
1720.000 1.109
1725.000 1.110
1730.000 1.091
1735.000 1.107
1740.000 1.042
1745.000 1.157
1750.000 1.141
1755.000 1.174
1760.000 1.200
1765.000 1.278
1770.000 1.338
1775.000 1.293
1780.000 1.278
1785.000 1.394
1790.000 1.489
1795.000 1.513
1800.000 1.538
1805.000 1.592
1810.000 1.634
1815.000 1.653
1820.000 1.692
1825.000 1.654
1830.000 1.755
1835.000 1.707
1840.000 1.885
1845.000 1.912
1850.000 1.940
1855.000 1.948
1860.000 2.048
1865.000 1.972
1870.000 2.039
1875.000 2.097
1880.000 2.099
1885.000 2.200
1890.000 2.195
1895.000 2.179
1900.000 2.220
1905.000 2.253
1910.000 2.316
1915.000 2.303
1920.000 2.376
1925.000 2.262
1930.000 2.263
1935.000 2.323
1940.000 2.343
1945.000 2.254
1950.000 2.367
1955.000 2.394
1960.000 2.410
1965.000 2.393
1970.000 2.219
1975.000 2.377
1980.000 2.388
1985.000 2.383
1990.000 2.338
1995.000 2.364
2000.000 2.276
2005.000 2.387
2010.000 2.313
2015.000 2.379
2020.000 2.362
2025.000 2.304
2030.000 2.405
2035.000 2.313
2040.000 2.382
2045.000 2.403
2050.000 2.409
2055.000 2.449
2060.000 2.353
2065.000 2.366
2070.000 2.337
2075.000 2.445
2080.000 2.430
2085.000 2.433
2090.000 2.352
2095.000 2.316
2100.000 2.439
2105.000 2.400
2110.000 2.513
2115.000 2.452
2120.000 2.447
2125.000 2.479
2130.000 2.408
2135.000 2.431
2140.000 2.469
2145.000 2.470
2150.000 2.539
2155.000 2.540
2160.000 2.488
2165.000 2.554
2170.000 2.531
2175.000 2.648
2180.000 2.604
2185.000 2.663
2190.000 2.672
2195.000 2.673
2200.000 2.740
2205.000 2.773
2210.000 2.819
2215.000 2.836
2220.000 2.883
2225.000 3.017
2230.000 3.056
2235.000 3.135
2240.000 3.249
2245.000 3.294
2250.000 3.626
2255.000 3.772
2260.000 3.883
2265.000 4.069
2270.000 4.624
2275.000 5.051
2280.000 5.598
2285.000 6.306
2290.000 8.601
2295.000 10.198
2300.000 12.170
2305.000 18.485
2310.000 27.530
2315.000 34.708
2320.000 30.388
2325.000 9.015
2330.000 6.326
2335.000 4.637
2340.000 2.798
2345.000 2.328
2350.000 1.890
2355.000 1.546
2360.000 1.105
2365.000 0.999
2370.000 0.872
2375.000 0.789
2380.000 0.700
2385.000 0.690
2390.000 0.677
2395.000 0.678
2400.000 0.673
2405.000 0.664
2410.000 0.699
2415.000 0.666
2420.000 0.687
2425.000 0.714
2430.000 0.737
2435.000 0.679
2440.000 0.698
2445.000 0.742
2450.000 0.774
2455.000 0.789
2460.000 0.784
2465.000 0.775
2470.000 0.795
2475.000 0.823
2480.000 0.808
2485.000 0.820
2490.000 0.825
2495.000 0.844
2500.000 0.825
2505.000 0.844
2510.000 0.830
2515.000 0.842
2520.000 0.841
2525.000 0.853
2530.000 0.866
2535.000 0.883
2540.000 0.890
2545.000 0.881
2550.000 0.896
2555.000 0.919
2560.000 0.913
2565.000 0.939
2570.000 0.915
2575.000 0.908
2580.000 0.927
2585.000 0.941
2590.000 0.943
2595.000 0.944
2600.000 0.934
2605.000 0.928
2610.000 0.936
2615.000 0.964
2620.000 0.954
2625.000 0.954
2630.000 0.961
2635.000 0.971
2640.000 0.952
2645.000 0.986
2650.000 0.973
2655.000 0.981
2660.000 0.966
2665.000 0.996
2670.000 0.986
2675.000 0.966
2680.000 1.009
2685.000 1.017
2690.000 0.994
2695.000 1.001
2700.000 1.010
2705.000 0.992
2710.000 0.993
2715.000 0.984
2720.000 0.998
2725.000 0.987
2730.000 1.015
2735.000 0.978
2740.000 0.995
2745.000 0.985
2750.000 0.994
2755.000 0.977
2760.000 0.984
2765.000 0.991
2770.000 1.019
2775.000 1.008
2780.000 0.984
2785.000 0.979
2790.000 0.980
2795.000 1.018
2800.000 0.965
2805.000 0.987
2810.000 0.979
2815.000 0.985
2820.000 0.960
2825.000 0.976
2830.000 1.001
2835.000 0.972
2840.000 0.951
2845.000 0.959
2850.000 0.947
2855.000 0.939
2860.000 1.008
2865.000 1.002
2870.000 0.986
2875.000 0.968
2880.000 0.967
2885.000 1.026
2890.000 1.013
2895.000 0.974
2900.000 0.960
2905.000 0.980
2910.000 1.008
2915.000 0.988
2920.000 1.025
2925.000 1.001
2930.000 0.998
2935.000 0.969
2940.000 1.026
2945.000 1.026
2950.000 0.983
2955.000 0.982
2960.000 1.027
2965.000 1.003
2970.000 1.080
2975.000 0.991
2980.000 1.100
2985.000 1.069
2990.000 1.071
2995.000 1.111
3000.000 1.068
3005.000 1.090
3010.000 1.030
3015.000 1.039
3020.000 1.089
3025.000 1.076
3030.000 1.045
3035.000 1.143
3040.000 1.192
3045.000 1.158
3050.000 1.120
3055.000 1.104
3060.000 1.170
3065.000 1.186
3070.000 1.114
3075.000 1.154
3080.000 1.207
3085.000 1.194
3090.000 1.202
3095.000 1.201
3100.000 1.194
3105.000 1.217
3110.000 1.229
3115.000 1.255
3120.000 1.221
3125.000 1.285
3130.000 1.308
3135.000 1.274
3140.000 1.309
3145.000 1.311
3150.000 1.348
3155.000 1.316
3160.000 1.321
3165.000 1.369
3170.000 1.361
3175.000 1.368
3180.000 1.352
3185.000 1.358
3190.000 1.386
3195.000 1.393
3200.000 1.394
3205.000 1.400
3210.000 1.416
3215.000 1.409
3220.000 1.452
3225.000 1.477
3230.000 1.462
3235.000 1.443
3240.000 1.481
3245.000 1.514
3250.000 1.508
3255.000 1.508
3260.000 1.501
3265.000 1.533
3270.000 1.557
3275.000 1.567
3280.000 1.575
3285.000 1.577
3290.000 1.625
3295.000 1.616
3300.000 1.591
3305.000 1.604
3310.000 1.653
3315.000 1.620
3320.000 1.627
3325.000 1.667
3330.000 1.720
3335.000 1.701
3340.000 1.707
3345.000 1.725
3350.000 1.769
3355.000 1.782
3360.000 1.782
3365.000 1.833
3370.000 1.838
3375.000 1.852
3380.000 1.837
3385.000 1.866
3390.000 1.904
3395.000 1.935
3400.000 1.958
3405.000 1.950
3410.000 2.012
3415.000 2.019
3420.000 2.070
3425.000 2.060
3430.000 2.080
3435.000 2.123
3440.000 2.150
3445.000 2.131
3450.000 2.169
3455.000 2.244
3460.000 2.265
3465.000 2.289
3470.000 2.316
3475.000 2.320
3480.000 2.333
3485.000 2.352
3490.000 2.427
3495.000 2.470
3500.000 2.475
3505.000 2.500
3510.000 2.585
3515.000 2.625
3520.000 2.687
3525.000 2.745
3530.000 2.812
3535.000 2.830
3540.000 2.844
3545.000 2.979
3550.000 3.009
3555.000 3.065
3560.000 3.144
3565.000 3.237
3570.000 3.334
3575.000 3.416
3580.000 3.540
3585.000 3.623
3590.000 3.692
3595.000 3.985
3600.000 4.084
3605.000 4.207
3610.000 4.358
3615.000 4.668
3620.000 4.887
3625.000 5.124
3630.000 5.439
3635.000 6.167
3640.000 6.701
3645.000 7.321
3650.000 9.071
3655.000 10.288
3660.000 11.997
3665.000 14.277
3670.000 21.656
3675.000 26.735
3680.000 32.495
3685.000 38.790
3690.000 48.218
3695.000 46.312
3700.000 40.623
3705.000 43.012
3710.000 24.496
3715.000 18.039
3720.000 14.481
3725.000 9.680
3730.000 8.151
3735.000 6.984
3740.000 5.293
3745.000 4.707
3750.000 4.139
3755.000 3.698
3760.000 2.991
3765.000 2.791
3770.000 2.530
3775.000 2.282
3780.000 2.075
3785.000 1.893
3790.000 1.769
3795.000 1.659
3800.000 1.257
3805.000 1.417
3810.000 1.081
3815.000 1.304
3820.000 1.160
3825.000 1.161
3830.000 0.762
3835.000 0.904
3840.000 0.758
3845.000 1.026
3850.000 0.585
3855.000 0.627
3860.000 0.825
3865.000 0.290
3870.000 0.799
3875.000 0.498
3880.000 0.291
3885.000 0.425
3890.000 0.295
3895.000 0.490
3900.000 0.593
3905.000 0.498
3910.000 0.532
3915.000 0.486
3920.000 0.464
3925.000 0.442
3930.000 0.361
3935.000 0.429
3940.000 0.398
3945.000 0.377
3950.000 0.384
3955.000 0.361
3960.000 0.362
3965.000 0.349
3970.000 0.341
3975.000 0.338
3980.000 0.362
3985.000 0.273
3990.000 0.251
3995.000 0.270
4000.000 0.283
4005.000 0.261
4010.000 0.250
4015.000 0.248
4020.000 0.246
4025.000 0.237
4030.000 0.239
4035.000 0.227
4040.000 0.195
4045.000 0.258
4050.000 0.212
4055.000 0.190
4060.000 0.208
4065.000 0.249
4070.000 0.196
4075.000 0.233
4080.000 0.215
4085.000 0.247
4090.000 0.243
4095.000 0.239
4100.000 0.256
4105.000 0.231
4110.000 0.251
4115.000 0.272
4120.000 0.252
4125.000 0.279
4130.000 0.260
4135.000 0.289
4140.000 0.286
4145.000 0.278
4150.000 0.288
4155.000 0.295
4160.000 0.298
4165.000 0.300
4170.000 0.295
4175.000 0.339
4180.000 0.323
4185.000 0.329
4190.000 0.331
4195.000 0.331
4200.000 0.327
4205.000 0.336
4210.000 0.354
4215.000 0.351
4220.000 0.363
4225.000 0.360
4230.000 0.375
4235.000 0.375
4240.000 0.385
4245.000 0.379
4250.000 0.388
4255.000 0.392
4260.000 0.405
4265.000 0.398
4270.000 0.407
4275.000 0.411
4280.000 0.400
4285.000 0.410
4290.000 0.390
4295.000 0.411
4300.000 0.388
4305.000 0.382
4310.000 0.399
4315.000 0.381
4320.000 0.387
4325.000 0.362
4330.000 0.377
4335.000 0.376
4340.000 0.351
4345.000 0.361
4350.000 0.361
4355.000 0.357
4360.000 0.342
4365.000 0.342
4370.000 0.344
4375.000 0.344
4380.000 0.323
4385.000 0.329
4390.000 0.335
4395.000 0.324
4400.000 0.331
4405.000 0.329
4410.000 0.328
4415.000 0.305
4420.000 0.319
4425.000 0.308
4430.000 0.308
4435.000 0.307
4440.000 0.311
4445.000 0.307
4450.000 0.308
4455.000 0.310
4460.000 0.321
4465.000 0.286
4470.000 0.279
4475.000 0.284
4480.000 0.285
4485.000 0.284
4490.000 0.277
4495.000 0.301
4500.000 0.267
4505.000 0.276
4510.000 0.263
4515.000 0.259
4520.000 0.267
4525.000 0.261
4530.000 0.249
4535.000 0.258
4540.000 0.247
4545.000 0.249
4550.000 0.244
4555.000 0.239
4560.000 0.239
4565.000 0.222
4570.000 0.229
4575.000 0.231
4580.000 0.228
4585.000 0.214
4590.000 0.213
4595.000 0.192
4600.000 0.208
4605.000 0.215
4610.000 0.200
4615.000 0.196
4620.000 0.204
4625.000 0.188
4630.000 0.185
4635.000 0.192
4640.000 0.169
4645.000 0.173
4650.000 0.181
4655.000 0.196
4660.000 0.182
4665.000 0.193
4670.000 0.184
4675.000 0.195
4680.000 0.207
4685.000 0.206
4690.000 0.207
4695.000 0.221
4700.000 0.227
4705.000 0.233
4710.000 0.246
4715.000 0.273
4720.000 0.287
4725.000 0.287
4730.000 0.311
4735.000 0.341
4740.000 0.330
4745.000 0.372
4750.000 0.383
4755.000 0.412
4760.000 0.414
4765.000 0.465
4770.000 0.490
4775.000 0.523
4780.000 0.564
4785.000 0.597
4790.000 0.628
4795.000 0.669
4800.000 0.732
4805.000 0.798
4810.000 0.836
4815.000 0.890
4820.000 1.016
4825.000 1.056
4830.000 1.120
4835.000 1.292
4840.000 1.391
4845.000 1.472
4850.000 1.601
4855.000 1.886
4860.000 2.060
4865.000 2.270
4870.000 2.541
4875.000 3.070
4880.000 3.310
4885.000 3.641
4890.000 4.395
4895.000 4.851
4900.000 5.365
4905.000 5.992
4910.000 7.600
4915.000 8.606
4920.000 9.791
4925.000 12.944
4930.000 14.902
4935.000 17.034
4940.000 19.597
4945.000 25.951
4950.000 30.019
4955.000 34.936
4960.000 44.541
4965.000 41.888
4970.000 16.485
4975.000 45.959
4980.000 55.310
4985.000 53.156
4990.000 49.784
4995.000 35.660
5000.000 23.594
5005.000 21.254
5010.000 18.400
5015.000 14.449
5020.000 13.016
5025.000 11.805
5030.000 10.778
5035.000 9.120
5040.000 8.479
5045.000 7.888
5050.000 6.905
5055.000 6.540
5060.000 6.219
5065.000 5.922
5070.000 5.389
5075.000 5.171
5080.000 4.951
5085.000 4.621
5090.000 4.476
5095.000 4.344
5100.000 4.213
5105.000 4.026
5110.000 3.922
5115.000 3.844
5120.000 3.752
5125.000 3.595
5130.000 3.534
5135.000 3.478
5140.000 3.383
5145.000 3.337
5150.000 3.301
5155.000 3.255
5160.000 3.181
5165.000 3.163
5170.000 3.136
5175.000 3.109
5180.000 3.055
5185.000 3.052
5190.000 3.017
5195.000 2.982
5200.000 2.966
5205.000 2.950
5210.000 2.932
5215.000 2.901
5220.000 2.882
5225.000 2.859
5230.000 2.838
5235.000 2.822
5240.000 2.822
5245.000 2.820
5250.000 2.800
5255.000 2.782
5260.000 2.774
5265.000 2.757
5270.000 2.738
5275.000 2.714
5280.000 2.707
5285.000 2.674
5290.000 2.673
5295.000 2.654
5300.000 2.666
5305.000 2.649
5310.000 2.627
5315.000 2.630
5320.000 2.595
5325.000 2.603
5330.000 2.580
5335.000 2.571
5340.000 2.566
5345.000 2.556
5350.000 2.543
5355.000 2.514
5360.000 2.514
5365.000 2.502
5370.000 2.500
5375.000 2.481
5380.000 2.462
5385.000 2.449
5390.000 2.435
5395.000 2.417
5400.000 2.418
5405.000 2.407
5410.000 2.401
5415.000 2.370
5420.000 2.355
5425.000 2.358
5430.000 2.351
5435.000 2.337
5440.000 2.331
5445.000 2.292
5450.000 2.299
5455.000 2.275
5460.000 2.271
5465.000 2.260
5470.000 2.241
5475.000 2.243
5480.000 2.223
5485.000 2.215
5490.000 2.204
5495.000 2.199
5500.000 2.170
5505.000 2.181
5510.000 2.166
5515.000 2.140
5520.000 2.151
5525.000 2.144
5530.000 2.128
5535.000 2.126
5540.000 2.088
5545.000 2.086
5550.000 2.087
5555.000 2.065
5560.000 2.048
5565.000 2.044
5570.000 2.054
5575.000 2.021
5580.000 2.025
5585.000 2.000
5590.000 1.999
5595.000 1.982
5600.000 1.990
5605.000 1.974
5610.000 1.969
5615.000 1.959
5620.000 1.949
5625.000 1.946
5630.000 1.927
5635.000 1.938
5640.000 1.932
5645.000 1.926
5650.000 1.907
5655.000 1.901
5660.000 1.903
5665.000 1.895
5670.000 1.882
5675.000 1.880
5680.000 1.883
5685.000 1.853
5690.000 1.861
5695.000 1.846
5700.000 1.848
5705.000 1.842
5710.000 1.851
5715.000 1.836
5720.000 1.824
5725.000 1.828
5730.000 1.809
5735.000 1.815
5740.000 1.807
5745.000 1.813
5750.000 1.800
5755.000 1.809
5760.000 1.795
5765.000 1.798
5770.000 1.801
5775.000 1.788
5780.000 1.789
5785.000 1.786
5790.000 1.772
5795.000 1.770
5800.000 1.768
5805.000 1.768
5810.000 1.780
5815.000 1.767
5820.000 1.762
5825.000 1.771
5830.000 1.771
5835.000 1.765
5840.000 1.759
5845.000 1.746
5850.000 1.753
5855.000 1.743
5860.000 1.769
5865.000 1.747
5870.000 1.741
5875.000 1.734
5880.000 1.751
5885.000 1.749
5890.000 1.745
5895.000 1.738
5900.000 1.741
5905.000 1.733
5910.000 1.739
5915.000 1.728
5920.000 1.733
5925.000 1.730
5930.000 1.719
5935.000 1.726
5940.000 1.721
5945.000 1.713
5950.000 1.693
5955.000 1.692
5960.000 1.718
5965.000 1.704
5970.000 1.684
5975.000 1.674
5980.000 1.679
5985.000 1.677
5990.000 1.643
5995.000 1.640
6000.000 1.639
6005.000 1.636
6010.000 1.628
6015.000 1.626
6020.000 1.604
6025.000 1.582
6030.000 1.569
6035.000 1.588
6040.000 1.508
6045.000 1.535
6050.000 1.493
6055.000 1.483
6060.000 1.464
6065.000 1.454
6070.000 1.437
6075.000 1.396
6080.000 1.359
6085.000 1.343
6090.000 1.336
6095.000 1.272
6100.000 1.261
6105.000 1.216
6110.000 1.147
6115.000 1.117
6120.000 1.089
6125.000 1.051
6130.000 0.955
6135.000 0.907
6140.000 0.847
6145.000 0.711
6150.000 0.636
6155.000 0.553
6160.000 0.455
6165.000 0.219
6170.000 0.080
6175.000 0.087
6180.000 0.535
6185.000 0.823
6190.000 1.211
6195.000 1.764
6200.000 4.832
6205.000 8.621
6210.000 13.464
6215.000 18.265
6220.000 25.162
6225.000 24.643
6230.000 22.379
6235.000 31.885
6240.000 27.797
6245.000 24.941
6250.000 21.025
6255.000 16.978
6260.000 15.035
6265.000 13.158
6270.000 11.049
6275.000 7.641
6280.000 6.207
6285.000 4.995
6290.000 3.246
6295.000 2.642
6300.000 2.161
6305.000 1.838
6310.000 1.437
6315.000 1.351
6320.000 1.293
6325.000 1.255
6330.000 1.253
6335.000 1.263
6340.000 1.283
6345.000 1.322
6350.000 1.321
6355.000 1.343
6360.000 1.369
6365.000 1.398
6370.000 1.429
6375.000 1.443
6380.000 1.480
6385.000 1.511
6390.000 1.551
6395.000 1.580
6400.000 1.636
6405.000 1.661
6410.000 1.710
6415.000 1.775
6420.000 1.802
6425.000 1.861
6430.000 1.876
6435.000 1.971
6440.000 1.995
6445.000 2.058
6450.000 2.143
6455.000 2.215
6460.000 2.264
6465.000 2.328
6470.000 2.470
6475.000 2.535
6480.000 2.637
6485.000 2.693
6490.000 2.868
6495.000 2.917
6500.000 2.994
6505.000 3.211
6510.000 3.346
6515.000 3.523
6520.000 3.750
6525.000 4.469
6530.000 5.062
6535.000 5.972
6540.000 9.943
6545.000 13.902
6550.000 19.345
6555.000 25.304
6560.000 28.258
6565.000 11.988
6570.000 15.368
6575.000 7.652
6580.000 2.395
6585.000 2.058
6590.000 1.892
6595.000 1.556
6600.000 1.059
6605.000 1.243
6610.000 1.110
6615.000 1.051
6620.000 1.048
6625.000 1.033
6630.000 1.045
6635.000 1.063
6640.000 1.063
6645.000 1.072
6650.000 1.081
6655.000 1.079
6660.000 1.087
6665.000 1.086
6670.000 1.105
6675.000 1.121
6680.000 1.118
6685.000 1.133
6690.000 1.134
6695.000 1.170
6700.000 1.159
6705.000 1.189
6710.000 1.201
6715.000 1.206
6720.000 1.236
6725.000 1.237
6730.000 1.251
6735.000 1.275
6740.000 1.289
6745.000 1.291
6750.000 1.301
6755.000 1.313
6760.000 1.344
6765.000 1.358
6770.000 1.369
6775.000 1.383
6780.000 1.387
6785.000 1.396
6790.000 1.407
6795.000 1.407
6800.000 1.453
6805.000 1.440
6810.000 1.471
6815.000 1.471
6820.000 1.482
6825.000 1.520
6830.000 1.519
6835.000 1.518
6840.000 1.543
6845.000 1.566
6850.000 1.569
6855.000 1.587
6860.000 1.602
6865.000 1.642
6870.000 1.643
6875.000 1.662
6880.000 1.661
6885.000 1.685
6890.000 1.712
6895.000 1.724
6900.000 1.734
6905.000 1.763
6910.000 1.769
6915.000 1.792
6920.000 1.834
6925.000 1.831
6930.000 1.848
6935.000 1.888
6940.000 1.871
6945.000 1.898
6950.000 1.916
6955.000 1.959
6960.000 1.947
6965.000 1.976
6970.000 2.011
6975.000 2.024
6980.000 2.051
6985.000 2.063
6990.000 2.081
6995.000 2.092
7000.000 2.106
7005.000 2.114
7010.000 2.131
7015.000 2.156
7020.000 2.161
7025.000 2.181
7030.000 2.189
7035.000 2.203
7040.000 2.194
7045.000 2.225
7050.000 2.228
7055.000 2.273
7060.000 2.271
7065.000 2.274
7070.000 2.320
7075.000 2.339
7080.000 2.344
7085.000 2.360
7090.000 2.381
7095.000 2.413
7100.000 2.412
7105.000 2.426
7110.000 2.460
7115.000 2.508
7120.000 2.517
7125.000 2.543
7130.000 2.553
7135.000 2.579
7140.000 2.607
7145.000 2.644
7150.000 2.663
7155.000 2.695
7160.000 2.727
7165.000 2.784
7170.000 2.839
7175.000 2.850
7180.000 2.873
7185.000 2.915
7190.000 2.957
7195.000 3.002
7200.000 3.018
7205.000 3.101
7210.000 3.174
7215.000 3.213
7220.000 3.251
7225.000 3.349
7230.000 3.391
7235.000 3.460
7240.000 3.573
7245.000 3.626
7250.000 3.664
7255.000 3.696
7260.000 3.854
7265.000 3.944
7270.000 4.027
7275.000 4.114
7280.000 4.266
7285.000 4.374
7290.000 4.477
7295.000 4.695
7300.000 4.825
7305.000 4.946
7310.000 5.090
7315.000 5.422
7320.000 5.576
7325.000 5.760
7330.000 6.167
7335.000 6.384
7340.000 6.658
7345.000 6.979
7350.000 7.756
7355.000 8.197
7360.000 8.775
7365.000 9.654
7370.000 10.891
7375.000 12.006
7380.000 13.310
7385.000 16.804
7390.000 19.033
7395.000 21.667
7400.000 24.803
7405.000 32.785
7410.000 37.243
7415.000 41.546
7420.000 45.622
7425.000 52.381
7430.000 54.300
7435.000 53.893
7440.000 39.700
7445.000 30.174
7450.000 22.958
7455.000 18.432
7460.000 15.280
7465.000 13.882
7470.000 12.667
7475.000 10.701
7480.000 9.783
7485.000 9.018
7490.000 8.364
7495.000 7.294
7500.000 6.831
7505.000 6.437
7510.000 5.723
7515.000 5.417
7520.000 5.142
7525.000 4.891
7530.000 4.463
7535.000 4.292
7540.000 4.109
7545.000 3.784
7550.000 3.656
7555.000 3.541
7560.000 3.412
7565.000 3.209
7570.000 3.114
7575.000 3.037
7580.000 2.958
7585.000 2.806
7590.000 2.733
7595.000 2.664
7600.000 2.555
7605.000 2.502
7610.000 2.445
7615.000 2.398
7620.000 2.317
7625.000 2.275
7630.000 2.231
7635.000 2.172
7640.000 2.139
7645.000 2.103
7650.000 2.083
7655.000 2.029
7660.000 1.987
7665.000 1.966
7670.000 1.922
7675.000 1.893
7680.000 1.870
7685.000 1.852
7690.000 1.814
7695.000 1.801
7700.000 1.786
7705.000 1.756
7710.000 1.734
7715.000 1.725
7720.000 1.714
7725.000 1.678
7730.000 1.669
7735.000 1.651
7740.000 1.637
7745.000 1.607
7750.000 1.580
7755.000 1.580
7760.000 1.565
7765.000 1.540
7770.000 1.541
7775.000 1.513
7780.000 1.507
7785.000 1.493
7790.000 1.483
7795.000 1.473
7800.000 1.451
7805.000 1.446
7810.000 1.434
7815.000 1.432
7820.000 1.404
7825.000 1.393
7830.000 1.388
7835.000 1.383
7840.000 1.373
7845.000 1.349
7850.000 1.362
7855.000 1.335
7860.000 1.325
7865.000 1.325
7870.000 1.308
7875.000 1.300
7880.000 1.280
7885.000 1.269
7890.000 1.260
7895.000 1.232
7900.000 1.226
7905.000 1.213
7910.000 1.207
7915.000 1.187
7920.000 1.184
7925.000 1.152
7930.000 1.139
7935.000 1.122
7940.000 1.099
7945.000 1.057
7950.000 1.045
7955.000 1.030
7960.000 1.011
7965.000 0.986
7970.000 0.973
7975.000 0.943
7980.000 0.908
7985.000 0.905
7990.000 0.911
7995.000 0.975
8000.000 1.042
8005.000 1.198
8010.000 1.404
8015.000 2.267
8020.000 3.220
8025.000 5.346
8030.000 21.029
8035.000 31.036
8040.000 39.916
8045.000 42.844
8050.000 19.216
8055.000 22.005
8060.000 8.270
8065.000 5.864
8070.000 5.543
8075.000 5.174
8080.000 4.718
8085.000 3.870
8090.000 3.652
8095.000 3.448
8100.000 3.295
8105.000 3.026
8110.000 2.901
8115.000 2.817
8120.000 2.658
8125.000 2.587
8130.000 2.517
8135.000 2.487
8140.000 2.383
8145.000 2.357
8150.000 2.311
8155.000 2.295
8160.000 2.250
8165.000 2.236
8170.000 2.226
8175.000 2.189
8180.000 2.186
8185.000 2.175
8190.000 2.173
8195.000 2.162
8200.000 2.148
8205.000 2.167
8210.000 2.163
8215.000 2.190
8220.000 2.189
8225.000 2.187
8230.000 2.204
8235.000 2.218
8240.000 2.225
8245.000 2.223
8250.000 2.253
8255.000 2.248
8260.000 2.264
8265.000 2.286
8270.000 2.302
8275.000 2.316
8280.000 2.327
8285.000 2.365
8290.000 2.378
8295.000 2.399
8300.000 2.421
8305.000 2.451
8310.000 2.483
8315.000 2.503
8320.000 2.537
8325.000 2.560
8330.000 2.586
8335.000 2.643
8340.000 2.684
8345.000 2.713
8350.000 2.755
8355.000 2.835
8360.000 2.862
8365.000 2.912
8370.000 2.967
8375.000 3.059
8380.000 3.118
8385.000 3.182
8390.000 3.309
8395.000 3.382
8400.000 3.470
8405.000 3.575
8410.000 3.773
8415.000 3.877
8420.000 3.969
8425.000 4.161
8430.000 4.260
8435.000 4.366
8440.000 4.482
8445.000 4.693
8450.000 4.820
8455.000 4.942
8460.000 5.227
8465.000 5.407
8470.000 5.576
8475.000 5.814
8480.000 6.324
8485.000 6.713
8490.000 7.204
8495.000 7.866
8500.000 10.376
8505.000 12.602
8510.000 16.128
8515.000 21.385
8520.000 33.149
8525.000 33.730
8530.000 21.717
8535.000 7.858
8540.000 7.939
8545.000 4.571
8550.000 4.907
8555.000 6.622
8560.000 7.526
8565.000 8.365
8570.000 11.202
8575.000 13.039
8580.000 15.085
8585.000 17.260
8590.000 22.415
8595.000 25.320
8600.000 28.471
8605.000 35.502
8610.000 38.833
8615.000 41.794
8620.000 43.866
8625.000 43.690
8630.000 40.479
8635.000 35.352
8640.000 30.131
8645.000 21.901
8650.000 18.451
8655.000 14.831
8660.000 8.790
8665.000 7.513
8670.000 7.452
8675.000 7.354
8680.000 6.019
8685.000 5.524
8690.000 5.098
8695.000 4.390
8700.000 4.108
8705.000 3.849
8710.000 3.603
8715.000 3.213
8720.000 3.033
8725.000 2.889
8730.000 2.620
8735.000 2.498
8740.000 2.391
8745.000 2.280
8750.000 2.100
8755.000 2.035
8760.000 1.947
8765.000 1.880
8770.000 1.769
8775.000 1.698
8780.000 1.649
8785.000 1.565
8790.000 1.507
8795.000 1.468
8800.000 1.433
8805.000 1.371
8810.000 1.340
8815.000 1.293
8820.000 1.253
8825.000 1.221
8830.000 1.200
8835.000 1.186
8840.000 1.136
8845.000 1.120
8850.000 1.106
8855.000 1.072
8860.000 1.061
8865.000 1.055
8870.000 1.040
8875.000 1.018
8880.000 0.994
8885.000 1.000
8890.000 0.991
8895.000 0.973
8900.000 0.993
8905.000 0.964
8910.000 0.960
8915.000 0.956
8920.000 0.952
8925.000 0.939
8930.000 0.941
8935.000 0.932
8940.000 0.938
8945.000 0.937
8950.000 0.939
8955.000 0.929
8960.000 0.921
8965.000 0.929
8970.000 0.920
8975.000 0.926
8980.000 0.927
8985.000 0.915
8990.000 0.933
8995.000 0.922
9000.000 0.931
9005.000 0.944
9010.000 0.942
9015.000 0.935
9020.000 0.948
9025.000 0.934
9030.000 0.943
9035.000 0.959
9040.000 0.952
9045.000 0.953
9050.000 0.969
9055.000 0.957
9060.000 0.955
9065.000 0.966
9070.000 0.962
9075.000 0.981
9080.000 0.974
9085.000 0.990
9090.000 1.002
9095.000 1.006
9100.000 1.002
9105.000 1.001
9110.000 1.024
9115.000 1.020
9120.000 1.020
9125.000 1.031
9130.000 1.040
9135.000 1.036
9140.000 1.051
9145.000 1.070
9150.000 1.054
9155.000 1.087
9160.000 1.085
9165.000 1.101
9170.000 1.094
9175.000 1.104
9180.000 1.104
9185.000 1.125
9190.000 1.122
9195.000 1.139
9200.000 1.156
9205.000 1.168
9210.000 1.176
9215.000 1.189
9220.000 1.204
9225.000 1.207
9230.000 1.224
9235.000 1.249
9240.000 1.262
9245.000 1.280
9250.000 1.281
9255.000 1.308
9260.000 1.312
9265.000 1.346
9270.000 1.367
9275.000 1.391
9280.000 1.393
9285.000 1.411
9290.000 1.466
9295.000 1.480
9300.000 1.503
9305.000 1.560
9310.000 1.581
9315.000 1.619
9320.000 1.631
9325.000 1.708
9330.000 1.744
9335.000 1.790
9340.000 1.844
9345.000 1.939
9350.000 2.003
9355.000 2.078
9360.000 2.240
9365.000 2.327
9370.000 2.457
9375.000 2.571
9380.000 2.889
9385.000 3.053
9390.000 3.237
9395.000 3.686
9400.000 3.959
9405.000 4.320
9410.000 4.718
9415.000 5.862
9420.000 6.676
9425.000 7.797
9430.000 11.255
9435.000 13.967
9440.000 17.420
9445.000 21.742
9450.000 32.800
9455.000 38.585
9460.000 41.720
9465.000 37.731
9470.000 16.223
9475.000 7.703
9480.000 10.839
9485.000 5.815
9490.000 4.763
9495.000 4.092
9500.000 3.526
9505.000 2.763
9510.000 2.483
9515.000 2.235
9520.000 1.864
9525.000 1.732
9530.000 1.596
9535.000 1.500
9540.000 1.319
9545.000 1.269
9550.000 1.209
9555.000 1.121
9560.000 1.092
9565.000 1.058
9570.000 1.030
9575.000 0.990
9580.000 0.989
9585.000 0.973
9590.000 0.967
9595.000 0.970
9600.000 0.969
9605.000 0.973
9610.000 0.986
9615.000 0.997
9620.000 1.020
9625.000 1.029
9630.000 1.053
9635.000 1.067
9640.000 1.099
9645.000 1.125
9650.000 1.185
9655.000 1.200
9660.000 1.237
9665.000 1.302
9670.000 1.342
9675.000 1.384
9680.000 1.424
9685.000 1.527
9690.000 1.597
9695.000 1.657
9700.000 1.806
9705.000 1.887
9710.000 1.989
9715.000 2.078
9720.000 2.348
9725.000 2.505
9730.000 2.685
9735.000 2.921
9740.000 3.514
9745.000 3.926
9750.000 4.460
9755.000 6.039
9760.000 7.128
9765.000 8.462
9770.000 10.054
9775.000 13.929
9780.000 15.983
9785.000 18.027
9790.000 21.099
9795.000 21.567
9800.000 20.884
9805.000 18.839
9810.000 13.317
9815.000 11.002
9820.000 9.106
9825.000 6.317
9830.000 5.385
9835.000 4.729
9840.000 4.363
9845.000 4.871
9850.000 5.678
9855.000 6.386
9860.000 6.186
9865.000 5.069
9870.000 4.664
9875.000 4.297
9880.000 3.720
9885.000 3.488
9890.000 3.281
9895.000 3.106
9900.000 2.777
9905.000 2.654
9910.000 2.544
9915.000 2.340
9920.000 2.250
9925.000 2.179
9930.000 2.095
9935.000 1.980
9940.000 1.928
9945.000 1.877
9950.000 1.799
9955.000 1.759
9960.000 1.708
9965.000 1.686
9970.000 1.615
9975.000 1.586
9980.000 1.561
9985.000 1.546
9990.000 1.512
9995.000 1.477
10000.000 1.471
