105.000 0.060
110.000 0.080
115.000 0.077
120.000 0.648
125.000 0.675
130.000 0.689
135.000 0.798
140.000 0.760
145.000 0.881
150.000 0.922
155.000 0.739
160.000 0.776
165.000 0.684
170.000 0.725
175.000 0.650
180.000 0.535
185.000 0.558
190.000 0.750
195.000 0.641
200.000 0.513
205.000 0.469
210.000 0.435
215.000 0.381
220.000 0.302
225.000 0.169
230.000 0.341
235.000 0.148
240.000 0.203
245.000 0.215
250.000 0.188
255.000 0.148
260.000 0.195
265.000 0.100
270.000 0.133
275.000 0.183
280.000 0.129
285.000 0.166
290.000 0.162
295.000 0.165
300.000 0.390
305.000 0.242
310.000 0.369
315.000 0.372
320.000 0.417
325.000 0.990
330.000 0.749
335.000 0.968
340.000 1.100
345.000 1.323
350.000 1.501
355.000 1.586
360.000 1.972
365.000 2.081
370.000 2.148
375.000 2.268
380.000 2.735
385.000 3.132
390.000 3.414
395.000 3.850
400.000 4.352
405.000 4.682
410.000 4.916
415.000 5.590
420.000 5.827
425.000 6.127
430.000 6.338
435.000 6.313
440.000 6.298
445.000 6.228
450.000 6.322
455.000 5.838
460.000 5.584
465.000 5.437
470.000 5.062
475.000 4.807
480.000 4.699
485.000 4.378
490.000 3.945
495.000 3.721
500.000 3.641
505.000 3.146
510.000 3.008
515.000 2.744
520.000 2.627
525.000 2.433
530.000 2.404
535.000 2.205
540.000 2.179
545.000 2.081
550.000 1.998
555.000 1.928
560.000 1.947
565.000 1.909
570.000 1.867
575.000 1.854
580.000 1.756
585.000 1.752
590.000 1.857
595.000 1.799
600.000 1.748
605.000 1.735
610.000 1.684
615.000 1.688
620.000 1.753
625.000 1.663
630.000 1.653
635.000 1.745
640.000 1.696
645.000 1.624
650.000 1.559
655.000 1.582
660.000 1.540
665.000 1.571
670.000 1.541
675.000 1.523
680.000 1.459
685.000 1.565
690.000 1.617
695.000 1.591
700.000 1.471
705.000 1.545
710.000 1.536
715.000 1.539
720.000 1.509
725.000 1.503
730.000 1.438
735.000 1.440
740.000 1.501
745.000 1.502
750.000 1.423
755.000 1.383
760.000 1.404
765.000 1.365
770.000 1.444
775.000 1.396
780.000 1.390
785.000 1.389
790.000 1.438
795.000 1.346
800.000 1.425
805.000 1.413
810.000 1.341
815.000 1.335
820.000 1.398
825.000 1.385
830.000 1.406
835.000 1.360
840.000 1.331
845.000 1.373
850.000 1.333
855.000 1.324
860.000 1.324
865.000 1.379
870.000 1.303
875.000 1.329
880.000 1.316
885.000 1.358
890.000 1.239
895.000 1.329
900.000 1.330
905.000 1.328
910.000 1.315
915.000 1.246
920.000 1.479
925.000 1.353
930.000 1.375
935.000 1.283
940.000 1.291
945.000 1.378
950.000 1.364
955.000 1.278
960.000 1.342
965.000 1.410
970.000 1.140
975.000 1.385
980.000 1.227
985.000 1.284
990.000 1.391
995.000 1.332
1000.000 1.243
1005.000 1.257
1010.000 1.322
1015.000 1.281
1020.000 1.416
1025.000 1.232
1030.000 1.379
1035.000 1.192
1040.000 1.365
1045.000 1.266
1050.000 1.326
1055.000 1.433
1060.000 1.239
1065.000 1.234
1070.000 1.234
1075.000 1.179
1080.000 1.231
1085.000 1.255
1090.000 1.332
1095.000 1.188
1100.000 1.308
1105.000 1.308
1110.000 1.239
1115.000 1.208
1120.000 1.227
1125.000 1.222
1130.000 1.264
1135.000 1.234
1140.000 1.201
1145.000 1.178
1150.000 1.210
1155.000 1.210
1160.000 1.247
1165.000 1.261
1170.000 1.227
1175.000 1.214
1180.000 1.206
1185.000 1.172
1190.000 1.188
1195.000 1.161
1200.000 1.210
1205.000 1.222
1210.000 1.178
1215.000 1.170
1220.000 1.191
1225.000 1.216
1230.000 1.153
1235.000 1.173
1240.000 1.145
1245.000 1.129
1250.000 1.132
1255.000 1.164
1260.000 1.132
1265.000 1.135
1270.000 1.221
1275.000 1.170
1280.000 1.164
1285.000 1.128
1290.000 1.161
1295.000 1.233
1300.000 1.206
1305.000 1.196
1310.000 1.194
1315.000 1.194
1320.000 1.135
1325.000 1.154
1330.000 1.177
1335.000 1.152
1340.000 1.152
1345.000 1.133
1350.000 1.135
1355.000 1.101
1360.000 1.158
1365.000 1.049
1370.000 1.068
1375.000 1.078
1380.000 1.096
1385.000 1.088
1390.000 1.114
1395.000 1.165
1400.000 1.115
1405.000 1.085
1410.000 1.105
1415.000 1.090
1420.000 1.127
1425.000 1.156
1430.000 1.114
1435.000 1.108
1440.000 1.167
1445.000 1.148
1450.000 1.149
1455.000 1.111
1460.000 1.040
1465.000 1.066
1470.000 1.095
1475.000 1.077
1480.000 1.095
1485.000 1.080
1490.000 1.090
1495.000 1.094
1500.000 1.013
1505.000 1.000
1510.000 0.989
1515.000 1.022
1520.000 0.985
1525.000 0.974
1530.000 0.939
1535.000 0.952
1540.000 0.985
1545.000 1.012
1550.000 0.950
1555.000 0.964
1560.000 0.922
1565.000 0.987
1570.000 0.928
1575.000 0.903
1580.000 0.934
1585.000 0.932
1590.000 0.926
1595.000 0.891
1600.000 0.923
1605.000 0.910
1610.000 0.847
1615.000 0.921
1620.000 1.016
1625.000 0.978
1630.000 0.997
1635.000 0.931
1640.000 0.915
1645.000 0.910
1650.000 0.884
1655.000 0.901
1660.000 0.937
1665.000 0.932
1670.000 0.986
1675.000 0.974
1680.000 0.943
1685.000 0.929
1690.000 0.948
1695.000 0.979
1700.000 0.965
1705.000 0.961
1710.000 1.025
1715.000 1.030
1720.000 1.023
1725.000 1.045
1730.000 1.101
1735.000 1.090
1740.000 1.112
1745.000 1.169
1750.000 1.117
1755.000 1.204
1760.000 1.236
1765.000 1.292
1770.000 1.322
1775.000 1.401
1780.000 1.417
1785.000 1.449
1790.000 1.542
1795.000 1.433
1800.000 1.566
1805.000 1.578
1810.000 1.626
1815.000 1.728
1820.000 1.785
1825.000 1.798
1830.000 1.873
1835.000 1.894
1840.000 1.914
1845.000 1.958
1850.000 2.043
1855.000 2.075
1860.000 2.042
1865.000 2.089
1870.000 2.182
1875.000 2.170
1880.000 2.205
1885.000 2.344
1890.000 2.361
1895.000 2.350
1900.000 2.329
1905.000 2.398
1910.000 2.342
1915.000 2.506
1920.000 2.464
1925.000 2.433
1930.000 2.516
1935.000 2.464
1940.000 2.521
1945.000 2.517
1950.000 2.519
1955.000 2.446
1960.000 2.500
1965.000 2.487
1970.000 2.541
1975.000 2.464
1980.000 2.525
1985.000 2.516
1990.000 2.508
1995.000 2.590
2000.000 2.611
2005.000 2.453
2010.000 2.578
2015.000 2.558
2020.000 2.525
2025.000 2.591
2030.000 2.513
2035.000 2.517
2040.000 2.502
2045.000 2.504
2050.000 2.568
2055.000 2.533
2060.000 2.503
2065.000 2.561
2070.000 2.603
2075.000 2.676
2080.000 2.603
2085.000 2.586
2090.000 2.596
2095.000 2.608
2100.000 2.659
2105.000 2.618
2110.000 2.666
2115.000 2.615
2120.000 2.641
2125.000 2.674
2130.000 2.685
2135.000 2.727
2140.000 2.665
2145.000 2.629
2150.000 2.732
2155.000 2.799
2160.000 2.792
2165.000 2.772
2170.000 2.751
2175.000 2.824
2180.000 2.894
2185.000 2.902
2190.000 2.931
2195.000 3.002
2200.000 3.082
2205.000 3.154
2210.000 3.226
2215.000 3.246
2220.000 3.307
2225.000 3.387
2230.000 3.479
2235.000 3.600
2240.000 3.679
2245.000 3.949
2250.000 4.077
2255.000 4.238
2260.000 4.419
2265.000 4.971
2270.000 5.368
2275.000 5.938
2280.000 6.692
2285.000 9.248
2290.000 11.086
2295.000 13.730
2300.000 20.964
2305.000 25.732
2310.000 31.817
2315.000 36.909
2320.000 16.639
2325.000 10.840
2330.000 7.768
2335.000 5.754
2340.000 3.603
2345.000 2.978
2350.000 2.435
2355.000 1.734
2360.000 1.504
2365.000 1.273
2370.000 1.177
2375.000 0.933
2380.000 0.862
2385.000 0.835
2390.000 0.768
2395.000 0.736
2400.000 0.709
2405.000 0.723
2410.000 0.690
2415.000 0.643
2420.000 0.668
2425.000 0.655
2430.000 0.688
2435.000 0.688
2440.000 0.712
2445.000 0.691
2450.000 0.712
2455.000 0.714
2460.000 0.731
2465.000 0.739
2470.000 0.753
2475.000 0.743
2480.000 0.758
2485.000 0.798
2490.000 0.785
2495.000 0.783
2500.000 0.800
2505.000 0.818
2510.000 0.850
2515.000 0.846
2520.000 0.860
2525.000 0.854
2530.000 0.872
2535.000 0.877
2540.000 0.916
2545.000 0.892
2550.000 0.909
2555.000 0.906
2560.000 0.903
2565.000 0.921
2570.000 0.909
2575.000 0.940
2580.000 0.920
2585.000 0.911
2590.000 0.938
2595.000 0.936
2600.000 0.921
2605.000 0.935
2610.000 0.963
2615.000 0.967
2620.000 0.949
2625.000 0.984
2630.000 0.947
2635.000 0.983
2640.000 0.965
2645.000 0.972
2650.000 0.972
2655.000 0.979
2660.000 0.983
2665.000 0.980
2670.000 0.991
2675.000 1.013
2680.000 0.998
2685.000 0.991
2690.000 0.984
2695.000 0.989
2700.000 0.994
2705.000 1.002
2710.000 1.000
2715.000 1.022
2720.000 1.027
2725.000 1.022
2730.000 1.024
2735.000 1.012
2740.000 1.034
2745.000 1.039
2750.000 0.983
2755.000 1.004
2760.000 0.986
2765.000 1.001
2770.000 0.975
2775.000 0.991
2780.000 0.966
2785.000 0.996
2790.000 1.010
2795.000 0.970
2800.000 0.963
2805.000 0.960
2810.000 0.959
2815.000 0.951
2820.000 0.957
2825.000 0.951
2830.000 0.921
2835.000 0.915
2840.000 0.945
2845.000 0.891
2850.000 0.911
2855.000 0.903
2860.000 0.926
2865.000 0.887
2870.000 0.900
2875.000 0.892
2880.000 0.867
2885.000 0.901
2890.000 0.851
2895.000 0.864
2900.000 0.868
2905.000 0.876
2910.000 0.836
2915.000 0.849
2920.000 0.801
2925.000 0.834
2930.000 0.832
2935.000 0.831
2940.000 0.831
2945.000 0.819
2950.000 0.826
2955.000 0.848
2960.000 0.827
2965.000 0.823
2970.000 0.804
2975.000 0.846
2980.000 0.808
2985.000 0.780
2990.000 0.803
2995.000 0.783
3000.000 0.836
3005.000 0.780
3010.000 0.865
3015.000 0.867
3020.000 0.836
3025.000 0.848
3030.000 0.931
3035.000 0.860
3040.000 0.836
3045.000 0.880
3050.000 0.897
3055.000 0.907
3060.000 0.880
3065.000 0.853
3070.000 0.932
3075.000 0.858
3080.000 0.866
3085.000 0.898
3090.000 0.906
3095.000 0.890
3100.000 0.924
3105.000 0.939
3110.000 0.948
3115.000 0.943
3120.000 0.946
3125.000 0.948
3130.000 0.976
3135.000 0.962
3140.000 0.966
3145.000 1.015
3150.000 0.989
3155.000 1.025
3160.000 0.997
3165.000 1.025
3170.000 0.993
3175.000 1.027
3180.000 1.041
3185.000 1.046
3190.000 1.051
3195.000 1.054
3200.000 1.048
3205.000 1.023
3210.000 1.055
3215.000 1.091
3220.000 1.099
3225.000 1.101
3230.000 1.105
3235.000 1.109
3240.000 1.163
3245.000 1.116
3250.000 1.126
3255.000 1.169
3260.000 1.157
3265.000 1.162
3270.000 1.178
3275.000 1.188
3280.000 1.200
3285.000 1.186
3290.000 1.214
3295.000 1.236
3300.000 1.219
3305.000 1.246
3310.000 1.228
3315.000 1.227
3320.000 1.256
3325.000 1.279
3330.000 1.279
3335.000 1.281
3340.000 1.332
3345.000 1.342
3350.000 1.325
3355.000 1.351
3360.000 1.356
3365.000 1.340
3370.000 1.382
3375.000 1.399
3380.000 1.411
3385.000 1.437
3390.000 1.409
3395.000 1.435
3400.000 1.447
3405.000 1.471
3410.000 1.481
3415.000 1.499
3420.000 1.523
3425.000 1.521
3430.000 1.517
3435.000 1.561
3440.000 1.582
3445.000 1.586
3450.000 1.658
3455.000 1.641
3460.000 1.657
3465.000 1.673
3470.000 1.739
3475.000 1.767
3480.000 1.772
3485.000 1.823
3490.000 1.872
3495.000 1.853
3500.000 1.862
3505.000 1.918
3510.000 1.927
3515.000 1.978
3520.000 1.998
3525.000 2.074
3530.000 2.109
3535.000 2.154
3540.000 2.220
3545.000 2.269
3550.000 2.311
3555.000 2.374
3560.000 2.423
3565.000 2.478
3570.000 2.521
3575.000 2.662
3580.000 2.711
3585.000 2.762
3590.000 2.853
3595.000 2.975
3600.000 3.048
3605.000 3.147
3610.000 3.343
3615.000 3.481
3620.000 3.630
3625.000 3.804
3630.000 4.194
3635.000 4.441
3640.000 4.736
3645.000 5.145
3650.000 6.170
3655.000 6.989
3660.000 8.049
3665.000 11.639
3670.000 14.698
3675.000 18.717
3680.000 23.895
3685.000 35.576
3690.000 40.556
3695.000 41.302
3700.000 47.576
3705.000 39.080
3710.000 19.038
3715.000 14.358
3720.000 9.116
3725.000 7.281
3730.000 6.033
3735.000 4.314
3740.000 3.710
3745.000 3.206
3750.000 2.822
3755.000 2.284
3760.000 2.001
3765.000 1.807
3770.000 1.608
3775.000 1.465
3780.000 1.323
3785.000 1.279
3790.000 0.834
3795.000 0.909
3800.000 0.802
3805.000 1.006
3810.000 0.753
3815.000 0.786
3820.000 0.868
3825.000 0.522
3830.000 0.470
3835.000 0.752
3840.000 0.562
3845.000 0.459
3850.000 0.603
3855.000 0.515
3860.000 0.237
3865.000 0.449
3870.000 0.175
3875.000 0.206
3880.000 0.240
3885.000 0.451
3890.000 0.364
3895.000 0.356
3900.000 0.406
3905.000 0.400
3910.000 0.412
3915.000 0.376
3920.000 0.344
3925.000 0.340
3930.000 0.354
3935.000 0.333
3940.000 0.337
3945.000 0.319
3950.000 0.321
3955.000 0.320
3960.000 0.311
3965.000 0.306
3970.000 0.343
3975.000 0.325
3980.000 0.358
3985.000 0.251
3990.000 0.251
3995.000 0.238
4000.000 0.230
4005.000 0.263
4010.000 0.305
4015.000 0.265
4020.000 0.283
4025.000 0.258
4030.000 0.229
4035.000 0.294
4040.000 0.276
4045.000 0.256
4050.000 0.279
4055.000 0.297
4060.000 0.283
4065.000 0.274
4070.000 0.321
4075.000 0.297
4080.000 0.296
4085.000 0.313
4090.000 0.307
4095.000 0.289
4100.000 0.333
4105.000 0.291
4110.000 0.316
4115.000 0.327
4120.000 0.330
4125.000 0.309
4130.000 0.341
4135.000 0.326
4140.000 0.322
4145.000 0.350
4150.000 0.348
4155.000 0.357
4160.000 0.355
4165.000 0.363
4170.000 0.376
4175.000 0.381
4180.000 0.377
4185.000 0.381
4190.000 0.389
4195.000 0.390
4200.000 0.401
4205.000 0.409
4210.000 0.406
4215.000 0.404
4220.000 0.394
4225.000 0.411
4230.000 0.413
4235.000 0.413
4240.000 0.430
4245.000 0.451
4250.000 0.424
4255.000 0.434
4260.000 0.449
4265.000 0.428
4270.000 0.439
4275.000 0.446
4280.000 0.464
4285.000 0.463
4290.000 0.440
4295.000 0.450
4300.000 0.435
4305.000 0.458
4310.000 0.431
4315.000 0.426
4320.000 0.440
4325.000 0.439
4330.000 0.420
4335.000 0.406
4340.000 0.416
4345.000 0.414
4350.000 0.396
4355.000 0.399
4360.000 0.400
4365.000 0.382
4370.000 0.389
4375.000 0.378
4380.000 0.379
4385.000 0.366
4390.000 0.370
4395.000 0.370
4400.000 0.362
4405.000 0.349
4410.000 0.352
4415.000 0.357
4420.000 0.364
4425.000 0.367
4430.000 0.349
4435.000 0.347
4440.000 0.334
4445.000 0.330
4450.000 0.336
4455.000 0.343
4460.000 0.314
4465.000 0.336
4470.000 0.319
4475.000 0.312
4480.000 0.308
4485.000 0.311
4490.000 0.315
4495.000 0.315
4500.000 0.317
4505.000 0.318
4510.000 0.290
4515.000 0.308
4520.000 0.287
4525.000 0.276
4530.000 0.271
4535.000 0.274
4540.000 0.274
4545.000 0.261
4550.000 0.272
4555.000 0.265
4560.000 0.249
4565.000 0.258
4570.000 0.245
4575.000 0.245
4580.000 0.236
4585.000 0.230
4590.000 0.216
4595.000 0.224
4600.000 0.218
4605.000 0.225
4610.000 0.206
4615.000 0.205
4620.000 0.193
4625.000 0.194
4630.000 0.196
4635.000 0.201
4640.000 0.187
4645.000 0.192
4650.000 0.195
4655.000 0.184
4660.000 0.186
4665.000 0.182
4670.000 0.202
4675.000 0.210
4680.000 0.198
4685.000 0.212
4690.000 0.231
4695.000 0.225
4700.000 0.230
4705.000 0.243
4710.000 0.240
4715.000 0.276
4720.000 0.263
4725.000 0.295
4730.000 0.307
4735.000 0.315
4740.000 0.340
4745.000 0.383
4750.000 0.393
4755.000 0.419
4760.000 0.450
4765.000 0.494
4770.000 0.507
4775.000 0.535
4780.000 0.617
4785.000 0.630
4790.000 0.671
4795.000 0.736
4800.000 0.785
4805.000 0.823
4810.000 0.883
4815.000 0.995
4820.000 1.072
4825.000 1.146
4830.000 1.326
4835.000 1.407
4840.000 1.519
4845.000 1.650
4850.000 1.977
4855.000 2.139
4860.000 2.357
4865.000 2.601
4870.000 3.038
4875.000 3.297
4880.000 3.568
4885.000 4.277
4890.000 4.725
4895.000 5.251
4900.000 5.787
4905.000 7.424
4910.000 8.379
4915.000 9.397
4920.000 10.643
4925.000 13.720
4930.000 15.632
4935.000 17.907
4940.000 23.553
4945.000 27.103
4950.000 31.193
4955.000 36.153
4960.000 45.872
4965.000 43.334
4970.000 18.987
4975.000 52.998
4980.000 55.890
4985.000 53.086
4990.000 51.196
4995.000 29.998
5000.000 25.398
5005.000 22.415
5010.000 19.627
5015.000 15.410
5020.000 13.945
5025.000 12.704
5030.000 10.680
5035.000 9.881
5040.000 9.127
5045.000 8.524
5050.000 7.499
5055.000 7.080
5060.000 6.716
5065.000 6.085
5070.000 5.831
5075.000 5.590
5080.000 5.371
5085.000 5.013
5090.000 4.854
5095.000 4.712
5100.000 4.462
5105.000 4.366
5110.000 4.266
5115.000 4.151
5120.000 3.986
5125.000 3.942
5130.000 3.870
5135.000 3.804
5140.000 3.705
5145.000 3.656
5150.000 3.622
5155.000 3.538
5160.000 3.516
5165.000 3.496
5170.000 3.469
5175.000 3.446
5180.000 3.417
5185.000 3.388
5190.000 3.333
5195.000 3.314
5200.000 3.319
5205.000 3.277
5210.000 3.240
5215.000 3.230
5220.000 3.213
5225.000 3.188
5230.000 3.183
5235.000 3.167
5240.000 3.141
5245.000 3.128
5250.000 3.117
5255.000 3.114
5260.000 3.101
5265.000 3.096
5270.000 3.075
5275.000 3.068
5280.000 3.053
5285.000 3.034
5290.000 3.027
5295.000 3.023
5300.000 3.009
5305.000 3.006
5310.000 2.975
5315.000 2.983
5320.000 2.968
5325.000 2.963
5330.000 2.957
5335.000 2.942
5340.000 2.919
5345.000 2.938
5350.000 2.936
5355.000 2.911
5360.000 2.891
5365.000 2.904
5370.000 2.863
5375.000 2.861
5380.000 2.843
5385.000 2.847
5390.000 2.844
5395.000 2.810
5400.000 2.813
5405.000 2.793
5410.000 2.796
5415.000 2.795
5420.000 2.783
5425.000 2.768
5430.000 2.748
5435.000 2.745
5440.000 2.732
5445.000 2.729
5450.000 2.711
5455.000 2.703
5460.000 2.699
5465.000 2.684
5470.000 2.673
5475.000 2.655
5480.000 2.648
5485.000 2.636
5490.000 2.632
5495.000 2.605
5500.000 2.593
5505.000 2.593
5510.000 2.599
5515.000 2.590
5520.000 2.588
5525.000 2.578
5530.000 2.560
5535.000 2.545
5540.000 2.541
5545.000 2.517
5550.000 2.515
5555.000 2.501
5560.000 2.494
5565.000 2.485
5570.000 2.478
5575.000 2.471
5580.000 2.457
5585.000 2.449
5590.000 2.445
5595.000 2.450
5600.000 2.448
5605.000 2.423
5610.000 2.438
5615.000 2.418
5620.000 2.421
5625.000 2.398
5630.000 2.384
5635.000 2.391
5640.000 2.394
5645.000 2.407
5650.000 2.393
5655.000 2.385
5660.000 2.369
5665.000 2.368
5670.000 2.382
5675.000 2.377
5680.000 2.374
5685.000 2.364
5690.000 2.371
5695.000 2.374
5700.000 2.373
5705.000 2.356
5710.000 2.360
5715.000 2.369
5720.000 2.355
5725.000 2.356
5730.000 2.353
5735.000 2.359
5740.000 2.365
5745.000 2.346
5750.000 2.352
5755.000 2.377
5760.000 2.366
5765.000 2.385
5770.000 2.383
5775.000 2.383
5780.000 2.390
5785.000 2.388
5790.000 2.396
5795.000 2.386
5800.000 2.406
5805.000 2.410
5810.000 2.420
5815.000 2.424
5820.000 2.443
5825.000 2.440
5830.000 2.432
5835.000 2.455
5840.000 2.481
5845.000 2.466
5850.000 2.479
5855.000 2.493
5860.000 2.512
5865.000 2.526
5870.000 2.523
5875.000 2.552
5880.000 2.552
5885.000 2.570
5890.000 2.583
5895.000 2.611
5900.000 2.604
5905.000 2.627
5910.000 2.674
5915.000 2.667
5920.000 2.720
5925.000 2.735
5930.000 2.746
5935.000 2.764
5940.000 2.769
5945.000 2.787
5950.000 2.806
5955.000 2.844
5960.000 2.866
5965.000 2.927
5970.000 2.952
5975.000 2.952
5980.000 2.990
5985.000 3.027
5990.000 3.039
5995.000 3.056
6000.000 3.106
6005.000 3.118
6010.000 3.147
6015.000 3.218
6020.000 3.248
6025.000 3.299
6030.000 3.277
6035.000 3.366
6040.000 3.440
6045.000 3.456
6050.000 3.548
6055.000 3.616
6060.000 3.671
6065.000 3.675
6070.000 3.806
6075.000 3.799
6080.000 3.853
6085.000 3.911
6090.000 4.009
6095.000 4.083
6100.000 4.092
6105.000 4.138
6110.000 4.270
6115.000 4.349
6120.000 4.363
6125.000 4.569
6130.000 4.667
6135.000 4.781
6140.000 4.881
6145.000 5.143
6150.000 5.282
6155.000 5.482
6160.000 5.928
6165.000 6.179
6170.000 6.489
6175.000 6.886
6180.000 8.054
6185.000 8.900
6190.000 10.056
6195.000 13.654
6200.000 16.508
6205.000 20.123
6210.000 24.507
6215.000 33.296
6220.000 36.420
6225.000 37.390
6230.000 35.658
6235.000 13.985
6240.000 3.538
6245.000 0.756
6250.000 1.669
6255.000 2.103
6260.000 2.412
6265.000 2.577
6270.000 2.618
6275.000 2.546
6280.000 2.441
6285.000 2.135
6290.000 1.951
6295.000 1.793
6300.000 1.635
6305.000 1.358
6310.000 1.231
6315.000 1.134
6320.000 0.954
6325.000 0.875
6330.000 0.809
6335.000 0.772
6340.000 0.686
6345.000 0.660
6350.000 0.647
6355.000 0.619
6360.000 0.623
6365.000 0.608
6370.000 0.629
6375.000 0.638
6380.000 0.665
6385.000 0.656
6390.000 0.678
6395.000 0.726
6400.000 0.725
6405.000 0.749
6410.000 0.784
6415.000 0.836
6420.000 0.844
6425.000 0.872
6430.000 0.929
6435.000 0.936
6440.000 0.976
6445.000 0.989
6450.000 1.056
6455.000 1.086
6460.000 1.119
6465.000 1.202
6470.000 1.252
6475.000 1.289
6480.000 1.334
6485.000 1.458
6490.000 1.516
6495.000 1.608
6500.000 1.694
6505.000 1.943
6510.000 2.118
6515.000 2.320
6520.000 2.987
6525.000 3.570
6530.000 4.492
6535.000 5.939
6540.000 12.039
6545.000 16.812
6550.000 22.625
6555.000 35.904
6560.000 37.271
6565.000 22.265
6570.000 13.794
6575.000 11.836
6580.000 3.488
6585.000 2.932
6590.000 3.257
6595.000 3.067
6600.000 1.881
6605.000 2.119
6610.000 1.496
6615.000 1.415
6620.000 1.312
6625.000 1.240
6630.000 1.130
6635.000 1.086
6640.000 1.052
6645.000 0.997
6650.000 0.970
6655.000 0.958
6660.000 0.948
6665.000 0.916
6670.000 0.910
6675.000 0.889
6680.000 0.897
6685.000 0.884
6690.000 0.886
6695.000 0.872
6700.000 0.880
6705.000 0.884
6710.000 0.884
6715.000 0.880
6720.000 0.868
6725.000 0.882
6730.000 0.884
6735.000 0.884
6740.000 0.899
6745.000 0.899
6750.000 0.896
6755.000 0.904
6760.000 0.906
6765.000 0.910
6770.000 0.918
6775.000 0.928
6780.000 0.926
6785.000 0.926
6790.000 0.939
6795.000 0.936
6800.000 0.939
6805.000 0.951
6810.000 0.951
6815.000 0.968
6820.000 0.969
6825.000 0.978
6830.000 0.968
6835.000 0.985
6840.000 1.000
6845.000 0.992
6850.000 1.004
6855.000 1.001
6860.000 1.016
6865.000 1.025
6870.000 1.040
6875.000 1.024
6880.000 1.041
6885.000 1.029
6890.000 1.043
6895.000 1.056
6900.000 1.045
6905.000 1.058
6910.000 1.059
6915.000 1.064
6920.000 1.069
6925.000 1.068
6930.000 1.084
6935.000 1.104
6940.000 1.109
6945.000 1.099
6950.000 1.120
6955.000 1.124
6960.000 1.113
6965.000 1.125
6970.000 1.122
6975.000 1.136
6980.000 1.150
6985.000 1.156
6990.000 1.156
6995.000 1.153
7000.000 1.158
7005.000 1.178
7010.000 1.199
7015.000 1.178
7020.000 1.186
7025.000 1.192
7030.000 1.209
7035.000 1.214
7040.000 1.225
7045.000 1.239
7050.000 1.233
7055.000 1.254
7060.000 1.279
7065.000 1.287
7070.000 1.283
7075.000 1.294
7080.000 1.296
7085.000 1.316
7090.000 1.338
7095.000 1.343
7100.000 1.365
7105.000 1.368
7110.000 1.397
7115.000 1.399
7120.000 1.397
7125.000 1.409
7130.000 1.454
7135.000 1.455
7140.000 1.479
7145.000 1.487
7150.000 1.545
7155.000 1.543
7160.000 1.567
7165.000 1.600
7170.000 1.619
7175.000 1.644
7180.000 1.689
7185.000 1.740
7190.000 1.749
7195.000 1.767
7200.000 1.829
7205.000 1.900
7210.000 1.924
7215.000 1.953
7220.000 2.036
7225.000 2.084
7230.000 2.140
7235.000 2.177
7240.000 2.261
7245.000 2.307
7250.000 2.391
7255.000 2.481
7260.000 2.541
7265.000 2.589
7270.000 2.632
7275.000 2.744
7280.000 2.807
7285.000 2.854
7290.000 2.985
7295.000 3.044
7300.000 3.121
7305.000 3.186
7310.000 3.374
7315.000 3.478
7320.000 3.611
7325.000 3.740
7330.000 3.975
7335.000 4.158
7340.000 4.324
7345.000 4.757
7350.000 5.028
7355.000 5.323
7360.000 5.633
7365.000 6.607
7370.000 7.150
7375.000 7.860
7380.000 9.753
7385.000 11.026
7390.000 12.583
7395.000 14.517
7400.000 19.561
7405.000 22.685
7410.000 26.179
7415.000 34.287
7420.000 38.487
7425.000 41.985
7430.000 44.298
7435.000 41.172
7440.000 32.308
7445.000 23.159
7450.000 17.252
7455.000 13.668
7460.000 12.878
7465.000 11.600
7470.000 9.114
7475.000 8.248
7480.000 7.477
7485.000 6.846
7490.000 5.843
7495.000 5.452
7500.000 5.105
7505.000 4.587
7510.000 4.286
7515.000 4.068
7520.000 3.876
7525.000 3.510
7530.000 3.360
7535.000 3.233
7540.000 3.096
7545.000 2.878
7550.000 2.788
7555.000 2.711
7560.000 2.546
7565.000 2.480
7570.000 2.412
7575.000 2.337
7580.000 2.251
7585.000 2.199
7590.000 2.172
7595.000 2.118
7600.000 2.058
7605.000 2.024
7610.000 1.993
7615.000 1.930
7620.000 1.903
7625.000 1.880
7630.000 1.852
7635.000 1.812
7640.000 1.771
7645.000 1.767
7650.000 1.726
7655.000 1.713
7660.000 1.704
7665.000 1.680
7670.000 1.663
7675.000 1.644
7680.000 1.630
7685.000 1.617
7690.000 1.593
7695.000 1.587
7700.000 1.574
7705.000 1.550
7710.000 1.556
7715.000 1.550
7720.000 1.527
7725.000 1.529
7730.000 1.519
7735.000 1.495
7740.000 1.496
7745.000 1.486
7750.000 1.469
7755.000 1.482
7760.000 1.464
7765.000 1.449
7770.000 1.444
7775.000 1.428
7780.000 1.429
7785.000 1.422
7790.000 1.429
7795.000 1.401
7800.000 1.400
7805.000 1.400
7810.000 1.389
7815.000 1.375
7820.000 1.375
7825.000 1.373
7830.000 1.362
7835.000 1.358
7840.000 1.358
7845.000 1.362
7850.000 1.349
7855.000 1.334
7860.000 1.338
7865.000 1.330
7870.000 1.319
7875.000 1.317
7880.000 1.301
7885.000 1.305
7890.000 1.302
7895.000 1.291
7900.000 1.289
7905.000 1.263
7910.000 1.266
7915.000 1.255
7920.000 1.231
7925.000 1.241
7930.000 1.228
7935.000 1.215
7940.000 1.179
7945.000 1.169
7950.000 1.165
7955.000 1.136
7960.000 1.117
7965.000 1.103
7970.000 1.082
7975.000 1.032
7980.000 1.005
7985.000 0.989
7990.000 0.967
7995.000 0.896
8000.000 0.872
8005.000 0.865
8010.000 1.013
8015.000 1.258
8020.000 1.773
8025.000 2.846
8030.000 14.014
8035.000 23.366
8040.000 32.533
8045.000 33.341
8050.000 17.013
8055.000 20.338
8060.000 6.798
8065.000 6.074
8070.000 4.928
8075.000 4.279
8080.000 3.564
8085.000 3.367
8090.000 3.169
8095.000 3.075
8100.000 2.814
8105.000 2.713
8110.000 2.633
8115.000 2.569
8120.000 2.453
8125.000 2.389
8130.000 2.341
8135.000 2.287
8140.000 2.248
8145.000 2.230
8150.000 2.208
8155.000 2.233
8160.000 2.205
8165.000 2.199
8170.000 2.181
8175.000 2.188
8180.000 2.184
8185.000 2.187
8190.000 2.200
8195.000 2.208
8200.000 2.209
8205.000 2.241
8210.000 2.260
8215.000 2.269
8220.000 2.269
8225.000 2.313
8230.000 2.317
8235.000 2.346
8240.000 2.360
8245.000 2.390
8250.000 2.398
8255.000 2.445
8260.000 2.483
8265.000 2.501
8270.000 2.530
8275.000 2.553
8280.000 2.620
8285.000 2.657
8290.000 2.688
8295.000 2.729
8300.000 2.796
8305.000 2.833
8310.000 2.881
8315.000 2.978
8320.000 3.011
8325.000 3.065
8330.000 3.118
8335.000 3.229
8340.000 3.327
8345.000 3.411
8350.000 3.541
8355.000 3.602
8360.000 3.639
8365.000 3.699
8370.000 3.803
8375.000 3.853
8380.000 3.893
8385.000 3.995
8390.000 4.088
8395.000 4.147
8400.000 4.198
8405.000 4.332
8410.000 4.392
8415.000 4.469
8420.000 4.581
8425.000 4.751
8430.000 4.861
8435.000 4.979
8440.000 5.191
8445.000 5.303
8450.000 5.420
8455.000 5.574
8460.000 5.903
8465.000 6.073
8470.000 6.296
8475.000 6.808
8480.000 7.163
8485.000 7.582
8490.000 8.121
8495.000 9.782
8500.000 11.149
8505.000 13.165
8510.000 21.157
8515.000 27.316
8520.000 32.973
8525.000 34.160
8530.000 10.789
8535.000 10.646
8540.000 8.324
8545.000 5.142
8550.000 8.267
8555.000 8.756
8560.000 9.572
8565.000 12.743
8570.000 14.907
8575.000 17.077
8580.000 19.455
8585.000 24.846
8590.000 28.046
8595.000 31.505
8600.000 38.908
8605.000 42.364
8610.000 45.689
8615.000 48.667
8620.000 52.335
8625.000 51.808
8630.000 49.247
8635.000 44.256
8640.000 33.958
8645.000 29.397
8650.000 25.035
8655.000 16.770
8660.000 13.725
8665.000 11.162
8670.000 9.238
8675.000 7.883
8680.000 7.528
8685.000 7.193
8690.000 6.850
8695.000 6.221
8700.000 5.930
8705.000 5.650
8710.000 5.147
8715.000 4.929
8720.000 4.708
8725.000 4.508
8730.000 4.161
8735.000 3.997
8740.000 3.855
8745.000 3.597
8750.000 3.470
8755.000 3.372
8760.000 3.256
8765.000 3.064
8770.000 2.983
8775.000 2.900
8780.000 2.738
8785.000 2.687
8790.000 2.605
8795.000 2.566
8800.000 2.436
8805.000 2.382
8810.000 2.336
8815.000 2.292
8820.000 2.194
8825.000 2.168
8830.000 2.119
8835.000 2.047
8840.000 2.033
8845.000 1.976
8850.000 1.957
8855.000 1.895
8860.000 1.865
8865.000 1.844
8870.000 1.793
8875.000 1.762
8880.000 1.730
8885.000 1.705
8890.000 1.665
8895.000 1.654
8900.000 1.617
8905.000 1.578
8910.000 1.567
8915.000 1.541
8920.000 1.516
8925.000 1.497
8930.000 1.471
8935.000 1.465
8940.000 1.445
8945.000 1.406
8950.000 1.398
8955.000 1.380
8960.000 1.359
8965.000 1.343
8970.000 1.331
8975.000 1.319
8980.000 1.283
8985.000 1.296
8990.000 1.270
8995.000 1.258
9000.000 1.238
9005.000 1.223
9010.000 1.223
9015.000 1.195
9020.000 1.184
9025.000 1.197
9030.000 1.193
9035.000 1.164
9040.000 1.151
9045.000 1.148
9050.000 1.124
9055.000 1.129
9060.000 1.117
9065.000 1.107
9070.000 1.091
9075.000 1.087
9080.000 1.089
9085.000 1.072
9090.000 1.063
9095.000 1.060
9100.000 1.051
9105.000 1.054
9110.000 1.038
9115.000 1.035
9120.000 1.020
9125.000 1.009
9130.000 1.026
9135.000 1.010
9140.000 1.010
9145.000 1.002
9150.000 1.000
9155.000 0.999
9160.000 0.987
9165.000 0.987
9170.000 0.984
9175.000 0.973
9180.000 0.972
9185.000 0.976
9190.000 0.960
9195.000 0.949
9200.000 0.970
9205.000 0.958
9210.000 0.950
9215.000 0.953
9220.000 0.951
9225.000 0.947
9230.000 0.953
9235.000 0.955
9240.000 0.953
9245.000 0.939
9250.000 0.945
9255.000 0.942
9260.000 0.954
9265.000 0.950
9270.000 0.957
9275.000 0.955
9280.000 0.960
9285.000 0.970
9290.000 0.978
9295.000 0.972
9300.000 0.996
9305.000 1.000
9310.000 1.024
9315.000 1.014
9320.000 1.040
9325.000 1.049
9330.000 1.069
9335.000 1.078
9340.000 1.124
9345.000 1.150
9350.000 1.172
9355.000 1.234
9360.000 1.264
9365.000 1.309
9370.000 1.362
9375.000 1.479
9380.000 1.554
9385.000 1.646
9390.000 1.739
9395.000 1.988
9400.000 2.157
9405.000 2.362
9410.000 2.966
9415.000 3.435
9420.000 4.100
9425.000 5.089
9430.000 8.575
9435.000 11.460
9440.000 15.287
9445.000 25.295
9450.000 31.563
9455.000 38.260
9460.000 42.628
9465.000 22.914
9470.000 13.176
9475.000 12.608
9480.000 11.920
9485.000 7.768
9490.000 6.500
9495.000 5.800
9500.000 4.680
9505.000 4.261
9510.000 3.924
9515.000 3.624
9520.000 3.179
9525.000 2.994
9530.000 2.833
9535.000 2.575
9540.000 2.466
9545.000 2.382
9550.000 2.299
9555.000 2.154
9560.000 2.108
9565.000 2.035
9570.000 1.943
9575.000 1.911
9580.000 1.871
9585.000 1.844
9590.000 1.791
9595.000 1.763
9600.000 1.741
9605.000 1.702
9610.000 1.703
9615.000 1.690
9620.000 1.672
9625.000 1.662
9630.000 1.655
9635.000 1.644
9640.000 1.647
9645.000 1.651
9650.000 1.647
9655.000 1.660
9660.000 1.675
9665.000 1.680
9670.000 1.700
9675.000 1.712
9680.000 1.743
9685.000 1.758
9690.000 1.788
9695.000 1.848
9700.000 1.864
9705.000 1.901
9710.000 1.959
9715.000 2.089
9720.000 2.147
9725.000 2.226
9730.000 2.429
9735.000 2.582
9740.000 2.743
9745.000 2.932
9750.000 3.454
9755.000 3.818
9760.000 4.351
9765.000 5.040
9770.000 7.199
9775.000 8.733
9780.000 10.541
9785.000 12.503
9790.000 15.821
9795.000 16.636
9800.000 16.489
9805.000 13.332
9810.000 11.463
9815.000 9.946
9820.000 8.727
9825.000 7.081
9830.000 6.573
9835.000 6.238
9840.000 5.821
9845.000 5.551
9850.000 5.068
9855.000 4.308
9860.000 2.449
9865.000 1.870
9870.000 1.566
9875.000 1.251
9880.000 1.160
9885.000 1.115
9890.000 1.073
9895.000 1.011
9900.000 0.996
9905.000 0.987
9910.000 0.953
9915.000 0.945
9920.000 0.932
9925.000 0.923
9930.000 0.919
9935.000 0.891
9940.000 0.898
9945.000 0.900
9950.000 0.880
9955.000 0.863
9960.000 0.875
9965.000 0.876
9970.000 0.864
9975.000 0.856
9980.000 0.846
9985.000 0.841
9990.000 0.834
9995.000 0.839
10000.000 0.825
