105.000 0.059
110.000 0.207
115.000 0.591
120.000 0.680
125.000 0.759
130.000 0.877
135.000 0.942
140.000 0.839
145.000 0.766
150.000 0.839
155.000 0.960
160.000 0.879
165.000 0.819
170.000 0.743
175.000 0.656
180.000 0.516
185.000 0.527
190.000 0.455
195.000 0.367
200.000 0.635
205.000 0.526
210.000 0.459
215.000 0.293
220.000 0.406
225.000 0.285
230.000 0.328
235.000 0.304
240.000 0.346
245.000 0.307
250.000 0.308
255.000 0.148
260.000 0.140
265.000 0.200
270.000 0.163
275.000 0.288
280.000 0.242
285.000 0.204
290.000 0.187
295.000 0.323
300.000 0.463
305.000 0.352
310.000 0.483
315.000 0.628
320.000 0.579
325.000 0.724
330.000 0.771
335.000 0.817
340.000 1.129
345.000 1.150
350.000 1.558
355.000 1.711
360.000 2.005
365.000 2.421
370.000 2.469
375.000 2.601
380.000 3.030
385.000 3.421
390.000 3.611
395.000 4.172
400.000 4.966
405.000 4.899
410.000 5.226
415.000 5.481
420.000 6.242
425.000 6.476
430.000 6.287
435.000 6.500
440.000 6.396
445.000 6.436
450.000 6.284
455.000 6.361
460.000 5.882
465.000 5.886
470.000 5.704
475.000 5.270
480.000 5.317
485.000 5.073
490.000 4.903
495.000 4.339
500.000 4.416
505.000 4.078
510.000 3.686
515.000 3.438
520.000 3.322
525.000 3.308
530.000 3.067
535.000 2.699
540.000 2.736
545.000 2.621
550.000 2.413
555.000 2.325
560.000 2.317
565.000 2.333
570.000 2.097
575.000 1.950
580.000 1.898
585.000 1.815
590.000 1.810
595.000 1.784
600.000 1.788
605.000 1.871
610.000 1.725
615.000 1.617
620.000 1.728
625.000 1.669
630.000 1.580
635.000 1.689
640.000 1.692
645.000 1.643
650.000 1.624
655.000 1.561
660.000 1.589
665.000 1.522
670.000 1.561
675.000 1.590
680.000 1.564
685.000 1.512
690.000 1.516
695.000 1.529
700.000 1.484
705.000 1.575
710.000 1.530
715.000 1.514
720.000 1.469
725.000 1.539
730.000 1.418
735.000 1.520
740.000 1.471
745.000 1.502
750.000 1.458
755.000 1.470
760.000 1.411
765.000 1.460
770.000 1.500
775.000 1.464
780.000 1.422
785.000 1.397
790.000 1.361
795.000 1.417
800.000 1.424
805.000 1.340
810.000 1.361
815.000 1.324
820.000 1.428
825.000 1.465
830.000 1.453
835.000 1.435
840.000 1.317
845.000 1.369
850.000 1.350
855.000 1.282
860.000 1.365
865.000 1.440
870.000 1.440
875.000 1.399
880.000 1.375
885.000 1.356
890.000 1.291
895.000 1.406
900.000 1.276
905.000 1.285
910.000 1.281
915.000 1.369
920.000 1.259
925.000 1.282
930.000 1.389
935.000 1.259
940.000 1.318
945.000 1.349
950.000 1.367
955.000 1.343
960.000 1.226
965.000 1.393
970.000 1.224
975.000 1.325
980.000 1.297
985.000 1.288
990.000 1.442
995.000 1.164
1000.000 1.412
1005.000 1.099
1010.000 1.372
1015.000 1.343
1020.000 1.398
1025.000 1.277
1030.000 1.376
1035.000 1.301
1040.000 1.158
1045.000 1.274
1050.000 1.274
1055.000 1.192
1060.000 1.300
1065.000 1.215
1070.000 1.216
1075.000 1.282
1080.000 1.287
1085.000 1.248
1090.000 1.261
1095.000 1.210
1100.000 1.308
1105.000 1.311
1110.000 1.265
1115.000 1.237
1120.000 1.223
1125.000 1.219
1130.000 1.220
1135.000 1.191
1140.000 1.187
1145.000 1.199
1150.000 1.113
1155.000 1.291
1160.000 1.268
1165.000 1.159
1170.000 1.151
1175.000 1.210
1180.000 1.196
1185.000 1.267
1190.000 1.230
1195.000 1.136
1200.000 1.155
1205.000 1.186
1210.000 1.209
1215.000 1.247
1220.000 1.237
1225.000 1.203
1230.000 1.134
1235.000 1.199
1240.000 1.179
1245.000 1.173
1250.000 1.136
1255.000 1.195
1260.000 1.181
1265.000 1.139
1270.000 1.197
1275.000 1.165
1280.000 1.143
1285.000 1.116
1290.000 1.131
1295.000 1.168
1300.000 1.139
1305.000 1.197
1310.000 1.215
1315.000 1.170
1320.000 1.134
1325.000 1.162
1330.000 1.142
1335.000 1.149
1340.000 1.180
1345.000 1.167
1350.000 1.169
1355.000 1.104
1360.000 1.085
1365.000 1.137
1370.000 1.123
1375.000 1.168
1380.000 1.114
1385.000 1.100
1390.000 1.131
1395.000 1.080
1400.000 1.101
1405.000 1.125
1410.000 1.078
1415.000 1.155
1420.000 1.105
1425.000 1.117
1430.000 1.104
1435.000 1.102
1440.000 1.074
1445.000 1.132
1450.000 1.099
1455.000 1.098
1460.000 1.100
1465.000 1.049
1470.000 1.117
1475.000 1.121
1480.000 1.010
1485.000 0.984
1490.000 0.963
1495.000 1.006
1500.000 1.001
1505.000 0.956
1510.000 0.971
1515.000 1.005
1520.000 0.949
1525.000 0.979
1530.000 0.960
1535.000 0.974
1540.000 0.958
1545.000 0.939
1550.000 0.973
1555.000 0.938
1560.000 0.915
1565.000 0.918
1570.000 0.940
1575.000 0.886
1580.000 0.929
1585.000 0.917
1590.000 0.907
1595.000 0.926
1600.000 0.916
1605.000 0.872
1610.000 0.926
1615.000 0.913
1620.000 0.905
1625.000 0.851
1630.000 0.887
1635.000 0.878
1640.000 0.884
1645.000 0.885
1650.000 0.912
1655.000 0.893
1660.000 0.889
1665.000 0.935
1670.000 0.890
1675.000 0.891
1680.000 0.929
1685.000 0.986
1690.000 0.973
1695.000 0.971
1700.000 0.954
1705.000 0.955
1710.000 0.962
1715.000 1.013
1720.000 0.999
1725.000 1.008
1730.000 1.097
1735.000 1.129
1740.000 1.148
1745.000 1.149
1750.000 1.246
1755.000 1.207
1760.000 1.250
1765.000 1.277
1770.000 1.295
1775.000 1.379
1780.000 1.412
1785.000 1.507
1790.000 1.479
1795.000 1.593
1800.000 1.633
1805.000 1.608
1810.000 1.653
1815.000 1.735
1820.000 1.743
1825.000 1.861
1830.000 1.888
1835.000 1.916
1840.000 1.972
1845.000 1.964
1850.000 2.183
1855.000 2.176
1860.000 2.208
1865.000 2.241
1870.000 2.256
1875.000 2.281
1880.000 2.239
1885.000 2.347
1890.000 2.373
1895.000 2.382
1900.000 2.398
1905.000 2.414
1910.000 2.570
1915.000 2.547
1920.000 2.511
1925.000 2.527
1930.000 2.525
1935.000 2.601
1940.000 2.619
1945.000 2.594
1950.000 2.551
1955.000 2.553
1960.000 2.567
1965.000 2.652
1970.000 2.657
1975.000 2.573
1980.000 2.603
1985.000 2.538
1990.000 2.501
1995.000 2.586
2000.000 2.595
2005.000 2.652
2010.000 2.642
2015.000 2.672
2020.000 2.545
2025.000 2.514
2030.000 2.652
2035.000 2.635
2040.000 2.645
2045.000 2.664
2050.000 2.640
2055.000 2.622
2060.000 2.628
2065.000 2.637
2070.000 2.676
2075.000 2.654
2080.000 2.677
2085.000 2.698
2090.000 2.703
2095.000 2.693
2100.000 2.659
2105.000 2.752
2110.000 2.771
2115.000 2.771
2120.000 2.749
2125.000 2.806
2130.000 2.732
2135.000 2.749
2140.000 2.785
2145.000 2.833
2150.000 2.865
2155.000 2.812
2160.000 2.884
2165.000 2.879
2170.000 2.921
2175.000 2.978
2180.000 2.956
2185.000 2.999
2190.000 3.022
2195.000 3.118
2200.000 3.183
2205.000 3.167
2210.000 3.259
2215.000 3.364
2220.000 3.428
2225.000 3.541
2230.000 3.565
2235.000 3.746
2240.000 3.800
2245.000 3.917
2250.000 4.300
2255.000 4.477
2260.000 4.680
2265.000 4.849
2270.000 5.558
2275.000 6.097
2280.000 6.813
2285.000 8.920
2290.000 10.443
2295.000 12.366
2300.000 14.880
2305.000 28.448
2310.000 41.747
2315.000 49.530
2320.000 13.863
2325.000 13.180
2330.000 9.209
2335.000 6.682
2340.000 4.169
2345.000 3.420
2350.000 2.859
2355.000 2.363
2360.000 1.674
2365.000 1.468
2370.000 1.308
2375.000 1.056
2380.000 0.954
2385.000 0.901
2390.000 0.857
2395.000 0.765
2400.000 0.755
2405.000 0.718
2410.000 0.703
2415.000 0.682
2420.000 0.692
2425.000 0.697
2430.000 0.705
2435.000 0.694
2440.000 0.679
2445.000 0.657
2450.000 0.733
2455.000 0.702
2460.000 0.700
2465.000 0.724
2470.000 0.751
2475.000 0.751
2480.000 0.732
2485.000 0.724
2490.000 0.749
2495.000 0.802
2500.000 0.767
2505.000 0.814
2510.000 0.812
2515.000 0.773
2520.000 0.831
2525.000 0.841
2530.000 0.809
2535.000 0.848
2540.000 0.849
2545.000 0.850
2550.000 0.839
2555.000 0.842
2560.000 0.858
2565.000 0.875
2570.000 0.865
2575.000 0.884
2580.000 0.886
2585.000 0.887
2590.000 0.894
2595.000 0.874
2600.000 0.918
2605.000 0.899
2610.000 0.920
2615.000 0.913
2620.000 0.904
2625.000 0.917
2630.000 0.908
2635.000 0.906
2640.000 0.918
2645.000 0.935
2650.000 0.937
2655.000 0.923
2660.000 0.923
2665.000 0.920
2670.000 0.952
2675.000 0.960
2680.000 0.952
2685.000 0.929
2690.000 0.921
2695.000 0.934
2700.000 0.923
2705.000 0.947
2710.000 0.923
2715.000 0.935
2720.000 0.944
2725.000 0.934
2730.000 0.943
2735.000 0.926
2740.000 0.919
2745.000 0.914
2750.000 0.915
2755.000 0.929
2760.000 0.913
2765.000 0.917
2770.000 0.909
2775.000 0.899
2780.000 0.898
2785.000 0.898
2790.000 0.922
2795.000 0.836
2800.000 0.912
2805.000 0.882
2810.000 0.876
2815.000 0.861
2820.000 0.851
2825.000 0.845
2830.000 0.843
2835.000 0.848
2840.000 0.851
2845.000 0.828
2850.000 0.804
2855.000 0.838
2860.000 0.797
2865.000 0.797
2870.000 0.792
2875.000 0.794
2880.000 0.748
2885.000 0.798
2890.000 0.746
2895.000 0.746
2900.000 0.757
2905.000 0.768
2910.000 0.728
2915.000 0.734
2920.000 0.715
2925.000 0.696
2930.000 0.710
2935.000 0.709
2940.000 0.669
2945.000 0.655
2950.000 0.663
2955.000 0.662
2960.000 0.638
2965.000 0.661
2970.000 0.651
2975.000 0.666
2980.000 0.638
2985.000 0.630
2990.000 0.668
2995.000 0.597
3000.000 0.636
3005.000 0.623
3010.000 0.624
3015.000 0.693
3020.000 0.685
3025.000 0.732
3030.000 0.674
3035.000 0.666
3040.000 0.652
3045.000 0.625
3050.000 0.675
3055.000 0.654
3060.000 0.635
3065.000 0.712
3070.000 0.637
3075.000 0.685
3080.000 0.658
3085.000 0.691
3090.000 0.679
3095.000 0.719
3100.000 0.708
3105.000 0.701
3110.000 0.703
3115.000 0.713
3120.000 0.751
3125.000 0.747
3130.000 0.744
3135.000 0.746
3140.000 0.732
3145.000 0.755
3150.000 0.777
3155.000 0.784
3160.000 0.779
3165.000 0.801
3170.000 0.788
3175.000 0.824
3180.000 0.795
3185.000 0.838
3190.000 0.824
3195.000 0.818
3200.000 0.843
3205.000 0.837
3210.000 0.871
3215.000 0.877
3220.000 0.880
3225.000 0.896
3230.000 0.894
3235.000 0.895
3240.000 0.898
3245.000 0.930
3250.000 0.905
3255.000 0.943
3260.000 0.932
3265.000 0.954
3270.000 0.936
3275.000 0.959
3280.000 0.989
3285.000 0.972
3290.000 0.963
3295.000 0.991
3300.000 0.957
3305.000 1.004
3310.000 1.006
3315.000 1.005
3320.000 1.008
3325.000 1.035
3330.000 1.041
3335.000 1.049
3340.000 1.055
3345.000 1.074
3350.000 1.047
3355.000 1.076
3360.000 1.061
3365.000 1.097
3370.000 1.079
3375.000 1.104
3380.000 1.112
3385.000 1.091
3390.000 1.124
3395.000 1.125
3400.000 1.140
3405.000 1.145
3410.000 1.157
3415.000 1.179
3420.000 1.197
3425.000 1.183
3430.000 1.202
3435.000 1.219
3440.000 1.234
3445.000 1.245
3450.000 1.265
3455.000 1.270
3460.000 1.293
3465.000 1.279
3470.000 1.305
3475.000 1.323
3480.000 1.362
3485.000 1.357
3490.000 1.370
3495.000 1.399
3500.000 1.390
3505.000 1.410
3510.000 1.444
3515.000 1.470
3520.000 1.503
3525.000 1.513
3530.000 1.529
3535.000 1.559
3540.000 1.564
3545.000 1.598
3550.000 1.602
3555.000 1.665
3560.000 1.708
3565.000 1.735
3570.000 1.776
3575.000 1.825
3580.000 1.876
3585.000 1.922
3590.000 1.956
3595.000 2.014
3600.000 2.113
3605.000 2.190
3610.000 2.266
3615.000 2.440
3620.000 2.528
3625.000 2.610
3630.000 2.728
3635.000 3.021
3640.000 3.222
3645.000 3.451
3650.000 4.050
3655.000 4.407
3660.000 4.875
3665.000 5.488
3670.000 7.294
3675.000 8.837
3680.000 11.252
3685.000 21.864
3690.000 30.453
3695.000 39.914
3700.000 46.866
3705.000 28.648
3710.000 19.622
3715.000 12.485
3720.000 10.063
3725.000 6.188
3730.000 4.990
3735.000 4.088
3740.000 2.967
3745.000 2.383
3750.000 2.126
3755.000 1.996
3760.000 1.587
3765.000 1.371
3770.000 0.965
3775.000 0.727
3780.000 0.983
3785.000 1.017
3790.000 0.905
3795.000 0.801
3800.000 0.345
3805.000 0.635
3810.000 0.693
3815.000 0.487
3820.000 0.287
3825.000 0.315
3830.000 0.527
3835.000 0.138
3840.000 0.502
3845.000 0.289
3850.000 0.312
3855.000 0.329
3860.000 0.243
3865.000 0.423
3870.000 0.237
3875.000 0.390
3880.000 0.381
3885.000 0.334
3890.000 0.366
3895.000 0.378
3900.000 0.308
3905.000 0.317
3910.000 0.351
3915.000 0.374
3920.000 0.358
3925.000 0.356
3930.000 0.372
3935.000 0.370
3940.000 0.384
3945.000 0.323
3950.000 0.302
3955.000 0.321
3960.000 0.315
3965.000 0.325
3970.000 0.342
3975.000 0.345
3980.000 0.326
3985.000 0.291
3990.000 0.301
3995.000 0.334
4000.000 0.323
4005.000 0.290
4010.000 0.286
4015.000 0.299
4020.000 0.323
4025.000 0.356
4030.000 0.323
4035.000 0.294
4040.000 0.373
4045.000 0.333
4050.000 0.357
4055.000 0.369
4060.000 0.350
4065.000 0.327
4070.000 0.382
4075.000 0.350
4080.000 0.366
4085.000 0.370
4090.000 0.376
4095.000 0.364
4100.000 0.372
4105.000 0.369
4110.000 0.383
4115.000 0.369
4120.000 0.371
4125.000 0.378
4130.000 0.379
4135.000 0.394
4140.000 0.387
4145.000 0.397
4150.000 0.370
4155.000 0.402
4160.000 0.410
4165.000 0.388
4170.000 0.425
4175.000 0.410
4180.000 0.416
4185.000 0.408
4190.000 0.418
4195.000 0.411
4200.000 0.428
4205.000 0.442
4210.000 0.428
4215.000 0.438
4220.000 0.431
4225.000 0.450
4230.000 0.452
4235.000 0.439
4240.000 0.470
4245.000 0.465
4250.000 0.473
4255.000 0.468
4260.000 0.479
4265.000 0.464
4270.000 0.490
4275.000 0.488
4280.000 0.478
4285.000 0.496
4290.000 0.482
4295.000 0.488
4300.000 0.483
4305.000 0.478
4310.000 0.491
4315.000 0.480
4320.000 0.457
4325.000 0.458
4330.000 0.465
4335.000 0.450
4340.000 0.455
4345.000 0.452
4350.000 0.450
4355.000 0.429
4360.000 0.421
4365.000 0.427
4370.000 0.432
4375.000 0.407
4380.000 0.430
4385.000 0.403
4390.000 0.416
4395.000 0.402
4400.000 0.417
4405.000 0.385
4410.000 0.398
4415.000 0.394
4420.000 0.404
4425.000 0.403
4430.000 0.373
4435.000 0.378
4440.000 0.384
4445.000 0.378
4450.000 0.388
4455.000 0.386
4460.000 0.362
4465.000 0.365
4470.000 0.371
4475.000 0.363
4480.000 0.354
4485.000 0.359
4490.000 0.356
4495.000 0.351
4500.000 0.341
4505.000 0.342
4510.000 0.330
4515.000 0.324
4520.000 0.319
4525.000 0.319
4530.000 0.302
4535.000 0.308
4540.000 0.312
4545.000 0.294
4550.000 0.301
4555.000 0.308
4560.000 0.284
4565.000 0.280
4570.000 0.281
4575.000 0.264
4580.000 0.269
4585.000 0.276
4590.000 0.261
4595.000 0.249
4600.000 0.255
4605.000 0.245
4610.000 0.248
4615.000 0.215
4620.000 0.224
4625.000 0.214
4630.000 0.209
4635.000 0.226
4640.000 0.222
4645.000 0.188
4650.000 0.196
4655.000 0.194
4660.000 0.189
4665.000 0.196
4670.000 0.160
4675.000 0.184
4680.000 0.206
4685.000 0.183
4690.000 0.216
4695.000 0.205
4700.000 0.213
4705.000 0.205
4710.000 0.233
4715.000 0.220
4720.000 0.234
4725.000 0.251
4730.000 0.271
4735.000 0.282
4740.000 0.314
4745.000 0.338
4750.000 0.363
4755.000 0.382
4760.000 0.404
4765.000 0.448
4770.000 0.486
4775.000 0.494
4780.000 0.557
4785.000 0.580
4790.000 0.613
4795.000 0.654
4800.000 0.731
4805.000 0.800
4810.000 0.840
4815.000 0.899
4820.000 1.026
4825.000 1.082
4830.000 1.164
4835.000 1.361
4840.000 1.468
4845.000 1.600
4850.000 1.734
4855.000 2.106
4860.000 2.365
4865.000 2.560
4870.000 3.033
4875.000 3.296
4880.000 3.593
4885.000 3.946
4890.000 4.796
4895.000 5.335
4900.000 5.905
4905.000 7.403
4910.000 8.357
4915.000 9.441
4920.000 10.774
4925.000 13.901
4930.000 15.823
4935.000 18.012
4940.000 20.482
4945.000 26.690
4950.000 30.529
4955.000 35.357
4960.000 44.815
4965.000 40.635
4970.000 13.036
4975.000 47.533
4980.000 56.030
4985.000 54.774
4990.000 51.903
4995.000 39.657
5000.000 26.061
5005.000 23.689
5010.000 20.195
5015.000 16.055
5020.000 14.474
5025.000 13.185
5030.000 11.985
5035.000 10.213
5040.000 9.446
5045.000 8.791
5050.000 7.733
5055.000 7.287
5060.000 6.897
5065.000 6.589
5070.000 6.025
5075.000 5.767
5080.000 5.532
5085.000 5.148
5090.000 4.999
5095.000 4.844
5100.000 4.700
5105.000 4.462
5110.000 4.376
5115.000 4.266
5120.000 4.183
5125.000 4.026
5130.000 3.974
5135.000 3.910
5140.000 3.820
5145.000 3.768
5150.000 3.729
5155.000 3.682
5160.000 3.621
5165.000 3.610
5170.000 3.566
5175.000 3.541
5180.000 3.507
5185.000 3.470
5190.000 3.454
5195.000 3.424
5200.000 3.406
5205.000 3.399
5210.000 3.356
5215.000 3.335
5220.000 3.329
5225.000 3.307
5230.000 3.288
5235.000 3.285
5240.000 3.276
5245.000 3.266
5250.000 3.262
5255.000 3.249
5260.000 3.239
5265.000 3.211
5270.000 3.202
5275.000 3.214
5280.000 3.200
5285.000 3.184
5290.000 3.158
5295.000 3.152
5300.000 3.163
5305.000 3.162
5310.000 3.139
5315.000 3.147
5320.000 3.132
5325.000 3.106
5330.000 3.109
5335.000 3.115
5340.000 3.079
5345.000 3.090
5350.000 3.072
5355.000 3.047
5360.000 3.054
5365.000 3.036
5370.000 3.022
5375.000 3.043
5380.000 3.021
5385.000 3.034
5390.000 3.012
5395.000 3.004
5400.000 3.009
5405.000 2.986
5410.000 2.972
5415.000 2.959
5420.000 2.958
5425.000 2.937
5430.000 2.926
5435.000 2.914
5440.000 2.910
5445.000 2.916
5450.000 2.899
5455.000 2.880
5460.000 2.870
5465.000 2.872
5470.000 2.853
5475.000 2.844
5480.000 2.840
5485.000 2.819
5490.000 2.827
5495.000 2.805
5500.000 2.797
5505.000 2.780
5510.000 2.777
5515.000 2.792
5520.000 2.778
5525.000 2.759
5530.000 2.755
5535.000 2.735
5540.000 2.736
5545.000 2.721
5550.000 2.711
5555.000 2.714
5560.000 2.692
5565.000 2.683
5570.000 2.678
5575.000 2.698
5580.000 2.676
5585.000 2.674
5590.000 2.651
5595.000 2.666
5600.000 2.642
5605.000 2.641
5610.000 2.655
5615.000 2.634
5620.000 2.621
5625.000 2.636
5630.000 2.620
5635.000 2.646
5640.000 2.625
5645.000 2.631
5650.000 2.617
5655.000 2.616
5660.000 2.616
5665.000 2.612
5670.000 2.598
5675.000 2.599
5680.000 2.611
5685.000 2.609
5690.000 2.615
5695.000 2.612
5700.000 2.602
5705.000 2.611
5710.000 2.610
5715.000 2.628
5720.000 2.619
5725.000 2.635
5730.000 2.650
5735.000 2.632
5740.000 2.654
5745.000 2.645
5750.000 2.664
5755.000 2.658
5760.000 2.669
5765.000 2.676
5770.000 2.700
5775.000 2.718
5780.000 2.712
5785.000 2.722
5790.000 2.733
5795.000 2.739
5800.000 2.734
5805.000 2.762
5810.000 2.767
5815.000 2.787
5820.000 2.797
5825.000 2.815
5830.000 2.815
5835.000 2.826
5840.000 2.851
5845.000 2.878
5850.000 2.876
5855.000 2.916
5860.000 2.948
5865.000 2.961
5870.000 2.974
5875.000 3.025
5880.000 3.040
5885.000 3.053
5890.000 3.102
5895.000 3.150
5900.000 3.167
5905.000 3.196
5910.000 3.217
5915.000 3.264
5920.000 3.301
5925.000 3.326
5930.000 3.369
5935.000 3.400
5940.000 3.419
5945.000 3.456
5950.000 3.512
5955.000 3.555
5960.000 3.592
5965.000 3.700
5970.000 3.723
5975.000 3.722
5980.000 3.805
5985.000 3.851
5990.000 3.863
5995.000 3.892
6000.000 3.949
6005.000 3.966
6010.000 4.002
6015.000 4.032
6020.000 4.134
6025.000 4.169
6030.000 4.194
6035.000 4.229
6040.000 4.259
6045.000 4.362
6050.000 4.374
6055.000 4.499
6060.000 4.560
6065.000 4.611
6070.000 4.652
6075.000 4.815
6080.000 4.878
6085.000 4.931
6090.000 5.031
6095.000 5.199
6100.000 5.265
6105.000 5.388
6110.000 5.629
6115.000 5.737
6120.000 5.876
6125.000 6.031
6130.000 6.370
6135.000 6.573
6140.000 6.788
6145.000 7.304
6150.000 7.595
6155.000 7.973
6160.000 8.427
6165.000 9.646
6170.000 10.454
6175.000 11.473
6180.000 12.802
6185.000 16.584
6190.000 19.456
6195.000 23.080
6200.000 33.153
6205.000 38.888
6210.000 44.158
6215.000 48.742
6220.000 53.499
6225.000 50.556
6230.000 39.509
6235.000 12.773
6240.000 6.783
6245.000 5.627
6250.000 5.217
6255.000 4.637
6260.000 4.469
6265.000 4.338
6270.000 4.085
6275.000 3.943
6280.000 3.769
6285.000 3.558
6290.000 3.172
6295.000 2.961
6300.000 2.771
6305.000 2.587
6310.000 2.272
6315.000 2.124
6320.000 1.987
6325.000 1.751
6330.000 1.649
6335.000 1.553
6340.000 1.466
6345.000 1.310
6350.000 1.240
6355.000 1.175
6360.000 1.069
6365.000 1.019
6370.000 0.969
6375.000 0.948
6380.000 0.878
6385.000 0.855
6390.000 0.832
6395.000 0.792
6400.000 0.769
6405.000 0.769
6410.000 0.754
6415.000 0.740
6420.000 0.740
6425.000 0.752
6430.000 0.754
6435.000 0.756
6440.000 0.775
6445.000 0.795
6450.000 0.822
6455.000 0.853
6460.000 0.852
6465.000 0.898
6470.000 0.941
6475.000 0.982
6480.000 1.023
6485.000 1.074
6490.000 1.164
6495.000 1.234
6500.000 1.299
6505.000 1.498
6510.000 1.603
6515.000 1.733
6520.000 1.908
6525.000 2.368
6530.000 2.733
6535.000 3.215
6540.000 5.569
6545.000 8.873
6550.000 15.824
6555.000 25.419
6560.000 41.813
6565.000 44.720
6570.000 33.688
6575.000 14.854
6580.000 8.430
6585.000 3.716
6590.000 3.449
6595.000 2.908
6600.000 2.950
6605.000 2.450
6610.000 2.228
6615.000 1.875
6620.000 1.733
6625.000 1.616
6630.000 1.437
6635.000 1.364
6640.000 1.306
6645.000 1.247
6650.000 1.149
6655.000 1.113
6660.000 1.084
6665.000 1.042
6670.000 1.014
6675.000 1.001
6680.000 0.985
6685.000 0.954
6690.000 0.938
6695.000 0.940
6700.000 0.900
6705.000 0.908
6710.000 0.893
6715.000 0.885
6720.000 0.883
6725.000 0.883
6730.000 0.875
6735.000 0.877
6740.000 0.878
6745.000 0.873
6750.000 0.865
6755.000 0.867
6760.000 0.868
6765.000 0.857
6770.000 0.860
6775.000 0.866
6780.000 0.856
6785.000 0.863
6790.000 0.863
6795.000 0.872
6800.000 0.876
6805.000 0.859
6810.000 0.867
6815.000 0.864
6820.000 0.871
6825.000 0.857
6830.000 0.877
6835.000 0.867
6840.000 0.881
6845.000 0.873
6850.000 0.883
6855.000 0.865
6860.000 0.882
6865.000 0.887
6870.000 0.890
6875.000 0.882
6880.000 0.893
6885.000 0.890
6890.000 0.895
6895.000 0.904
6900.000 0.897
6905.000 0.891
6910.000 0.908
6915.000 0.909
6920.000 0.918
6925.000 0.903
6930.000 0.911
6935.000 0.911
6940.000 0.921
6945.000 0.910
6950.000 0.903
6955.000 0.923
6960.000 0.924
6965.000 0.930
6970.000 0.935
6975.000 0.928
6980.000 0.943
6985.000 0.922
6990.000 0.927
6995.000 0.938
7000.000 0.951
7005.000 0.934
7010.000 0.960
7015.000 0.950
7020.000 0.975
7025.000 0.945
7030.000 0.952
7035.000 0.956
7040.000 0.954
7045.000 0.962
7050.000 0.982
7055.000 0.969
7060.000 0.989
7065.000 0.981
7070.000 0.988
7075.000 0.977
7080.000 0.998
7085.000 1.008
7090.000 1.011
7095.000 1.025
7100.000 1.028
7105.000 1.020
7110.000 1.019
7115.000 1.028
7120.000 1.024
7125.000 1.031
7130.000 1.035
7135.000 1.059
7140.000 1.057
7145.000 1.059
7150.000 1.071
7155.000 1.086
7160.000 1.087
7165.000 1.074
7170.000 1.092
7175.000 1.103
7180.000 1.118
7185.000 1.135
7190.000 1.131
7195.000 1.146
7200.000 1.144
7205.000 1.169
7210.000 1.169
7215.000 1.172
7220.000 1.183
7225.000 1.203
7230.000 1.237
7235.000 1.226
7240.000 1.242
7245.000 1.263
7250.000 1.279
7255.000 1.308
7260.000 1.334
7265.000 1.344
7270.000 1.370
7275.000 1.380
7280.000 1.441
7285.000 1.461
7290.000 1.478
7295.000 1.567
7300.000 1.603
7305.000 1.634
7310.000 1.708
7315.000 1.799
7320.000 1.863
7325.000 1.922
7330.000 2.120
7335.000 2.239
7340.000 2.345
7345.000 2.493
7350.000 2.797
7355.000 2.967
7360.000 3.167
7365.000 3.768
7370.000 4.163
7375.000 4.573
7380.000 5.093
7385.000 6.414
7390.000 7.381
7395.000 8.618
7400.000 10.211
7405.000 14.577
7410.000 17.377
7415.000 20.412
7420.000 26.887
7425.000 29.906
7430.000 31.803
7435.000 31.714
7440.000 22.085
7445.000 16.535
7450.000 12.543
7455.000 9.960
7460.000 9.920
7465.000 8.355
7470.000 6.722
7475.000 5.291
7480.000 4.831
7485.000 4.437
7490.000 3.848
7495.000 3.604
7500.000 3.407
7505.000 3.248
7510.000 2.983
7515.000 2.870
7520.000 2.772
7525.000 2.665
7530.000 2.475
7535.000 2.376
7540.000 2.308
7545.000 2.179
7550.000 2.128
7555.000 2.054
7560.000 2.022
7565.000 1.923
7570.000 1.888
7575.000 1.857
7580.000 1.828
7585.000 1.763
7590.000 1.733
7595.000 1.721
7600.000 1.677
7605.000 1.663
7610.000 1.640
7615.000 1.612
7620.000 1.602
7625.000 1.597
7630.000 1.567
7635.000 1.552
7640.000 1.533
7645.000 1.524
7650.000 1.503
7655.000 1.490
7660.000 1.479
7665.000 1.469
7670.000 1.461
7675.000 1.456
7680.000 1.454
7685.000 1.455
7690.000 1.441
7695.000 1.428
7700.000 1.432
7705.000 1.428
7710.000 1.404
7715.000 1.408
7720.000 1.413
7725.000 1.394
7730.000 1.388
7735.000 1.389
7740.000 1.380
7745.000 1.389
7750.000 1.380
7755.000 1.368
7760.000 1.382
7765.000 1.367
7770.000 1.378
7775.000 1.372
7780.000 1.380
7785.000 1.369
7790.000 1.368
7795.000 1.352
7800.000 1.348
7805.000 1.361
7810.000 1.363
7815.000 1.344
7820.000 1.350
7825.000 1.362
7830.000 1.351
7835.000 1.364
7840.000 1.346
7845.000 1.350
7850.000 1.342
7855.000 1.351
7860.000 1.346
7865.000 1.348
7870.000 1.331
7875.000 1.331
7880.000 1.338
7885.000 1.340
7890.000 1.331
7895.000 1.347
7900.000 1.331
7905.000 1.321
7910.000 1.326
7915.000 1.317
7920.000 1.321
7925.000 1.306
7930.000 1.291
7935.000 1.298
7940.000 1.302
7945.000 1.271
7950.000 1.261
7955.000 1.259
7960.000 1.234
7965.000 1.231
7970.000 1.217
7975.000 1.205
7980.000 1.168
7985.000 1.142
7990.000 1.107
7995.000 1.059
8000.000 0.983
8005.000 0.950
8010.000 0.941
8015.000 0.927
8020.000 1.029
8025.000 1.361
8030.000 5.561
8035.000 11.184
8040.000 16.453
8045.000 18.518
8050.000 7.668
8055.000 13.988
8060.000 4.076
8065.000 5.807
8070.000 4.815
8075.000 4.541
8080.000 4.242
8085.000 3.569
8090.000 3.392
8095.000 3.189
8100.000 3.045
8105.000 2.806
8110.000 2.690
8115.000 2.607
8120.000 2.492
8125.000 2.477
8130.000 2.462
8135.000 2.434
8140.000 2.417
8145.000 2.438
8150.000 2.452
8155.000 2.479
8160.000 2.471
8165.000 2.455
8170.000 2.446
8175.000 2.485
8180.000 2.469
8185.000 2.490
8190.000 2.496
8195.000 2.494
8200.000 2.531
8205.000 2.532
8210.000 2.570
8215.000 2.571
8220.000 2.572
8225.000 2.599
8230.000 2.637
8235.000 2.650
8240.000 2.656
8245.000 2.662
8250.000 2.693
8255.000 2.716
8260.000 2.733
8265.000 2.766
8270.000 2.794
8275.000 2.802
8280.000 2.847
8285.000 2.884
8290.000 2.924
8295.000 2.926
8300.000 2.983
8305.000 3.020
8310.000 3.040
8315.000 3.051
8320.000 3.110
8325.000 3.150
8330.000 3.178
8335.000 3.252
8340.000 3.284
8345.000 3.335
8350.000 3.347
8355.000 3.448
8360.000 3.499
8365.000 3.505
8370.000 3.584
8375.000 3.699
8380.000 3.750
8385.000 3.796
8390.000 3.923
8395.000 3.970
8400.000 4.043
8405.000 4.117
8410.000 4.233
8415.000 4.322
8420.000 4.374
8425.000 4.592
8430.000 4.670
8435.000 4.773
8440.000 4.894
8445.000 5.135
8450.000 5.268
8455.000 5.423
8460.000 5.770
8465.000 5.958
8470.000 6.164
8475.000 6.436
8480.000 7.090
8485.000 7.568
8490.000 8.107
8495.000 8.871
8500.000 11.383
8505.000 13.600
8510.000 17.050
8515.000 28.318
8520.000 33.957
8525.000 35.179
8530.000 24.122
8535.000 10.174
8540.000 8.371
8545.000 4.773
8550.000 7.671
8555.000 8.296
8560.000 9.203
8565.000 10.768
8570.000 14.471
8575.000 16.724
8580.000 19.051
8585.000 24.484
8590.000 27.548
8595.000 30.977
8600.000 34.630
8605.000 41.653
8610.000 44.877
8615.000 47.697
8620.000 49.835
8625.000 49.995
8630.000 46.862
8635.000 41.481
8640.000 30.784
8645.000 26.387
8650.000 22.726
8655.000 19.607
8660.000 14.085
8665.000 11.784
8670.000 10.137
8675.000 8.998
8680.000 8.526
8685.000 8.087
8690.000 7.677
8695.000 6.951
8700.000 6.641
8705.000 6.386
8710.000 6.142
8715.000 5.632
8720.000 5.378
8725.000 5.164
8730.000 4.735
8735.000 4.570
8740.000 4.410
8745.000 4.243
8750.000 3.953
8755.000 3.832
8760.000 3.693
8765.000 3.577
8770.000 3.383
8775.000 3.297
8780.000 3.217
8785.000 3.054
8790.000 2.992
8795.000 2.904
8800.000 2.850
8805.000 2.730
8810.000 2.682
8815.000 2.625
8820.000 2.529
8825.000 2.486
8830.000 2.439
8835.000 2.391
8840.000 2.322
8845.000 2.272
8850.000 2.258
8855.000 2.188
8860.000 2.153
8865.000 2.127
8870.000 2.093
8875.000 2.030
8880.000 1.997
8885.000 1.975
8890.000 1.964
8895.000 1.908
8900.000 1.880
8905.000 1.853
8910.000 1.822
8915.000 1.793
8920.000 1.770
8925.000 1.750
8930.000 1.710
8935.000 1.692
8940.000 1.667
8945.000 1.639
8950.000 1.627
8955.000 1.603
8960.000 1.579
8965.000 1.559
8970.000 1.552
8975.000 1.538
8980.000 1.514
8985.000 1.479
8990.000 1.481
8995.000 1.467
9000.000 1.456
9005.000 1.431
9010.000 1.429
9015.000 1.403
9020.000 1.386
9025.000 1.376
9030.000 1.358
9035.000 1.361
9040.000 1.347
9045.000 1.321
9050.000 1.309
9055.000 1.300
9060.000 1.277
9065.000 1.264
9070.000 1.257
9075.000 1.239
9080.000 1.243
9085.000 1.242
9090.000 1.220
9095.000 1.211
9100.000 1.211
9105.000 1.201
9110.000 1.188
9115.000 1.191
9120.000 1.170
9125.000 1.153
9130.000 1.147
9135.000 1.143
9140.000 1.136
9145.000 1.128
9150.000 1.116
9155.000 1.127
9160.000 1.109
9165.000 1.093
9170.000 1.095
9175.000 1.085
9180.000 1.073
9185.000 1.069
9190.000 1.064
9195.000 1.058
9200.000 1.043
9205.000 1.040
9210.000 1.045
9215.000 1.029
9220.000 1.021
9225.000 1.018
9230.000 1.002
9235.000 1.002
9240.000 0.991
9245.000 0.992
9250.000 0.985
9255.000 0.976
9260.000 0.976
9265.000 0.965
9270.000 0.974
9275.000 0.961
9280.000 0.953
9285.000 0.954
9290.000 0.961
9295.000 0.949
9300.000 0.952
9305.000 0.949
9310.000 0.946
9315.000 0.942
9320.000 0.938
9325.000 0.943
9330.000 0.956
9335.000 0.950
9340.000 0.968
9345.000 0.979
9350.000 0.983
9355.000 1.003
9360.000 1.041
9365.000 1.057
9370.000 1.083
9375.000 1.163
9380.000 1.214
9385.000 1.274
9390.000 1.328
9395.000 1.511
9400.000 1.633
9405.000 1.770
9410.000 2.181
9415.000 2.485
9420.000 2.988
9425.000 3.665
9430.000 6.325
9435.000 8.726
9440.000 12.149
9445.000 16.600
9450.000 27.230
9455.000 32.719
9460.000 35.593
9465.000 30.877
9470.000 25.404
9475.000 20.137
9480.000 18.270
9485.000 11.293
9490.000 9.361
9495.000 7.983
9500.000 7.076
9505.000 5.761
9510.000 5.300
9515.000 4.898
9520.000 4.274
9525.000 4.016
9530.000 3.800
9535.000 3.616
9540.000 3.322
9545.000 3.214
9550.000 3.105
9555.000 2.920
9560.000 2.841
9565.000 2.787
9570.000 2.737
9575.000 2.652
9580.000 2.603
9585.000 2.577
9590.000 2.561
9595.000 2.549
9600.000 2.555
9605.000 2.557
9610.000 2.566
9615.000 2.591
9620.000 2.613
9625.000 2.634
9630.000 2.680
9635.000 2.706
9640.000 2.739
9645.000 2.813
9650.000 2.869
9655.000 2.920
9660.000 2.995
9665.000 3.125
9670.000 3.229
9675.000 3.362
9680.000 3.567
9685.000 3.717
9690.000 3.828
9695.000 3.939
9700.000 4.179
9705.000 4.323
9710.000 4.482
9715.000 4.656
9720.000 5.047
9725.000 5.291
9730.000 5.569
9735.000 6.284
9740.000 6.753
9745.000 7.318
9750.000 7.995
9755.000 9.850
9760.000 11.091
9765.000 12.629
9770.000 16.666
9775.000 19.132
9780.000 21.775
9785.000 24.511
9790.000 28.930
9795.000 29.474
9800.000 28.523
9805.000 25.568
9810.000 18.300
9815.000 15.429
9820.000 13.113
9825.000 9.777
9830.000 8.596
9835.000 7.628
9840.000 6.872
9845.000 5.908
9850.000 5.636
9855.000 5.228
9860.000 4.488
9865.000 2.949
9870.000 2.701
9875.000 2.605
9880.000 2.437
9885.000 2.390
9890.000 2.317
9895.000 2.253
9900.000 2.129
9905.000 2.056
9910.000 1.999
9915.000 1.881
9920.000 1.842
9925.000 1.802
9930.000 1.761
9935.000 1.659
9940.000 1.630
9945.000 1.587
9950.000 1.532
9955.000 1.502
9960.000 1.456
9965.000 1.444
9970.000 1.378
9975.000 1.347
9980.000 1.335
9985.000 1.314
9990.000 1.273
9995.000 1.268
10000.000 1.228
