105.000 0.094
110.000 0.101
115.000 0.524
120.000 0.695
125.000 0.839
130.000 0.833
135.000 1.143
140.000 1.000
145.000 1.105
155.000 0.880
160.000 0.610
165.000 0.472
170.000 0.545
175.000 0.571
180.000 0.529
185.000 0.461
190.000 0.521
195.000 0.405
200.000 0.230
205.000 0.644
210.000 0.339
215.000 0.342
220.000 0.427
225.000 0.273
230.000 0.261
235.000 0.299
240.000 0.290
245.000 0.159
250.000 0.259
255.000 0.294
260.000 0.297
265.000 0.286
270.000 0.253
275.000 0.322
280.000 0.196
285.000 0.412
290.000 0.229
295.000 0.270
300.000 0.284
305.000 0.439
310.000 0.469
315.000 0.466
320.000 0.516
325.000 0.682
330.000 0.893
335.000 0.910
340.000 1.405
345.000 1.479
350.000 1.405
355.000 1.466
360.000 2.036
365.000 2.052
370.000 2.378
375.000 3.109
380.000 3.114
385.000 3.287
390.000 3.926
395.000 4.556
400.000 4.858
405.000 5.193
410.000 5.374
415.000 5.896
420.000 6.215
425.000 6.458
430.000 6.367
435.000 6.748
440.000 6.513
445.000 6.605
450.000 6.285
455.000 6.220
460.000 6.164
465.000 5.874
470.000 5.543
475.000 5.434
480.000 5.345
485.000 4.723
490.000 4.523
495.000 4.594
500.000 4.229
505.000 3.848
510.000 3.568
515.000 3.253
520.000 3.178
525.000 2.930
530.000 2.768
535.000 2.579
540.000 2.427
545.000 2.456
550.000 2.449
555.000 2.255
560.000 2.006
565.000 1.914
570.000 1.921
575.000 1.781
580.000 1.839
585.000 1.791
590.000 1.785
595.000 1.845
600.000 1.783
605.000 1.891
610.000 1.788
615.000 1.707
620.000 1.699
625.000 1.663
630.000 1.683
635.000 1.681
640.000 1.624
645.000 1.679
650.000 1.636
655.000 1.619
660.000 1.563
665.000 1.579
670.000 1.565
675.000 1.622
680.000 1.631
685.000 1.582
690.000 1.527
695.000 1.566
700.000 1.564
705.000 1.472
710.000 1.485
715.000 1.481
720.000 1.525
725.000 1.547
730.000 1.468
735.000 1.514
740.000 1.460
745.000 1.495
750.000 1.483
755.000 1.429
760.000 1.422
765.000 1.500
770.000 1.441
775.000 1.487
780.000 1.453
785.000 1.501
790.000 1.419
795.000 1.428
800.000 1.393
805.000 1.507
810.000 1.419
815.000 1.387
820.000 1.437
825.000 1.366
830.000 1.506
835.000 1.464
840.000 1.409
845.000 1.392
850.000 1.376
855.000 1.412
860.000 1.406
865.000 1.390
870.000 1.391
875.000 1.553
880.000 1.366
885.000 1.479
890.000 1.419
895.000 1.346
900.000 1.307
905.000 1.332
910.000 1.395
915.000 1.350
920.000 1.288
925.000 1.292
930.000 1.313
935.000 1.326
940.000 1.351
945.000 1.327
950.000 1.324
955.000 1.272
960.000 1.390
965.000 1.252
970.000 1.239
975.000 1.314
980.000 1.344
985.000 1.273
990.000 1.390
995.000 1.221
1000.000 1.330
1005.000 1.310
1010.000 1.285
1015.000 1.232
1020.000 1.173
1025.000 1.332
1030.000 1.191
1035.000 1.343
1040.000 1.179
1045.000 1.240
1050.000 1.214
1055.000 1.295
1060.000 1.280
1065.000 1.219
1070.000 1.272
1075.000 1.234
1080.000 1.278
1085.000 1.220
1090.000 1.234
1095.000 1.225
1100.000 1.228
1105.000 1.196
1110.000 1.240
1115.000 1.261
1120.000 1.202
1125.000 1.216
1130.000 1.224
1135.000 1.197
1140.000 1.188
1145.000 1.234
1150.000 1.151
1155.000 1.249
1160.000 1.311
1165.000 1.265
1170.000 1.249
1175.000 1.239
1180.000 1.198
1185.000 1.257
1190.000 1.203
1195.000 1.211
1200.000 1.224
1205.000 1.178
1210.000 1.134
1215.000 1.138
1220.000 1.138
1225.000 1.281
1230.000 1.170
1235.000 1.214
1240.000 1.236
1245.000 1.196
1250.000 1.179
1255.000 1.150
1260.000 1.205
1265.000 1.121
1270.000 1.178
1275.000 1.176
1280.000 1.148
1285.000 1.118
1290.000 1.197
1295.000 1.178
1300.000 1.144
1305.000 1.158
1310.000 1.141
1315.000 1.123
1320.000 1.180
1325.000 1.130
1330.000 1.107
1335.000 1.089
1340.000 1.145
1345.000 1.200
1350.000 1.204
1355.000 1.152
1360.000 1.133
1365.000 1.095
1370.000 1.086
1375.000 1.139
1380.000 1.107
1385.000 1.071
1390.000 1.085
1395.000 1.141
1400.000 1.085
1405.000 1.071
1410.000 1.112
1415.000 1.137
1420.000 1.132
1425.000 1.138
1430.000 1.117
1435.000 1.171
1440.000 1.101
1445.000 1.083
1450.000 1.092
1455.000 1.169
1460.000 1.124
1465.000 1.086
1470.000 1.080
1475.000 1.044
1480.000 1.051
1485.000 1.027
1490.000 1.016
1495.000 0.992
1500.000 0.999
1505.000 0.983
1510.000 0.993
1515.000 0.931
1520.000 0.941
1525.000 0.930
1530.000 0.951
1535.000 0.970
1540.000 0.983
1545.000 0.967
1550.000 0.944
1555.000 0.943
1560.000 0.917
1565.000 0.904
1570.000 0.903
1575.000 0.952
1580.000 0.913
1585.000 0.931
1590.000 0.895
1595.000 0.899
1600.000 0.924
1605.000 0.903
1610.000 0.965
1615.000 0.917
1620.000 0.915
1625.000 0.895
1630.000 0.897
1635.000 0.880
1640.000 0.871
1645.000 0.888
1650.000 0.888
1655.000 0.908
1660.000 0.924
1665.000 0.883
1670.000 0.896
1675.000 0.948
1680.000 0.944
1685.000 0.950
1690.000 0.928
1695.000 0.951
1700.000 0.942
1705.000 0.985
1710.000 0.976
1715.000 1.033
1720.000 1.047
1725.000 1.026
1730.000 1.040
1735.000 1.110
1740.000 1.157
1745.000 1.158
1750.000 1.176
1755.000 1.186
1760.000 1.218
1765.000 1.310
1770.000 1.315
1775.000 1.312
1780.000 1.433
1785.000 1.441
1790.000 1.599
1795.000 1.619
1800.000 1.648
1805.000 1.659
1810.000 1.707
1815.000 1.810
1820.000 1.765
1825.000 1.865
1830.000 1.949
1835.000 1.994
1840.000 2.029
1845.000 2.076
1850.000 2.206
1855.000 2.178
1860.000 2.232
1865.000 2.240
1870.000 2.330
1875.000 2.339
1880.000 2.413
1885.000 2.401
1890.000 2.443
1895.000 2.456
1900.000 2.522
1905.000 2.557
1910.000 2.626
1915.000 2.651
1920.000 2.661
1925.000 2.581
1930.000 2.584
1935.000 2.601
1940.000 2.736
1945.000 2.675
1950.000 2.741
1955.000 2.713
1960.000 2.607
1965.000 2.670
1970.000 2.727
1975.000 2.661
1980.000 2.716
1985.000 2.657
1990.000 2.601
1995.000 2.637
2000.000 2.714
2005.000 2.632
2010.000 2.683
2015.000 2.676
2020.000 2.621
2025.000 2.688
2030.000 2.670
2035.000 2.698
2040.000 2.756
2045.000 2.756
2050.000 2.653
2055.000 2.661
2060.000 2.713
2065.000 2.757
2070.000 2.712
2075.000 2.739
2080.000 2.728
2085.000 2.718
2090.000 2.721
2095.000 2.770
2100.000 2.736
2105.000 2.763
2110.000 2.805
2115.000 2.833
2120.000 2.824
2125.000 2.867
2130.000 2.800
2135.000 2.830
2140.000 2.853
2145.000 2.855
2150.000 2.875
2155.000 2.972
2160.000 2.956
2165.000 2.978
2170.000 3.038
2175.000 3.039
2180.000 3.108
2185.000 3.145
2190.000 3.222
2195.000 3.205
2200.000 3.322
2205.000 3.330
2210.000 3.463
2215.000 3.513
2220.000 3.553
2225.000 3.715
2230.000 3.852
2235.000 3.846
2240.000 3.993
2245.000 4.268
2250.000 4.442
2255.000 4.659
2260.000 4.890
2265.000 5.607
2270.000 6.030
2275.000 6.627
2280.000 8.340
2285.000 9.642
2290.000 11.471
2295.000 13.895
2300.000 21.118
2305.000 27.607
2310.000 37.684
2315.000 44.854
2320.000 23.042
2325.000 15.174
2330.000 10.864
2335.000 5.825
2340.000 4.839
2345.000 4.025
2350.000 3.234
2355.000 2.302
2360.000 1.947
2365.000 1.734
2370.000 1.318
2375.000 1.203
2380.000 1.093
2385.000 1.004
2390.000 0.876
2395.000 0.822
2400.000 0.820
2405.000 0.722
2410.000 0.724
2415.000 0.701
2420.000 0.712
2425.000 0.695
2430.000 0.715
2435.000 0.686
2440.000 0.714
2445.000 0.709
2450.000 0.708
2455.000 0.709
2460.000 0.738
2465.000 0.763
2470.000 0.756
2475.000 0.738
2480.000 0.770
2485.000 0.783
2490.000 0.798
2495.000 0.804
2500.000 0.777
2505.000 0.822
2510.000 0.809
2515.000 0.807
2520.000 0.822
2525.000 0.833
2530.000 0.844
2535.000 0.858
2540.000 0.852
2545.000 0.858
2550.000 0.863
2555.000 0.865
2560.000 0.872
2565.000 0.888
2570.000 0.889
2575.000 0.873
2580.000 0.881
2585.000 0.887
2590.000 0.921
2595.000 0.908
2600.000 0.924
2605.000 0.900
2610.000 0.924
2615.000 0.896
2620.000 0.936
2625.000 0.925
2630.000 0.933
2635.000 0.936
2640.000 0.943
2645.000 0.934
2650.000 0.951
2655.000 0.928
2660.000 0.960
2665.000 0.964
2670.000 0.953
2675.000 0.962
2680.000 0.965
2685.000 0.970
2690.000 0.971
2695.000 0.969
2700.000 0.957
2705.000 0.946
2710.000 0.975
2715.000 0.952
2720.000 0.953
2725.000 0.969
2730.000 0.976
2735.000 0.959
2740.000 0.982
2745.000 0.970
2750.000 0.936
2755.000 0.937
2760.000 0.964
2765.000 0.941
2770.000 0.925
2775.000 0.927
2780.000 0.931
2785.000 0.925
2790.000 0.947
2795.000 0.923
2800.000 0.936
2805.000 0.898
2810.000 0.901
2815.000 0.912
2820.000 0.885
2825.000 0.874
2830.000 0.855
2835.000 0.866
2840.000 0.860
2845.000 0.871
2850.000 0.851
2855.000 0.837
2860.000 0.810
2865.000 0.803
2870.000 0.806
2875.000 0.782
2880.000 0.790
2885.000 0.769
2890.000 0.752
2895.000 0.760
2900.000 0.746
2905.000 0.722
2910.000 0.707
2915.000 0.723
2920.000 0.689
2925.000 0.697
2930.000 0.675
2935.000 0.672
2940.000 0.701
2945.000 0.639
2950.000 0.670
2955.000 0.655
2960.000 0.636
2965.000 0.657
2970.000 0.627
2975.000 0.599
2980.000 0.625
2985.000 0.613
2990.000 0.614
2995.000 0.637
3000.000 0.586
3005.000 0.602
3010.000 0.565
3015.000 0.566
3020.000 0.622
3025.000 0.628
3030.000 0.557
3035.000 0.626
3040.000 0.588
3045.000 0.534
3050.000 0.570
3055.000 0.621
3060.000 0.578
3065.000 0.613
3070.000 0.608
3075.000 0.578
3080.000 0.601
3085.000 0.611
3090.000 0.639
3095.000 0.628
3100.000 0.670
3105.000 0.667
3110.000 0.658
3115.000 0.654
3120.000 0.660
3125.000 0.695
3130.000 0.697
3135.000 0.695
3140.000 0.676
3145.000 0.676
3150.000 0.691
3155.000 0.684
3160.000 0.692
3165.000 0.673
3170.000 0.695
3175.000 0.714
3180.000 0.695
3185.000 0.717
3190.000 0.726
3195.000 0.724
3200.000 0.719
3205.000 0.732
3210.000 0.757
3215.000 0.744
3220.000 0.761
3225.000 0.750
3230.000 0.768
3235.000 0.795
3240.000 0.788
3245.000 0.770
3250.000 0.816
3255.000 0.814
3260.000 0.820
3265.000 0.841
3270.000 0.850
3275.000 0.843
3280.000 0.852
3285.000 0.866
3290.000 0.863
3295.000 0.872
3300.000 0.884
3305.000 0.898
3310.000 0.883
3315.000 0.891
3320.000 0.920
3325.000 0.895
3330.000 0.925
3335.000 0.922
3340.000 0.907
3345.000 0.926
3350.000 0.929
3355.000 0.944
3360.000 0.971
3365.000 0.942
3370.000 0.972
3375.000 0.975
3380.000 0.974
3385.000 0.983
3390.000 0.980
3395.000 0.991
3400.000 1.020
3405.000 1.023
3410.000 1.046
3415.000 1.041
3420.000 1.044
3425.000 1.043
3430.000 1.050
3435.000 1.080
3440.000 1.076
3445.000 1.081
3450.000 1.104
3455.000 1.105
3460.000 1.098
3465.000 1.130
3470.000 1.133
3475.000 1.126
3480.000 1.142
3485.000 1.157
3490.000 1.173
3495.000 1.205
3500.000 1.213
3505.000 1.222
3510.000 1.238
3515.000 1.242
3520.000 1.290
3525.000 1.285
3530.000 1.294
3535.000 1.318
3540.000 1.346
3545.000 1.363
3550.000 1.390
3555.000 1.387
3560.000 1.426
3565.000 1.453
3570.000 1.480
3575.000 1.540
3580.000 1.570
3585.000 1.592
3590.000 1.664
3595.000 1.704
3600.000 1.757
3605.000 1.796
3610.000 1.901
3615.000 1.959
3620.000 1.999
3625.000 2.148
3630.000 2.259
3635.000 2.370
3640.000 2.513
3645.000 2.861
3650.000 3.062
3655.000 3.343
3660.000 4.202
3665.000 4.866
3670.000 5.704
3675.000 6.916
3680.000 11.511
3685.000 15.109
3690.000 19.265
3695.000 23.605
3700.000 34.176
3705.000 34.289
3710.000 19.901
3715.000 8.576
3720.000 6.326
3725.000 4.941
3730.000 3.910
3735.000 2.210
3740.000 2.279
3745.000 1.421
3750.000 1.516
3755.000 1.364
3760.000 1.207
3765.000 0.845
3770.000 0.933
3775.000 0.210
3780.000 0.649
3785.000 0.724
3790.000 0.635
3795.000 0.560
3800.000 0.237
3805.000 0.312
3810.000 0.463
3815.000 0.292
3820.000 0.219
3825.000 0.320
3830.000 0.408
3835.000 0.308
3840.000 0.364
3845.000 0.378
3850.000 0.412
3855.000 0.399
3860.000 0.321
3865.000 0.370
3870.000 0.365
3875.000 0.389
3880.000 0.349
3885.000 0.385
3890.000 0.366
3895.000 0.412
3900.000 0.346
3905.000 0.359
3910.000 0.364
3915.000 0.377
3920.000 0.385
3925.000 0.373
3930.000 0.401
3935.000 0.403
3940.000 0.408
3945.000 0.346
3950.000 0.349
3955.000 0.330
3960.000 0.349
3965.000 0.366
3970.000 0.373
3975.000 0.353
3980.000 0.393
3985.000 0.360
3990.000 0.372
3995.000 0.352
4000.000 0.372
4005.000 0.368
4010.000 0.403
4015.000 0.386
4020.000 0.413
4025.000 0.442
4030.000 0.404
4035.000 0.388
4040.000 0.387
4045.000 0.417
4050.000 0.418
4055.000 0.414
4060.000 0.429
4065.000 0.440
4070.000 0.421
4075.000 0.413
4080.000 0.435
4085.000 0.437
4090.000 0.439
4095.000 0.432
4100.000 0.431
4105.000 0.449
4110.000 0.447
4115.000 0.452
4120.000 0.437
4125.000 0.452
4130.000 0.459
4135.000 0.456
4140.000 0.456
4145.000 0.456
4150.000 0.463
4155.000 0.472
4160.000 0.469
4165.000 0.458
4170.000 0.468
4175.000 0.475
4180.000 0.484
4185.000 0.487
4190.000 0.497
4195.000 0.499
4200.000 0.503
4205.000 0.503
4210.000 0.505
4215.000 0.507
4220.000 0.514
4225.000 0.525
4230.000 0.509
4235.000 0.514
4240.000 0.513
4245.000 0.519
4250.000 0.547
4255.000 0.540
4260.000 0.538
4265.000 0.551
4270.000 0.546
4275.000 0.564
4280.000 0.561
4285.000 0.555
4290.000 0.555
4295.000 0.563
4300.000 0.544
4305.000 0.569
4310.000 0.537
4315.000 0.535
4320.000 0.546
4325.000 0.539
4330.000 0.531
4335.000 0.524
4340.000 0.507
4345.000 0.505
4350.000 0.509
4355.000 0.506
4360.000 0.495
4365.000 0.499
4370.000 0.495
4375.000 0.484
4380.000 0.491
4385.000 0.490
4390.000 0.456
4395.000 0.459
4400.000 0.475
4405.000 0.467
4410.000 0.471
4415.000 0.466
4420.000 0.447
4425.000 0.456
4430.000 0.461
4435.000 0.439
4440.000 0.444
4445.000 0.436
4450.000 0.425
4455.000 0.449
4460.000 0.429
4465.000 0.425
4470.000 0.418
4475.000 0.410
4480.000 0.411
4485.000 0.398
4490.000 0.404
4495.000 0.388
4500.000 0.382
4505.000 0.381
4510.000 0.381
4515.000 0.375
4520.000 0.371
4525.000 0.378
4530.000 0.370
4535.000 0.372
4540.000 0.362
4545.000 0.354
4550.000 0.338
4555.000 0.359
4560.000 0.329
4565.000 0.318
4570.000 0.317
4575.000 0.324
4580.000 0.305
4585.000 0.313
4590.000 0.287
4595.000 0.297
4600.000 0.278
4605.000 0.281
4610.000 0.261
4615.000 0.269
4620.000 0.265
4625.000 0.247
4630.000 0.245
4635.000 0.233
4640.000 0.226
4645.000 0.229
4650.000 0.221
4655.000 0.205
4660.000 0.214
4665.000 0.204
4670.000 0.202
4675.000 0.205
4680.000 0.190
4685.000 0.197
4690.000 0.193
4695.000 0.193
4700.000 0.208
4705.000 0.199
4710.000 0.208
4715.000 0.223
4720.000 0.225
4725.000 0.221
4730.000 0.250
4735.000 0.276
4740.000 0.289
4745.000 0.306
4750.000 0.318
4755.000 0.342
4760.000 0.389
4765.000 0.390
4770.000 0.431
4775.000 0.495
4780.000 0.532
4785.000 0.571
4790.000 0.627
4795.000 0.737
4800.000 0.769
4805.000 0.830
4810.000 0.975
4815.000 1.064
4820.000 1.200
4825.000 1.309
4830.000 1.523
4835.000 1.606
4840.000 1.706
4845.000 1.834
4850.000 2.160
4855.000 2.338
4860.000 2.513
4865.000 2.961
4870.000 3.185
4875.000 3.441
4880.000 3.795
4885.000 4.485
4890.000 4.953
4895.000 5.400
4900.000 6.655
4905.000 7.387
4910.000 8.222
4915.000 9.119
4920.000 11.466
4925.000 12.933
4930.000 14.611
4935.000 16.644
4940.000 21.638
4945.000 24.748
4950.000 28.549
4955.000 38.340
4960.000 43.462
4965.000 44.693
4970.000 28.706
4975.000 52.790
4980.000 48.212
4985.000 56.920
4990.000 45.580
4995.000 33.122
5000.000 29.859
5005.000 24.390
5010.000 18.793
5015.000 16.593
5020.000 14.742
5025.000 12.233
5030.000 11.233
5035.000 10.389
5040.000 9.590
5045.000 8.323
5050.000 7.819
5055.000 7.360
5060.000 6.981
5065.000 6.346
5070.000 6.053
5075.000 5.810
5080.000 5.371
5085.000 5.193
5090.000 5.026
5095.000 4.874
5100.000 4.595
5105.000 4.491
5110.000 4.389
5115.000 4.191
5120.000 4.128
5125.000 4.037
5130.000 3.973
5135.000 3.860
5140.000 3.801
5145.000 3.785
5150.000 3.700
5155.000 3.664
5160.000 3.640
5165.000 3.598
5170.000 3.552
5175.000 3.521
5180.000 3.505
5185.000 3.482
5190.000 3.457
5195.000 3.447
5200.000 3.406
5205.000 3.397
5210.000 3.373
5215.000 3.352
5220.000 3.356
5225.000 3.332
5230.000 3.335
5235.000 3.314
5240.000 3.315
5245.000 3.276
5250.000 3.273
5255.000 3.256
5260.000 3.256
5265.000 3.254
5270.000 3.244
5275.000 3.219
5280.000 3.237
5285.000 3.246
5290.000 3.228
5295.000 3.205
5300.000 3.211
5305.000 3.183
5310.000 3.193
5315.000 3.181
5320.000 3.181
5325.000 3.166
5330.000 3.146
5335.000 3.133
5340.000 3.111
5345.000 3.118
5350.000 3.120
5355.000 3.106
5360.000 3.111
5365.000 3.104
5370.000 3.103
5375.000 3.087
5380.000 3.064
5385.000 3.051
5390.000 3.059
5395.000 3.050
5400.000 3.050
5405.000 3.030
5410.000 3.024
5415.000 3.015
5420.000 2.995
5425.000 2.981
5430.000 2.996
5435.000 2.991
5440.000 2.982
5445.000 2.994
5450.000 2.972
5455.000 2.954
5460.000 2.947
5465.000 2.931
5470.000 2.934
5475.000 2.933
5480.000 2.915
5485.000 2.911
5490.000 2.898
5495.000 2.879
5500.000 2.869
5505.000 2.863
5510.000 2.853
5515.000 2.849
5520.000 2.850
5525.000 2.857
5530.000 2.828
5535.000 2.811
5540.000 2.805
5545.000 2.814
5550.000 2.806
5555.000 2.801
5560.000 2.776
5565.000 2.800
5570.000 2.797
5575.000 2.780
5580.000 2.788
5585.000 2.766
5590.000 2.764
5595.000 2.761
5600.000 2.758
5605.000 2.764
5610.000 2.752
5615.000 2.749
5620.000 2.741
5625.000 2.746
5630.000 2.730
5635.000 2.735
5640.000 2.743
5645.000 2.736
5650.000 2.737
5655.000 2.742
5660.000 2.741
5665.000 2.732
5670.000 2.737
5675.000 2.737
5680.000 2.748
5685.000 2.738
5690.000 2.750
5695.000 2.768
5700.000 2.753
5705.000 2.751
5710.000 2.766
5715.000 2.766
5720.000 2.765
5725.000 2.786
5730.000 2.786
5735.000 2.798
5740.000 2.809
5745.000 2.820
5750.000 2.842
5755.000 2.827
5760.000 2.847
5765.000 2.866
5770.000 2.858
5775.000 2.878
5780.000 2.890
5785.000 2.896
5790.000 2.926
5795.000 2.917
5800.000 2.951
5805.000 2.973
5810.000 2.976
5815.000 3.000
5820.000 3.024
5825.000 3.045
5830.000 3.065
5835.000 3.096
5840.000 3.107
5845.000 3.143
5850.000 3.157
5855.000 3.194
5860.000 3.219
5865.000 3.243
5870.000 3.295
5875.000 3.329
5880.000 3.340
5885.000 3.378
5890.000 3.426
5895.000 3.437
5900.000 3.493
5905.000 3.533
5910.000 3.562
5915.000 3.594
5920.000 3.635
5925.000 3.707
5930.000 3.735
5935.000 3.773
5940.000 3.860
5945.000 3.899
5950.000 3.945
5955.000 3.971
5960.000 4.011
5965.000 4.043
5970.000 4.057
5975.000 4.081
5980.000 4.170
5985.000 4.164
5990.000 4.221
5995.000 4.240
6000.000 4.332
6005.000 4.368
6010.000 4.423
6015.000 4.488
6020.000 4.529
6025.000 4.612
6030.000 4.662
6035.000 4.740
6040.000 4.782
6045.000 4.869
6050.000 4.932
6055.000 5.019
6060.000 5.101
6065.000 5.168
6070.000 5.327
6075.000 5.426
6080.000 5.484
6085.000 5.652
6090.000 5.783
6095.000 5.891
6100.000 6.023
6105.000 6.288
6110.000 6.412
6115.000 6.597
6120.000 6.946
6125.000 7.154
6130.000 7.359
6135.000 7.599
6140.000 8.195
6145.000 8.519
6150.000 8.899
6155.000 9.386
6160.000 10.606
6165.000 11.417
6170.000 12.408
6175.000 15.189
6180.000 17.115
6185.000 19.589
6190.000 22.703
6195.000 31.703
6200.000 37.194
6205.000 42.452
6210.000 52.120
6215.000 56.268
6220.000 58.768
6225.000 59.158
6230.000 40.440
6235.000 23.169
6240.000 13.021
6245.000 9.868
6250.000 8.752
6255.000 7.897
6260.000 7.234
6265.000 6.234
6270.000 5.839
6275.000 5.491
6280.000 5.163
6285.000 4.550
6290.000 4.280
6295.000 4.006
6300.000 3.499
6305.000 3.270
6310.000 3.067
6315.000 2.889
6320.000 2.561
6325.000 2.411
6330.000 2.252
6335.000 2.153
6340.000 1.931
6345.000 1.849
6350.000 1.755
6355.000 1.586
6360.000 1.500
6365.000 1.429
6370.000 1.373
6375.000 1.264
6380.000 1.207
6385.000 1.155
6390.000 1.080
6395.000 1.036
6400.000 1.013
6405.000 0.956
6410.000 0.907
6415.000 0.890
6420.000 0.866
6425.000 0.842
6430.000 0.797
6435.000 0.796
6440.000 0.788
6445.000 0.773
6450.000 0.770
6455.000 0.782
6460.000 0.789
6465.000 0.796
6470.000 0.829
6475.000 0.852
6480.000 0.903
6485.000 0.940
6490.000 0.980
6495.000 1.038
6500.000 1.168
6505.000 1.265
6510.000 1.365
6515.000 1.635
6520.000 1.809
6525.000 2.053
6530.000 2.350
6535.000 3.337
6540.000 4.258
6545.000 6.011
6550.000 10.176
6555.000 32.656
6560.000 43.443
6565.000 47.973
6570.000 5.674
6575.000 9.363
6580.000 9.635
6585.000 8.316
6590.000 5.086
6595.000 4.126
6600.000 3.181
6605.000 2.632
6610.000 2.442
6615.000 2.256
6620.000 2.084
6625.000 1.841
6630.000 1.711
6635.000 1.634
6640.000 1.492
6645.000 1.437
6650.000 1.368
6655.000 1.329
6660.000 1.255
6665.000 1.221
6670.000 1.188
6675.000 1.170
6680.000 1.113
6685.000 1.102
6690.000 1.082
6695.000 1.051
6700.000 1.044
6705.000 1.028
6710.000 1.005
6715.000 0.991
6720.000 0.965
6725.000 0.963
6730.000 0.953
6735.000 0.956
6740.000 0.947
6745.000 0.937
6750.000 0.941
6755.000 0.924
6760.000 0.914
6765.000 0.919
6770.000 0.909
6775.000 0.910
6780.000 0.911
6785.000 0.901
6790.000 0.896
6795.000 0.894
6800.000 0.897
6805.000 0.891
6810.000 0.896
6815.000 0.895
6820.000 0.875
6825.000 0.889
6830.000 0.886
6835.000 0.878
6840.000 0.887
6845.000 0.880
6850.000 0.876
6855.000 0.887
6860.000 0.875
6865.000 0.887
6870.000 0.878
6875.000 0.877
6880.000 0.886
6885.000 0.878
6890.000 0.893
6895.000 0.889
6900.000 0.886
6905.000 0.878
6910.000 0.881
6915.000 0.873
6920.000 0.887
6925.000 0.882
6930.000 0.883
6935.000 0.886
6940.000 0.870
6945.000 0.872
6950.000 0.879
6955.000 0.895
6960.000 0.879
6965.000 0.883
6970.000 0.891
6975.000 0.888
6980.000 0.894
6985.000 0.893
6990.000 0.902
6995.000 0.895
7000.000 0.900
7005.000 0.899
7010.000 0.879
7015.000 0.891
7020.000 0.889
7025.000 0.900
7030.000 0.884
7035.000 0.907
7040.000 0.903
7045.000 0.888
7050.000 0.897
7055.000 0.897
7060.000 0.905
7065.000 0.903
7070.000 0.909
7075.000 0.915
7080.000 0.901
7085.000 0.914
7090.000 0.898
7095.000 0.907
7100.000 0.924
7105.000 0.898
7110.000 0.917
7115.000 0.914
7120.000 0.914
7125.000 0.918
7130.000 0.912
7135.000 0.921
7140.000 0.926
7145.000 0.937
7150.000 0.935
7155.000 0.922
7160.000 0.924
7165.000 0.932
7170.000 0.923
7175.000 0.930
7180.000 0.931
7185.000 0.940
7190.000 0.931
7195.000 0.941
7200.000 0.942
7205.000 0.943
7210.000 0.931
7215.000 0.947
7220.000 0.950
7225.000 0.951
7230.000 0.973
7235.000 0.959
7240.000 0.959
7245.000 0.962
7250.000 0.970
7255.000 0.967
7260.000 0.983
7265.000 0.982
7270.000 0.999
7275.000 0.989
7280.000 1.001
7285.000 1.007
7290.000 1.003
7295.000 1.008
7300.000 1.026
7305.000 1.029
7310.000 1.052
7315.000 1.056
7320.000 1.067
7325.000 1.087
7330.000 1.091
7335.000 1.116
7340.000 1.134
7345.000 1.175
7350.000 1.204
7355.000 1.217
7360.000 1.302
7365.000 1.352
7370.000 1.412
7375.000 1.479
7380.000 1.675
7385.000 1.827
7390.000 1.994
7395.000 2.521
7400.000 2.963
7405.000 3.576
7410.000 4.536
7415.000 8.014
7420.000 10.735
7425.000 13.787
7430.000 18.687
7435.000 19.311
7440.000 18.042
7445.000 14.858
7450.000 9.059
7455.000 5.892
7460.000 5.044
7465.000 5.315
7470.000 3.499
7475.000 2.993
7480.000 2.733
7485.000 2.361
7490.000 2.238
7495.000 2.107
7500.000 2.010
7505.000 1.832
7510.000 1.764
7515.000 1.723
7520.000 1.665
7525.000 1.582
7530.000 1.543
7535.000 1.499
7540.000 1.442
7545.000 1.416
7550.000 1.403
7555.000 1.380
7560.000 1.351
7565.000 1.332
7570.000 1.324
7575.000 1.290
7580.000 1.295
7585.000 1.281
7590.000 1.278
7595.000 1.260
7600.000 1.241
7605.000 1.241
7610.000 1.255
7615.000 1.248
7620.000 1.221
7625.000 1.226
7630.000 1.216
7635.000 1.229
7640.000 1.218
7645.000 1.214
7650.000 1.208
7655.000 1.227
7660.000 1.224
7665.000 1.215
7670.000 1.206
7675.000 1.208
7680.000 1.215
7685.000 1.204
7690.000 1.216
7695.000 1.203
7700.000 1.217
7705.000 1.210
7710.000 1.215
7715.000 1.218
7720.000 1.223
7725.000 1.225
7730.000 1.220
7735.000 1.233
7740.000 1.228
7745.000 1.227
7750.000 1.218
7755.000 1.247
7760.000 1.242
7765.000 1.237
7770.000 1.238
7775.000 1.249
7780.000 1.249
7785.000 1.243
7790.000 1.248
7795.000 1.259
7800.000 1.274
7805.000 1.245
7810.000 1.257
7815.000 1.271
7820.000 1.263
7825.000 1.258
7830.000 1.276
7835.000 1.276
7840.000 1.283
7845.000 1.283
7850.000 1.286
7855.000 1.297
7860.000 1.313
7865.000 1.292
7870.000 1.284
7875.000 1.289
7880.000 1.282
7885.000 1.278
7890.000 1.292
7895.000 1.290
7900.000 1.303
7905.000 1.297
7910.000 1.303
7915.000 1.294
7920.000 1.290
7925.000 1.292
7930.000 1.310
7935.000 1.301
7940.000 1.292
7945.000 1.285
7950.000 1.268
7955.000 1.266
7960.000 1.274
7965.000 1.264
7970.000 1.234
7975.000 1.220
7980.000 1.220
7985.000 1.222
7990.000 1.180
7995.000 1.164
8000.000 1.131
8005.000 1.078
8010.000 1.035
8015.000 0.977
8020.000 0.948
8025.000 1.111
8030.000 1.784
8035.000 3.861
8040.000 8.711
8045.000 17.242
8050.000 9.866
8055.000 6.112
8060.000 7.342
8065.000 3.803
8070.000 2.826
8075.000 3.053
8080.000 3.126
8085.000 2.858
8090.000 2.732
8095.000 2.472
8100.000 2.394
8105.000 2.309
8110.000 2.239
8115.000 2.129
8120.000 2.074
8125.000 2.061
8130.000 2.020
8135.000 2.033
8140.000 2.026
8145.000 2.047
8150.000 2.058
8155.000 2.067
8160.000 2.079
8165.000 2.073
8170.000 2.093
8175.000 2.122
8180.000 2.112
8185.000 2.144
8190.000 2.169
8195.000 2.193
8200.000 2.214
8205.000 2.239
8210.000 2.272
8215.000 2.253
8220.000 2.291
8225.000 2.318
8230.000 2.354
8235.000 2.350
8240.000 2.394
8245.000 2.426
8250.000 2.433
8255.000 2.459
8260.000 2.466
8265.000 2.469
8270.000 2.509
8275.000 2.573
8280.000 2.594
8285.000 2.603
8290.000 2.642
8295.000 2.676
8300.000 2.716
8305.000 2.706
8310.000 2.727
8315.000 2.787
8320.000 2.818
8325.000 2.858
8330.000 2.904
8335.000 2.968
8340.000 2.990
8345.000 3.013
8350.000 3.101
8355.000 3.133
8360.000 3.186
8365.000 3.273
8370.000 3.306
8375.000 3.351
8380.000 3.399
8385.000 3.491
8390.000 3.543
8395.000 3.611
8400.000 3.744
8405.000 3.798
8410.000 3.866
8415.000 3.954
8420.000 4.119
8425.000 4.201
8430.000 4.308
8435.000 4.399
8440.000 4.636
8445.000 4.714
8450.000 4.869
8455.000 5.149
8460.000 5.318
8465.000 5.506
8470.000 5.704
8475.000 6.186
8480.000 6.514
8485.000 6.928
8490.000 8.138
8495.000 9.044
8500.000 10.305
8505.000 12.144
8510.000 19.263
8515.000 25.046
8520.000 31.263
8525.000 32.276
8530.000 15.303
8535.000 12.636
8540.000 2.375
8545.000 8.120
8550.000 7.733
8555.000 8.073
8560.000 8.463
8565.000 10.809
8570.000 12.592
8575.000 14.787
8580.000 17.053
8585.000 22.077
8590.000 24.858
8595.000 27.975
8600.000 34.964
8605.000 38.426
8610.000 41.914
8615.000 45.028
8620.000 49.461
8625.000 50.002
8630.000 48.704
8635.000 39.331
8640.000 33.943
8645.000 28.875
8650.000 24.305
8655.000 17.640
8660.000 15.223
8665.000 12.842
8670.000 8.637
8675.000 8.349
8680.000 8.160
8685.000 7.851
8690.000 7.198
8695.000 6.866
8700.000 6.570
8705.000 6.296
8710.000 5.826
8715.000 5.615
8720.000 5.368
8725.000 4.952
8730.000 4.743
8735.000 4.571
8740.000 4.414
8745.000 4.117
8750.000 3.967
8755.000 3.857
8760.000 3.625
8765.000 3.541
8770.000 3.435
8775.000 3.348
8780.000 3.180
8785.000 3.113
8790.000 3.045
8795.000 2.921
8800.000 2.849
8805.000 2.800
8810.000 2.740
8815.000 2.653
8820.000 2.595
8825.000 2.565
8830.000 2.470
8835.000 2.434
8840.000 2.404
8845.000 2.363
8850.000 2.279
8855.000 2.276
8860.000 2.233
8865.000 2.196
8870.000 2.135
8875.000 2.123
8880.000 2.100
8885.000 2.046
8890.000 2.028
8895.000 1.996
8900.000 1.970
8905.000 1.928
8910.000 1.904
8915.000 1.869
8920.000 1.849
8925.000 1.815
8930.000 1.789
8935.000 1.779
8940.000 1.742
8945.000 1.732
8950.000 1.712
8955.000 1.701
8960.000 1.670
8965.000 1.644
8970.000 1.644
8975.000 1.607
8980.000 1.580
8985.000 1.578
8990.000 1.553
8995.000 1.529
9000.000 1.519
9005.000 1.510
9010.000 1.494
9015.000 1.486
9020.000 1.451
9025.000 1.454
9030.000 1.433
9035.000 1.422
9040.000 1.409
9045.000 1.412
9050.000 1.385
9055.000 1.387
9060.000 1.358
9065.000 1.360
9070.000 1.354
9075.000 1.356
9080.000 1.329
9085.000 1.309
9090.000 1.306
9095.000 1.301
9100.000 1.286
9105.000 1.264
9110.000 1.273
9115.000 1.257
9120.000 1.241
9125.000 1.237
9130.000 1.229
9135.000 1.219
9140.000 1.211
9145.000 1.204
9150.000 1.211
9155.000 1.188
9160.000 1.179
9165.000 1.179
9170.000 1.177
9175.000 1.162
9180.000 1.157
9185.000 1.148
9190.000 1.131
9195.000 1.117
9200.000 1.122
9205.000 1.121
9210.000 1.110
9215.000 1.104
9220.000 1.088
9225.000 1.091
9230.000 1.070
9235.000 1.062
9240.000 1.077
9245.000 1.055
9250.000 1.045
9255.000 1.041
9260.000 1.038
9265.000 1.024
9270.000 1.019
9275.000 1.018
9280.000 1.009
9285.000 0.996
9290.000 0.994
9295.000 0.989
9300.000 0.987
9305.000 0.965
9310.000 0.959
9315.000 0.958
9320.000 0.954
9325.000 0.957
9330.000 0.959
9335.000 0.950
9340.000 0.944
9345.000 0.942
9350.000 0.952
9355.000 0.950
9360.000 0.953
9365.000 0.965
9370.000 1.008
9375.000 1.027
9380.000 1.059
9385.000 1.095
9390.000 1.206
9395.000 1.254
9400.000 1.351
9405.000 1.467
9410.000 1.763
9415.000 2.024
9420.000 2.320
9425.000 3.405
9430.000 4.454
9435.000 6.160
9440.000 8.808
9445.000 17.352
9450.000 22.776
9455.000 28.646
9460.000 37.011
9465.000 31.693
9470.000 18.750
9475.000 21.213
9480.000 12.692
9485.000 12.103
9490.000 9.429
9495.000 7.637
9500.000 6.864
9505.000 6.229
9510.000 5.730
9515.000 4.979
9520.000 4.653
9525.000 4.420
9530.000 4.189
9535.000 3.850
9540.000 3.695
9545.000 3.563
9550.000 3.382
9555.000 3.292
9560.000 3.244
9565.000 3.195
9570.000 3.095
9575.000 3.066
9580.000 3.051
9585.000 3.029
9590.000 3.045
9595.000 3.073
9600.000 3.080
9605.000 3.147
9610.000 3.176
9615.000 3.189
9620.000 3.280
9625.000 3.328
9630.000 3.382
9635.000 3.444
9640.000 3.579
9645.000 3.666
9650.000 3.734
9655.000 3.850
9660.000 4.075
9665.000 4.167
9670.000 4.257
9675.000 4.346
9680.000 4.563
9685.000 4.704
9690.000 4.794
9695.000 5.069
9700.000 5.243
9705.000 5.403
9710.000 5.627
9715.000 6.087
9720.000 6.363
9725.000 6.701
9730.000 7.506
9735.000 8.011
9740.000 8.605
9745.000 9.332
9750.000 11.198
9755.000 12.436
9760.000 13.935
9765.000 17.873
9770.000 20.414
9775.000 23.187
9780.000 26.355
9785.000 32.747
9790.000 35.234
9795.000 36.713
9800.000 36.798
9805.000 30.919
9810.000 26.056
9815.000 21.841
9820.000 15.687
9825.000 13.490
9830.000 11.752
9835.000 10.301
9840.000 8.159
9845.000 7.428
9850.000 6.919
9855.000 5.783
9860.000 5.008
9865.000 4.492
9870.000 4.289
9875.000 4.093
9880.000 3.959
9885.000 3.845
9890.000 3.586
9895.000 3.467
9900.000 3.345
9905.000 3.222
9910.000 3.000
9915.000 2.889
9920.000 2.792
9925.000 2.704
9930.000 2.545
9935.000 2.465
9940.000 2.389
9945.000 2.274
9950.000 2.212
9955.000 2.154
9960.000 2.107
9965.000 2.009
9970.000 1.959
9975.000 1.926
9980.000 1.854
9985.000 1.810
9990.000 1.776
9995.000 1.724
10000.000 1.664
