105.000 0.073
110.000 0.164
115.000 0.514
120.000 0.649
125.000 0.811
130.000 1.048
135.000 0.976
140.000 1.049
145.000 1.238
150.000 0.896
155.000 0.816
160.000 0.748
165.000 0.659
170.000 0.780
175.000 0.711
180.000 0.548
185.000 0.627
190.000 0.556
195.000 0.585
200.000 0.464
205.000 0.579
210.000 0.456
215.000 0.519
220.000 0.366
225.000 0.275
230.000 0.331
235.000 0.301
240.000 0.277
245.000 0.195
250.000 0.219
255.000 0.161
260.000 0.178
265.000 0.093
270.000 0.158
275.000 0.133
280.000 0.157
285.000 0.195
290.000 0.333
295.000 0.264
300.000 0.391
305.000 0.412
310.000 0.501
315.000 0.434
320.000 0.463
325.000 0.758
330.000 0.877
335.000 0.973
340.000 1.014
345.000 1.326
350.000 1.607
355.000 1.622
360.000 1.734
365.000 2.062
370.000 2.356
375.000 2.406
380.000 2.994
385.000 3.282
390.000 3.677
395.000 4.013
400.000 4.800
405.000 5.009
410.000 5.161
415.000 5.817
420.000 6.120
425.000 6.512
430.000 6.548
435.000 6.688
440.000 6.555
445.000 6.749
450.000 6.573
455.000 6.341
460.000 6.381
465.000 5.984
470.000 5.709
475.000 5.558
480.000 5.418
485.000 5.216
490.000 4.714
495.000 4.452
500.000 4.503
505.000 3.941
510.000 3.737
515.000 3.492
520.000 3.299
525.000 3.130
530.000 2.900
535.000 2.703
540.000 2.417
545.000 2.403
550.000 2.222
555.000 2.176
560.000 2.023
565.000 1.931
570.000 1.971
575.000 1.875
580.000 1.767
585.000 1.741
590.000 1.786
595.000 1.662
600.000 1.791
605.000 1.736
610.000 1.687
615.000 1.660
620.000 1.690
625.000 1.744
630.000 1.761
635.000 1.717
640.000 1.615
645.000 1.653
650.000 1.556
655.000 1.643
660.000 1.573
665.000 1.562
670.000 1.571
675.000 1.562
680.000 1.523
685.000 1.523
690.000 1.693
695.000 1.565
700.000 1.561
705.000 1.562
710.000 3.767
715.000 4.681
720.000 2.933
725.000 5.542
730.000 2.346
735.000 2.383
740.000 2.144
745.000 1.943
750.000 1.806
755.000 1.691
760.000 1.554
765.000 1.507
770.000 1.430
775.000 1.255
780.000 1.217
785.000 1.220
790.000 1.164
795.000 1.141
800.000 1.138
805.000 1.106
810.000 1.086
815.000 1.074
820.000 1.014
825.000 1.055
830.000 1.091
835.000 0.983
840.000 1.081
845.000 1.054
850.000 1.000
855.000 1.003
860.000 1.000
865.000 0.988
870.000 0.961
875.000 0.935
880.000 0.969
885.000 0.964
890.000 1.005
895.000 1.024
900.000 1.055
905.000 0.976
910.000 0.988
915.000 0.984
920.000 0.981
925.000 0.935
930.000 0.927
935.000 0.985
940.000 0.993
945.000 0.971
950.000 0.951
955.000 0.962
960.000 0.978
965.000 1.010
970.000 0.945
975.000 0.996
980.000 0.983
985.000 0.964
990.000 0.978
995.000 0.923
1000.000 0.974
1005.000 0.976
1010.000 0.929
1015.000 0.923
1020.000 1.007
1025.000 0.943
1030.000 0.984
1035.000 0.932
1040.000 0.946
1045.000 0.903
1050.000 0.939
1055.000 0.967
1060.000 0.953
1065.000 0.973
1070.000 0.926
1075.000 0.879
1080.000 0.891
1085.000 0.917
1090.000 0.926
1095.000 0.916
1100.000 0.895
1105.000 0.949
1110.000 0.902
1115.000 0.894
1120.000 0.912
1125.000 0.919
1130.000 0.922
1135.000 0.921
1140.000 0.921
1145.000 0.897
1150.000 0.898
1155.000 0.886
1160.000 0.896
1165.000 0.872
1170.000 0.870
1175.000 0.915
1180.000 0.887
1185.000 0.903
1190.000 0.879
1195.000 0.880
1200.000 0.868
1205.000 0.887
1210.000 0.903
1215.000 0.845
1220.000 0.881
1225.000 0.853
1230.000 0.892
1235.000 0.911
1240.000 0.874
1245.000 0.880
1250.000 0.857
1255.000 0.870
1260.000 0.848
1265.000 0.861
1270.000 0.887
1275.000 0.859
1280.000 0.843
1285.000 0.840
1290.000 0.862
1295.000 0.845
1300.000 0.866
1305.000 0.872
1310.000 0.851
1315.000 0.839
1320.000 0.855
1325.000 0.850
1330.000 0.825
1335.000 0.853
1340.000 0.824
1345.000 0.831
1350.000 0.831
1355.000 0.811
1360.000 0.836
1365.000 0.872
1370.000 0.835
1375.000 0.851
1380.000 0.854
1385.000 0.863
1390.000 0.851
1395.000 0.852
1400.000 0.868
1405.000 0.853
1410.000 0.827
1415.000 0.836
1420.000 0.827
1425.000 0.839
1430.000 0.835
1435.000 0.871
1440.000 0.870
1445.000 0.895
1450.000 0.851
1455.000 0.866
1460.000 0.825
1465.000 0.837
1470.000 0.816
1475.000 0.853
1480.000 0.830
1485.000 0.849
1490.000 0.827
1495.000 0.791
1500.000 0.817
1505.000 0.785
1510.000 0.751
1515.000 0.770
1520.000 0.766
1525.000 0.781
1530.000 0.785
1535.000 0.764
1540.000 0.763
1545.000 0.746
1550.000 0.721
1555.000 0.742
1560.000 0.749
1565.000 0.699
1570.000 0.762
1575.000 0.724
1580.000 0.747
1585.000 0.736
1590.000 0.707
1595.000 0.761
1600.000 0.739
1605.000 0.704
1610.000 0.708
1615.000 0.754
1620.000 0.782
1625.000 0.762
1630.000 0.719
1635.000 0.727
1640.000 0.737
1645.000 0.757
1650.000 0.728
1655.000 0.730
1660.000 0.739
1665.000 0.762
1670.000 0.775
1675.000 0.759
1680.000 0.772
1685.000 0.775
1690.000 0.823
1695.000 0.854
1700.000 0.798
1705.000 0.860
1710.000 0.845
1715.000 0.883
1720.000 0.913
1725.000 0.944
1730.000 0.977
1735.000 0.987
1740.000 1.001
1745.000 1.041
1750.000 1.021
1755.000 1.047
1760.000 1.120
1765.000 1.168
1770.000 1.184
1775.000 1.228
1780.000 1.297
1785.000 1.341
1790.000 1.375
1795.000 1.414
1800.000 1.508
1805.000 1.515
1810.000 1.608
1815.000 1.653
1820.000 1.694
1825.000 1.778
1830.000 1.802
1835.000 1.889
1840.000 1.926
1845.000 1.959
1850.000 2.048
1855.000 2.148
1860.000 2.149
1865.000 2.198
1870.000 2.299
1875.000 2.341
1880.000 2.346
1885.000 2.428
1890.000 2.471
1895.000 2.540
1900.000 2.504
1905.000 2.536
1910.000 2.709
1915.000 2.650
1920.000 2.608
1925.000 2.676
1930.000 2.608
1935.000 2.638
1940.000 2.645
1945.000 2.713
1950.000 2.756
1955.000 2.683
1960.000 2.731
1965.000 2.723
1970.000 2.658
1975.000 2.736
1980.000 2.739
1985.000 2.674
1990.000 2.684
1995.000 2.778
2000.000 2.793
2005.000 2.721
2010.000 2.702
2015.000 2.684
2020.000 2.697
2025.000 2.704
2030.000 2.748
2035.000 2.708
2040.000 2.748
2045.000 2.720
2050.000 2.786
2055.000 2.782
2060.000 2.805
2065.000 2.752
2070.000 2.735
2075.000 2.744
2080.000 2.770
2085.000 2.783
2090.000 2.868
2095.000 2.813
2100.000 2.849
2105.000 2.842
2110.000 2.822
2115.000 2.829
2120.000 2.863
2125.000 2.876
2130.000 2.898
2135.000 2.878
2140.000 2.933
2145.000 2.994
2150.000 2.963
2155.000 3.015
2160.000 3.055
2165.000 3.033
2170.000 3.094
2175.000 3.139
2180.000 3.202
2185.000 3.179
2190.000 3.308
2195.000 3.362
2200.000 3.372
2205.000 3.456
2210.000 3.539
2215.000 3.620
2220.000 3.662
2225.000 3.773
2230.000 4.013
2235.000 4.050
2240.000 4.154
2245.000 4.283
2250.000 4.690
2255.000 4.857
2260.000 5.051
2265.000 5.727
2270.000 6.208
2275.000 6.892
2280.000 7.720
2285.000 10.377
2290.000 12.399
2295.000 15.423
2300.000 23.129
2305.000 29.902
2310.000 40.002
2315.000 48.642
2320.000 22.739
2325.000 16.094
2330.000 11.005
2335.000 6.112
2340.000 5.027
2345.000 4.256
2350.000 3.513
2355.000 2.490
2360.000 2.153
2365.000 1.834
2370.000 1.633
2375.000 1.274
2380.000 1.186
2385.000 1.092
2390.000 0.920
2395.000 0.850
2400.000 0.801
2405.000 0.802
2410.000 0.748
2415.000 0.696
2420.000 0.695
2425.000 0.711
2430.000 0.701
2435.000 0.717
2440.000 0.678
2445.000 0.701
2450.000 0.689
2455.000 0.705
2460.000 0.722
2465.000 0.738
2470.000 0.731
2475.000 0.743
2480.000 0.753
2485.000 0.760
2490.000 0.764
2495.000 0.769
2500.000 0.759
2505.000 0.811
2510.000 0.777
2515.000 0.825
2520.000 0.823
2525.000 0.827
2530.000 0.810
2535.000 0.833
2540.000 0.874
2545.000 0.864
2550.000 0.848
2555.000 0.849
2560.000 0.875
2565.000 0.875
2570.000 0.872
2575.000 0.880
2580.000 0.898
2585.000 0.898
2590.000 0.914
2595.000 0.928
2600.000 0.915
2605.000 0.915
2610.000 0.911
2615.000 0.905
2620.000 0.946
2625.000 0.937
2630.000 0.923
2635.000 0.950
2640.000 0.957
2645.000 0.942
2650.000 0.961
2655.000 0.952
2660.000 0.980
2665.000 0.965
2670.000 0.958
2675.000 0.977
2680.000 0.990
2685.000 0.981
2690.000 0.969
2695.000 0.990
2700.000 0.960
2705.000 0.953
2710.000 0.985
2715.000 0.970
2720.000 0.988
2725.000 0.977
2730.000 0.968
2735.000 0.980
2740.000 0.961
2745.000 0.993
2750.000 0.976
2755.000 0.980
2760.000 0.966
2765.000 0.965
2770.000 0.958
2775.000 0.967
2780.000 0.946
2785.000 0.939
2790.000 0.950
2795.000 0.965
2800.000 0.939
2805.000 0.942
2810.000 0.942
2815.000 0.901
2820.000 0.904
2825.000 0.889
2830.000 0.892
2835.000 0.879
2840.000 0.857
2845.000 0.861
2850.000 0.869
2855.000 0.831
2860.000 0.822
2865.000 0.829
2870.000 0.815
2875.000 0.801
2880.000 0.807
2885.000 0.797
2890.000 0.765
2895.000 0.728
2900.000 0.749
2905.000 0.726
2910.000 0.711
2915.000 0.705
2920.000 0.684
2925.000 0.682
2930.000 0.646
2935.000 0.654
2940.000 0.658
2945.000 0.644
2950.000 0.630
2955.000 0.640
2960.000 0.638
2965.000 0.594
2970.000 0.596
2975.000 0.559
2980.000 0.570
2985.000 0.585
2990.000 0.569
2995.000 0.561
3000.000 0.499
3005.000 0.547
3010.000 0.507
3015.000 0.494
3020.000 0.505
3025.000 0.504
3030.000 0.475
3035.000 0.516
3040.000 0.533
3045.000 0.443
3050.000 0.444
3055.000 0.496
3060.000 0.475
3065.000 0.520
3070.000 0.467
3075.000 0.463
3080.000 0.494
3085.000 0.469
3090.000 0.496
3095.000 0.498
3100.000 0.500
3105.000 0.497
3110.000 0.525
3115.000 0.498
3120.000 0.507
3125.000 0.486
3130.000 0.502
3135.000 0.532
3140.000 0.517
3145.000 0.514
3150.000 0.520
3155.000 0.522
3160.000 0.493
3165.000 0.520
3170.000 0.544
3175.000 0.540
3180.000 0.522
3185.000 0.560
3190.000 0.554
3195.000 0.545
3200.000 0.564
3205.000 0.561
3210.000 0.579
3215.000 0.559
3220.000 0.560
3225.000 0.591
3230.000 0.562
3235.000 0.578
3240.000 0.584
3245.000 0.592
3250.000 0.602
3255.000 0.591
3260.000 0.614
3265.000 0.619
3270.000 0.630
3275.000 0.629
3280.000 0.635
3285.000 0.626
3290.000 0.625
3295.000 0.669
3300.000 0.645
3305.000 0.664
3310.000 0.660
3315.000 0.672
3320.000 0.689
3325.000 0.679
3330.000 0.702
3335.000 0.725
3340.000 0.709
3345.000 0.733
3350.000 0.717
3355.000 0.716
3360.000 0.730
3365.000 0.742
3370.000 0.738
3375.000 0.750
3380.000 0.781
3385.000 0.774
3390.000 0.783
3395.000 0.778
3400.000 0.805
3405.000 0.801
3410.000 0.799
3415.000 0.809
3420.000 0.818
3425.000 0.827
3430.000 0.826
3435.000 0.816
3440.000 0.834
3445.000 0.844
3450.000 0.840
3455.000 0.854
3460.000 0.837
3465.000 0.828
3470.000 0.844
3475.000 0.860
3480.000 0.873
3485.000 0.889
3490.000 0.882
3495.000 0.906
3500.000 0.908
3505.000 0.911
3510.000 0.898
3515.000 0.926
3520.000 0.951
3525.000 0.934
3530.000 0.968
3535.000 0.946
3540.000 0.980
3545.000 0.985
3550.000 0.956
3555.000 0.999
3560.000 1.004
3565.000 1.043
3570.000 1.048
3575.000 1.061
3580.000 1.054
3585.000 1.067
3590.000 1.079
3595.000 1.118
3600.000 1.161
3605.000 1.179
3610.000 1.238
3615.000 1.248
3620.000 1.257
3625.000 1.306
3630.000 1.385
3635.000 1.423
3640.000 1.455
3645.000 1.523
3650.000 1.608
3655.000 1.663
3660.000 1.713
3665.000 1.965
3670.000 2.114
3675.000 2.348
3680.000 2.880
3685.000 7.721
3690.000 14.181
3695.000 20.126
3700.000 20.106
3705.000 20.405
3710.000 11.325
3715.000 5.991
3720.000 2.910
3725.000 2.374
3730.000 1.714
3735.000 1.030
3740.000 0.940
3745.000 0.436
3750.000 0.279
3755.000 0.332
3760.000 0.548
3765.000 0.436
3770.000 0.410
3775.000 0.548
3780.000 0.559
3785.000 0.586
3790.000 0.323
3795.000 0.385
3800.000 0.504
3805.000 0.543
3810.000 0.249
3815.000 0.291
3820.000 0.266
3825.000 0.633
3830.000 0.350
3835.000 0.583
3840.000 0.599
3845.000 0.467
3850.000 0.546
3855.000 0.617
3860.000 0.538
3865.000 0.532
3870.000 0.607
3875.000 0.591
3880.000 0.579
3885.000 0.604
3890.000 0.577
3895.000 0.573
3900.000 0.538
3905.000 0.536
3910.000 0.545
3915.000 0.562
3920.000 0.571
3925.000 0.564
3930.000 0.576
3935.000 0.578
3940.000 0.584
3945.000 0.537
3950.000 0.547
3955.000 0.534
3960.000 0.523
3965.000 0.541
3970.000 0.549
3975.000 0.526
3980.000 0.572
3985.000 0.542
3990.000 0.522
3995.000 0.529
4000.000 0.548
4005.000 0.574
4010.000 0.585
4015.000 0.542
4020.000 0.568
4025.000 0.551
4030.000 0.522
4035.000 0.588
4040.000 0.608
4045.000 0.572
4050.000 0.592
4055.000 0.610
4060.000 0.602
4065.000 0.561
4070.000 0.608
4075.000 0.593
4080.000 0.580
4085.000 0.577
4090.000 0.591
4095.000 0.619
4100.000 0.588
4105.000 0.616
4110.000 0.607
4115.000 0.615
4120.000 0.626
4125.000 0.600
4130.000 0.622
4135.000 0.626
4140.000 0.605
4145.000 0.613
4150.000 0.630
4155.000 0.626
4160.000 0.635
4165.000 0.649
4170.000 0.629
4175.000 0.647
4180.000 0.648
4185.000 0.667
4190.000 0.657
4195.000 0.681
4200.000 0.651
4205.000 0.669
4210.000 0.669
4215.000 0.677
4220.000 0.694
4225.000 0.685
4230.000 0.690
4235.000 0.715
4240.000 0.708
4245.000 0.702
4250.000 0.727
4255.000 0.712
4260.000 0.714
4265.000 0.746
4270.000 0.714
4275.000 0.761
4280.000 0.736
4285.000 0.760
4290.000 0.761
4295.000 0.740
4300.000 0.742
4305.000 0.739
4310.000 0.757
4315.000 0.733
4320.000 0.717
4325.000 0.714
4330.000 0.729
4335.000 0.719
4340.000 0.703
4345.000 0.704
4350.000 0.676
4355.000 0.682
4360.000 0.689
4365.000 0.671
4370.000 0.677
4375.000 0.680
4380.000 0.666
4385.000 0.648
4390.000 0.648
4395.000 0.652
4400.000 0.639
4405.000 0.651
4410.000 0.640
4415.000 0.635
4420.000 0.626
4425.000 0.622
4430.000 0.616
4435.000 0.613
4440.000 0.599
4445.000 0.604
4450.000 0.615
4455.000 0.591
4460.000 0.597
4465.000 0.588
4470.000 0.572
4475.000 0.587
4480.000 0.579
4485.000 0.568
4490.000 0.553
4495.000 0.540
4500.000 0.554
4505.000 0.556
4510.000 0.558
4515.000 0.537
4520.000 0.535
4525.000 0.543
4530.000 0.517
4535.000 0.495
4540.000 0.503
4545.000 0.504
4550.000 0.480
4555.000 0.484
4560.000 0.483
4565.000 0.473
4570.000 0.472
4575.000 0.464
4580.000 0.433
4585.000 0.439
4590.000 0.430
4595.000 0.429
4600.000 0.413
4605.000 0.391
4610.000 0.396
4615.000 0.380
4620.000 0.396
4625.000 0.387
4630.000 0.365
4635.000 0.329
4640.000 0.350
4645.000 0.321
4650.000 0.303
4655.000 0.307
4660.000 0.294
4665.000 0.292
4670.000 0.277
4675.000 0.272
4680.000 0.253
4685.000 0.240
4690.000 0.244
4695.000 0.236
4700.000 0.207
4705.000 0.208
4710.000 0.198
4715.000 0.186
4720.000 0.211
4725.000 0.231
4730.000 0.230
4735.000 0.240
4740.000 0.268
4745.000 0.262
4750.000 0.281
4755.000 0.322
4760.000 0.362
4765.000 0.398
4770.000 0.411
4775.000 0.437
4780.000 0.496
4785.000 0.542
4790.000 0.561
4795.000 0.662
4800.000 0.702
4805.000 0.762
4810.000 0.798
4815.000 0.929
4820.000 0.980
4825.000 1.051
4830.000 1.136
4835.000 1.362
4840.000 1.457
4845.000 1.554
4850.000 1.825
4855.000 1.946
4860.000 2.120
4865.000 2.325
4870.000 2.782
4875.000 3.039
4880.000 3.345
4885.000 4.042
4890.000 4.439
4895.000 4.880
4900.000 5.392
4905.000 6.724
4910.000 7.464
4915.000 8.428
4920.000 10.648
4925.000 12.102
4930.000 13.727
4935.000 15.665
4940.000 20.577
4945.000 23.667
4950.000 27.342
4955.000 31.871
4960.000 42.329
4965.000 43.683
4970.000 27.711
4975.000 51.002
4980.000 45.764
4985.000 55.629
4990.000 56.638
4995.000 32.892
5000.000 29.392
5005.000 23.950
5010.000 18.403
5015.000 16.270
5020.000 14.403
5025.000 13.074
5030.000 10.914
5035.000 10.095
5040.000 9.305
5045.000 8.085
5050.000 7.601
5055.000 7.162
5060.000 6.751
5065.000 6.145
5070.000 5.868
5075.000 5.626
5080.000 5.437
5085.000 5.040
5090.000 4.873
5095.000 4.744
5100.000 4.483
5105.000 4.386
5110.000 4.268
5115.000 4.169
5120.000 4.024
5125.000 3.961
5130.000 3.893
5135.000 3.825
5140.000 3.733
5145.000 3.701
5150.000 3.673
5155.000 3.616
5160.000 3.581
5165.000 3.535
5170.000 3.529
5175.000 3.500
5180.000 3.470
5185.000 3.470
5190.000 3.427
5195.000 3.397
5200.000 3.390
5205.000 3.379
5210.000 3.351
5215.000 3.330
5220.000 3.323
5225.000 3.322
5230.000 3.299
5235.000 3.293
5240.000 3.260
5245.000 3.279
5250.000 3.273
5255.000 3.278
5260.000 3.249
5265.000 3.241
5270.000 3.242
5275.000 3.224
5280.000 3.212
5285.000 3.222
5290.000 3.211
5295.000 3.207
5300.000 3.197
5305.000 3.204
5310.000 3.188
5315.000 3.183
5320.000 3.199
5325.000 3.171
5330.000 3.174
5335.000 3.181
5340.000 3.159
5345.000 3.161
5350.000 3.146
5355.000 3.153
5360.000 3.136
5365.000 3.122
5370.000 3.124
5375.000 3.115
5380.000 3.116
5385.000 3.116
5390.000 3.107
5395.000 3.089
5400.000 3.104
5405.000 3.090
5410.000 3.086
5415.000 3.088
5420.000 3.077
5425.000 3.071
5430.000 3.063
5435.000 3.049
5440.000 3.043
5445.000 3.035
5450.000 3.027
5455.000 3.028
5460.000 3.015
5465.000 3.010
5470.000 3.004
5475.000 2.999
5480.000 2.988
5485.000 2.981
5490.000 2.973
5495.000 2.978
5500.000 2.979
5505.000 2.967
5510.000 2.965
5515.000 2.951
5520.000 2.931
5525.000 2.929
5530.000 2.929
5535.000 2.916
5540.000 2.920
5545.000 2.937
5550.000 2.906
5555.000 2.910
5560.000 2.898
5565.000 2.906
5570.000 2.912
5575.000 2.884
5580.000 2.893
5585.000 2.892
5590.000 2.899
5595.000 2.892
5600.000 2.907
5605.000 2.873
5610.000 2.881
5615.000 2.889
5620.000 2.887
5625.000 2.888
5630.000 2.899
5635.000 2.902
5640.000 2.892
5645.000 2.880
5650.000 2.889
5655.000 2.887
5660.000 2.904
5665.000 2.913
5670.000 2.937
5675.000 2.935
5680.000 2.931
5685.000 2.928
5690.000 2.949
5695.000 2.955
5700.000 2.939
5705.000 2.951
5710.000 2.959
5715.000 2.978
5720.000 2.988
5725.000 2.997
5730.000 3.021
5735.000 3.025
5740.000 3.031
5745.000 3.062
5750.000 3.063
5755.000 3.068
5760.000 3.098
5765.000 3.125
5770.000 3.134
5775.000 3.158
5780.000 3.191
5785.000 3.216
5790.000 3.222
5795.000 3.241
5800.000 3.274
5805.000 3.283
5810.000 3.305
5815.000 3.323
5820.000 3.381
5825.000 3.410
5830.000 3.415
5835.000 3.469
5840.000 3.506
5845.000 3.539
5850.000 3.563
5855.000 3.632
5860.000 3.657
5865.000 3.682
5870.000 3.727
5875.000 3.795
5880.000 3.816
5885.000 3.868
5890.000 3.899
5895.000 3.910
5900.000 3.927
5905.000 3.979
5910.000 4.016
5915.000 4.038
5920.000 4.045
5925.000 4.084
5930.000 4.124
5935.000 4.147
5940.000 4.162
5945.000 4.251
5950.000 4.276
5955.000 4.286
5960.000 4.323
5965.000 4.391
5970.000 4.407
5975.000 4.432
5980.000 4.527
5985.000 4.581
5990.000 4.591
5995.000 4.651
6000.000 4.750
6005.000 4.811
6010.000 4.822
6015.000 4.927
6020.000 4.994
6025.000 5.015
6030.000 5.065
6035.000 5.247
6040.000 5.324
6045.000 5.383
6050.000 5.478
6055.000 5.595
6060.000 5.691
6065.000 5.750
6070.000 5.945
6075.000 6.094
6080.000 6.170
6085.000 6.274
6090.000 6.543
6095.000 6.724
6100.000 6.875
6105.000 7.218
6110.000 7.408
6115.000 7.625
6120.000 7.792
6125.000 8.328
6130.000 8.618
6135.000 8.948
6140.000 9.663
6145.000 10.129
6150.000 10.699
6155.000 11.308
6160.000 12.981
6165.000 14.056
6170.000 15.342
6175.000 17.004
6180.000 21.736
6185.000 25.063
6190.000 29.311
6195.000 38.955
6200.000 43.830
6205.000 48.702
6210.000 53.493
6215.000 60.921
6220.000 62.547
6225.000 62.067
6230.000 56.401
6235.000 27.895
6240.000 17.915
6245.000 15.703
6250.000 12.419
6255.000 11.166
6260.000 10.159
6265.000 9.296
6270.000 7.924
6275.000 7.331
6280.000 6.797
6285.000 5.881
6290.000 5.501
6295.000 5.127
6300.000 4.795
6305.000 4.207
6310.000 3.958
6315.000 3.714
6320.000 3.516
6325.000 3.130
6330.000 2.964
6335.000 2.811
6340.000 2.557
6345.000 2.436
6350.000 2.321
6355.000 2.216
6360.000 2.035
6365.000 1.941
6370.000 1.862
6375.000 1.707
6380.000 1.644
6385.000 1.582
6390.000 1.523
6395.000 1.394
6400.000 1.348
6405.000 1.301
6410.000 1.210
6415.000 1.161
6420.000 1.123
6425.000 1.075
6430.000 1.005
6435.000 0.976
6440.000 0.942
6445.000 0.912
6450.000 0.855
6455.000 0.842
6460.000 0.822
6465.000 0.793
6470.000 0.776
6475.000 0.779
6480.000 0.779
6485.000 0.804
6490.000 0.835
6495.000 0.888
6500.000 0.988
6505.000 1.079
6510.000 1.171
6515.000 1.302
6520.000 1.652
6525.000 1.894
6530.000 2.208
6535.000 3.250
6540.000 4.168
6545.000 5.892
6550.000 9.815
6555.000 32.634
6560.000 43.151
6565.000 48.398
6570.000 43.280
6575.000 16.477
6580.000 5.941
6585.000 7.222
6590.000 5.439
6595.000 4.783
6600.000 3.715
6605.000 3.548
6610.000 2.958
6615.000 2.710
6620.000 2.535
6625.000 2.354
6630.000 2.112
6635.000 2.009
6640.000 1.923
6645.000 1.761
6650.000 1.712
6655.000 1.653
6660.000 1.592
6665.000 1.513
6670.000 1.473
6675.000 1.443
6680.000 1.378
6685.000 1.348
6690.000 1.321
6695.000 1.302
6700.000 1.260
6705.000 1.251
6710.000 1.227
6715.000 1.221
6720.000 1.183
6725.000 1.180
6730.000 1.177
6735.000 1.152
6740.000 1.152
6745.000 1.132
6750.000 1.130
6755.000 1.103
6760.000 1.108
6765.000 1.100
6770.000 1.080
6775.000 1.085
6780.000 1.077
6785.000 1.067
6790.000 1.053
6795.000 1.063
6800.000 1.048
6805.000 1.041
6810.000 1.041
6815.000 1.025
6820.000 1.029
6825.000 1.015
6830.000 1.018
6835.000 1.007
6840.000 1.014
6845.000 1.013
6850.000 0.996
6855.000 0.997
6860.000 0.991
6865.000 0.985
6870.000 0.985
6875.000 0.975
6880.000 0.982
6885.000 0.994
6890.000 0.976
6895.000 0.972
6900.000 0.972
6905.000 0.979
6910.000 0.963
6915.000 0.970
6920.000 0.967
6925.000 0.958
6930.000 0.966
6935.000 0.959
6940.000 0.969
6945.000 0.964
6950.000 0.965
6955.000 0.964
6960.000 0.956
6965.000 0.960
6970.000 0.959
6975.000 0.953
6980.000 0.961
6985.000 0.957
6990.000 0.951
6995.000 0.951
7000.000 0.968
7005.000 0.970
7010.000 0.964
7015.000 0.965
7020.000 0.959
7025.000 0.964
7030.000 0.961
7035.000 0.956
7040.000 0.952
7045.000 0.949
7050.000 0.968
7055.000 0.968
7060.000 0.964
7065.000 0.968
7070.000 0.959
7075.000 0.952
7080.000 0.962
7085.000 0.956
7090.000 0.976
7095.000 0.973
7100.000 0.961
7105.000 0.980
7110.000 0.968
7115.000 0.966
7120.000 0.973
7125.000 0.970
7130.000 0.968
7135.000 0.975
7140.000 0.988
7145.000 0.985
7150.000 0.981
7155.000 0.977
7160.000 0.992
7165.000 0.972
7170.000 0.988
7175.000 0.991
7180.000 0.983
7185.000 0.992
7190.000 1.017
7195.000 1.007
7200.000 1.005
7205.000 1.001
7210.000 1.008
7215.000 1.016
7220.000 1.025
7225.000 1.025
7230.000 1.029
7235.000 1.035
7240.000 1.042
7245.000 1.039
7250.000 1.040
7255.000 1.058
7260.000 1.065
7265.000 1.063
7270.000 1.070
7275.000 1.080
7280.000 1.096
7285.000 1.098
7290.000 1.107
7295.000 1.124
7300.000 1.123
7305.000 1.140
7310.000 1.172
7315.000 1.179
7320.000 1.191
7325.000 1.233
7330.000 1.245
7335.000 1.259
7340.000 1.289
7345.000 1.345
7350.000 1.366
7355.000 1.409
7360.000 1.446
7365.000 1.557
7370.000 1.607
7375.000 1.666
7380.000 1.847
7385.000 1.964
7390.000 2.105
7395.000 2.287
7400.000 2.852
7405.000 3.248
7410.000 3.854
7415.000 4.717
7420.000 7.440
7425.000 9.177
7430.000 10.667
7435.000 9.978
7440.000 7.239
7445.000 4.242
7450.000 2.592
7455.000 3.717
7460.000 3.499
7465.000 3.866
7470.000 3.487
7475.000 2.946
7480.000 2.584
7485.000 2.309
7490.000 1.911
7495.000 1.777
7500.000 1.676
7505.000 1.494
7510.000 1.440
7515.000 1.389
7520.000 1.326
7525.000 1.260
7530.000 1.219
7535.000 1.202
7540.000 1.154
7545.000 1.130
7550.000 1.110
7555.000 1.102
7560.000 1.068
7565.000 1.067
7570.000 1.046
7575.000 1.045
7580.000 1.037
7585.000 1.017
7590.000 1.029
7595.000 1.016
7600.000 1.005
7605.000 1.001
7610.000 0.998
7615.000 1.003
7620.000 1.006
7625.000 0.997
7630.000 1.004
7635.000 0.996
7640.000 0.996
7645.000 0.987
7650.000 0.991
7655.000 1.004
7660.000 1.002
7665.000 1.008
7670.000 0.992
7675.000 1.003
7680.000 1.001
7685.000 1.025
7690.000 1.011
7695.000 1.004
7700.000 1.009
7705.000 1.005
7710.000 1.005
7715.000 1.013
7720.000 1.005
7725.000 1.013
7730.000 1.020
7735.000 1.026
7740.000 1.012
7745.000 1.019
7750.000 1.021
7755.000 1.019
7760.000 1.022
7765.000 1.030
7770.000 1.014
7775.000 1.019
7780.000 1.029
7785.000 1.033
7790.000 1.025
7795.000 1.026
7800.000 1.039
7805.000 1.046
7810.000 1.048
7815.000 1.040
7820.000 1.048
7825.000 1.054
7830.000 1.054
7835.000 1.057
7840.000 1.056
7845.000 1.064
7850.000 1.061
7855.000 1.062
7860.000 1.071
7865.000 1.083
7870.000 1.069
7875.000 1.078
7880.000 1.081
7885.000 1.090
7890.000 1.072
7895.000 1.081
7900.000 1.091
7905.000 1.113
7910.000 1.105
7915.000 1.099
7920.000 1.097
7925.000 1.111
7930.000 1.127
7935.000 1.120
7940.000 1.115
7945.000 1.118
7950.000 1.120
7955.000 1.147
7960.000 1.123
7965.000 1.134
7970.000 1.130
7975.000 1.128
7980.000 1.117
7985.000 1.127
7990.000 1.136
7995.000 1.118
8000.000 1.109
8005.000 1.103
8010.000 1.071
8015.000 1.019
8020.000 0.978
8025.000 0.790
8030.000 0.656
8035.000 0.849
8040.000 2.275
8045.000 11.304
8050.000 7.811
8055.000 5.502
8060.000 6.141
8065.000 1.572
8070.000 1.982
8075.000 2.154
8080.000 2.042
8085.000 2.031
8090.000 1.916
8095.000 1.870
8100.000 1.742
8105.000 1.705
8110.000 1.658
8115.000 1.617
8120.000 1.576
8125.000 1.553
8130.000 1.555
8135.000 1.503
8140.000 1.491
8145.000 1.505
8150.000 1.515
8155.000 1.520
8160.000 1.533
8165.000 1.555
8170.000 1.567
8175.000 1.577
8180.000 1.575
8185.000 1.566
8190.000 1.630
8195.000 1.624
8200.000 1.624
8205.000 1.641
8210.000 1.652
8215.000 1.662
8220.000 1.682
8225.000 1.734
8230.000 1.722
8235.000 1.762
8240.000 1.770
8245.000 1.780
8250.000 1.792
8255.000 1.825
8260.000 1.866
8265.000 1.881
8270.000 1.905
8275.000 1.927
8280.000 1.945
8285.000 1.983
8290.000 2.002
8295.000 2.039
8300.000 2.092
8305.000 2.089
8310.000 2.128
8315.000 2.197
8320.000 2.213
8325.000 2.256
8330.000 2.298
8335.000 2.349
8340.000 2.393
8345.000 2.460
8350.000 2.496
8355.000 2.548
8360.000 2.594
8365.000 2.636
8370.000 2.708
8375.000 2.739
8380.000 2.773
8385.000 2.882
8390.000 2.928
8395.000 2.952
8400.000 3.023
8405.000 3.119
8410.000 3.189
8415.000 3.256
8420.000 3.401
8425.000 3.499
8430.000 3.597
8435.000 3.660
8440.000 3.841
8445.000 3.964
8450.000 4.085
8455.000 4.205
8460.000 4.506
8465.000 4.678
8470.000 4.851
8475.000 5.077
8480.000 5.681
8485.000 6.083
8490.000 6.620
8495.000 8.250
8500.000 9.600
8505.000 11.645
8510.000 14.754
8515.000 25.065
8520.000 31.176
8525.000 35.395
8530.000 15.480
8535.000 11.375
8540.000 2.760
8545.000 5.934
8550.000 6.301
8555.000 6.465
8560.000 6.667
8565.000 8.324
8570.000 9.808
8575.000 11.805
8580.000 13.935
8585.000 18.551
8590.000 21.116
8595.000 23.857
8600.000 30.051
8605.000 33.528
8610.000 36.978
8615.000 40.268
8620.000 44.634
8625.000 44.899
8630.000 43.367
8635.000 39.243
8640.000 28.690
8645.000 24.124
8650.000 20.417
8655.000 14.514
8660.000 12.216
8665.000 10.252
8670.000 8.415
8675.000 7.373
8680.000 7.287
8685.000 7.051
8690.000 6.459
8695.000 6.150
8700.000 5.899
8705.000 5.685
8710.000 5.298
8715.000 5.112
8720.000 4.939
8725.000 4.573
8730.000 4.400
8735.000 4.239
8740.000 4.097
8745.000 3.830
8750.000 3.708
8755.000 3.600
8760.000 3.497
8765.000 3.304
8770.000 3.224
8775.000 3.134
8780.000 2.996
8785.000 2.928
8790.000 2.866
8795.000 2.806
8800.000 2.716
8805.000 2.665
8810.000 2.595
8815.000 2.524
8820.000 2.491
8825.000 2.457
8830.000 2.415
8835.000 2.331
8840.000 2.295
8845.000 2.265
8850.000 2.237
8855.000 2.186
8860.000 2.160
8865.000 2.130
8870.000 2.078
8875.000 2.060
8880.000 2.031
8885.000 2.015
8890.000 1.976
8895.000 1.948
8900.000 1.927
8905.000 1.899
8910.000 1.856
8915.000 1.837
8920.000 1.827
8925.000 1.786
8930.000 1.772
8935.000 1.763
8940.000 1.743
8945.000 1.720
8950.000 1.688
8955.000 1.666
8960.000 1.661
8965.000 1.636
8970.000 1.623
8975.000 1.619
8980.000 1.603
8985.000 1.577
8990.000 1.565
8995.000 1.554
9000.000 1.534
9005.000 1.506
9010.000 1.520
9015.000 1.477
9020.000 1.478
9025.000 1.468
9030.000 1.465
9035.000 1.420
9040.000 1.422
9045.000 1.427
9050.000 1.415
9055.000 1.400
9060.000 1.410
9065.000 1.391
9070.000 1.367
9075.000 1.370
9080.000 1.346
9085.000 1.350
9090.000 1.328
9095.000 1.320
9100.000 1.319
9105.000 1.307
9110.000 1.294
9115.000 1.295
9120.000 1.286
9125.000 1.271
9130.000 1.255
9135.000 1.256
9140.000 1.249
9145.000 1.236
9150.000 1.241
9155.000 1.234
9160.000 1.227
9165.000 1.209
9170.000 1.215
9175.000 1.198
9180.000 1.192
9185.000 1.187
9190.000 1.180
9195.000 1.185
9200.000 1.171
9205.000 1.174
9210.000 1.161
9215.000 1.144
9220.000 1.140
9225.000 1.139
9230.000 1.121
9235.000 1.123
9240.000 1.103
9245.000 1.111
9250.000 1.092
9255.000 1.088
9260.000 1.082
9265.000 1.075
9270.000 1.070
9275.000 1.067
9280.000 1.063
9285.000 1.045
9290.000 1.036
9295.000 1.028
9300.000 1.028
9305.000 1.021
9310.000 1.010
9315.000 1.008
9320.000 0.999
9325.000 0.987
9330.000 0.977
9335.000 0.977
9340.000 0.956
9345.000 0.973
9350.000 0.951
9355.000 0.955
9360.000 0.961
9365.000 0.953
9370.000 0.955
9375.000 0.983
9380.000 0.989
9385.000 1.008
9390.000 1.078
9395.000 1.130
9400.000 1.196
9405.000 1.278
9410.000 1.523
9415.000 1.714
9420.000 1.991
9425.000 2.369
9430.000 3.957
9435.000 5.558
9440.000 7.984
9445.000 15.752
9450.000 20.727
9455.000 26.100
9460.000 31.123
9465.000 26.731
9470.000 20.067
9475.000 23.974
9480.000 13.861
9485.000 12.869
9490.000 9.999
9495.000 9.166
9500.000 7.493
9510.000 6.522
9515.000 6.012
9520.000 5.543
9530.000 4.821
9540.000 4.977
9545.000 4.510
9555.000 4.086
9560.000 3.847
9565.000 3.847
9570.000 3.842
9575.000 3.838
9580.000 3.854
9585.000 3.856
9590.000 3.859
9600.000 4.280
9605.000 4.114
9610.000 4.070
9615.000 4.061
9620.000 4.090
9625.000 4.126
9630.000 4.157
9635.000 4.220
9640.000 4.342
9650.000 4.795
9655.000 4.777
9660.000 4.791
9665.000 4.918
9670.000 5.006
9675.000 5.138
9680.000 5.251
9685.000 5.520
9690.000 5.653
9695.000 5.825
9700.000 6.040
9705.000 6.503
9715.000 7.440
9720.000 7.568
9725.000 8.095
9730.000 8.602
9740.000 10.890
9745.000 11.591
9750.000 12.146
9755.000 13.192
9760.000 14.913
9765.000 19.248
9775.000 21.665
9780.000 25.874
9785.000 29.973
9790.000 33.339
9795.000 36.485
9800.000 35.360
9805.000 31.846
9810.000 27.242
9815.000 19.004
9820.000 16.181
9825.000 13.998
9830.000 10.684
9835.000 9.413
9840.000 8.350
9850.000 9.867
9855.000 9.485
9860.000 8.167
9865.000 7.521
9870.000 7.071
9875.000 6.678
9880.000 5.981
9885.000 5.701
9890.000 5.460
9895.000 5.288
9900.000 4.873
9905.000 4.655
9910.000 4.465
9915.000 4.287
9920.000 3.976
9925.000 3.833
9930.000 3.696
9935.000 3.457
9940.000 3.341
9945.000 3.224
9950.000 3.119
9955.000 2.943
9960.000 2.859
9965.000 2.791
9970.000 2.644
9975.000 2.577
9980.000 2.515
9985.000 2.463
9990.000 2.339
9995.000 2.310
10000.000 2.257
