105.000 0.041
110.000 0.092
115.000 0.431
120.000 0.536
125.000 0.535
130.000 0.571
135.000 0.533
140.000 0.532
145.000 0.546
150.000 0.541
155.000 0.620
160.000 0.654
165.000 0.613
170.000 0.668
175.000 0.668
180.000 0.726
185.000 0.997
190.000 1.020
195.000 1.201
200.000 1.367
205.000 1.387
210.000 1.841
215.000 1.873
220.000 2.264
225.000 2.556
230.000 3.125
235.000 4.095
240.000 4.635
245.000 6.433
250.000 7.599
255.000 10.697
260.000 14.429
265.000 15.983
270.000 19.130
275.000 21.878
280.000 23.677
285.000 25.575
290.000 25.787
295.000 27.018
300.000 26.447
305.000 25.948
310.000 24.664
315.000 24.275
320.000 22.879
325.000 21.531
330.000 20.139
335.000 20.008
340.000 20.229
345.000 19.311
350.000 19.356
355.000 19.323
360.000 19.172
365.000 19.087
370.000 20.008
375.000 21.465
380.000 21.748
385.000 22.319
390.000 22.162
395.000 22.728
400.000 23.876
405.000 24.923
410.000 25.877
415.000 26.729
420.000 28.238
425.000 29.007
430.000 30.219
435.000 31.140
440.000 31.423
445.000 32.044
450.000 32.079
455.000 32.223
460.000 32.347
465.000 32.456
470.000 31.994
475.000 31.027
480.000 31.294
485.000 30.440
490.000 29.919
495.000 29.634
500.000 29.529
505.000 29.419
510.000 30.646
515.000 31.640
520.000 33.816
525.000 34.697
530.000 36.015
535.000 38.743
540.000 40.857
545.000 45.007
550.000 46.551
555.000 48.564
560.000 40.012
565.000 47.558
570.000 39.148
575.000 34.072
580.000 25.249
585.000 20.446
590.000 17.887
595.000 14.758
600.000 13.964
605.000 11.256
610.000 9.730
615.000 9.111
620.000 8.095
625.000 7.999
630.000 7.117
635.000 6.518
640.000 6.255
645.000 5.632
650.000 5.472
655.000 5.094
660.000 4.698
665.000 4.523
670.000 4.427
675.000 4.221
680.000 4.492
685.000 4.158
690.000 4.156
695.000 3.939
700.000 3.836
705.000 3.740
710.000 3.642
715.000 3.561
720.000 3.527
725.000 3.521
730.000 3.568
735.000 3.588
740.000 3.632
745.000 3.689
750.000 3.736
755.000 3.854
760.000 3.971
765.000 4.088
770.000 4.436
775.000 4.587
780.000 5.006
785.000 5.243
790.000 5.907
795.000 6.668
800.000 7.110
805.000 8.076
810.000 8.788
815.000 10.642
820.000 12.447
825.000 12.924
830.000 11.873
835.000 10.622
840.000 7.886
845.000 5.762
850.000 4.949
855.000 3.709
860.000 3.286
865.000 2.596
870.000 2.102
875.000 1.919
880.000 1.614
885.000 1.468
890.000 1.289
895.000 1.088
900.000 1.098
905.000 0.996
910.000 0.935
915.000 0.893
920.000 0.872
925.000 0.813
930.000 0.811
935.000 0.804
940.000 0.798
945.000 0.800
950.000 0.830
955.000 0.818
960.000 0.833
965.000 0.859
970.000 0.832
975.000 0.892
980.000 0.848
985.000 0.838
990.000 0.888
995.000 0.863
1000.000 0.949
1005.000 0.881
1010.000 0.884
1015.000 1.010
1020.000 1.024
1025.000 1.074
1030.000 1.081
1035.000 1.142
1040.000 1.206
1045.000 1.332
1050.000 1.382
1055.000 1.622
1060.000 1.623
1065.000 1.982
1070.000 2.386
1075.000 2.642
1080.000 3.186
1085.000 3.435
1090.000 3.605
1095.000 3.039
1100.000 2.733
1105.000 2.268
1110.000 2.058
1115.000 1.761
1120.000 1.573
1125.000 1.473
1130.000 1.353
1135.000 1.303
1140.000 1.238
1145.000 1.183
1150.000 1.159
1155.000 1.108
1160.000 1.099
1165.000 1.073
1170.000 1.062
1175.000 1.066
1180.000 1.066
1185.000 1.081
1190.000 1.084
1195.000 1.046
1200.000 1.094
1205.000 1.095
1210.000 1.097
1215.000 1.107
1220.000 1.132
1225.000 1.201
1230.000 1.226
1235.000 1.264
1240.000 1.319
1245.000 1.387
1250.000 1.444
1255.000 1.568
1260.000 1.624
1265.000 1.855
1270.000 2.118
1275.000 2.261
1280.000 2.711
1285.000 3.033
1290.000 3.726
1295.000 4.908
1300.000 5.843
1305.000 7.866
1310.000 9.393
1315.000 13.524
1320.000 15.972
1325.000 20.468
1330.000 23.017
1335.000 23.026
1340.000 20.385
1345.000 18.173
1350.000 14.134
1355.000 10.912
1360.000 9.686
1365.000 7.865
1370.000 7.106
1375.000 6.068
1380.000 5.297
1385.000 4.984
1390.000 4.492
1395.000 4.313
1400.000 3.986
1405.000 3.744
1410.000 3.696
1415.000 3.573
1420.000 3.526
1425.000 3.443
1430.000 3.382
1435.000 3.388
1440.000 3.350
1445.000 3.341
1450.000 3.337
1455.000 3.325
1460.000 3.355
1465.000 3.351
1470.000 3.425
1475.000 3.456
1480.000 3.546
1485.000 3.560
1490.000 3.714
1495.000 3.748
1500.000 3.930
1505.000 4.110
1510.000 4.233
1515.000 4.517
1520.000 4.676
1525.000 5.177
1530.000 5.862
1535.000 6.213
1540.000 7.302
1545.000 7.857
1550.000 9.586
1555.000 12.341
1560.000 13.997
1565.000 18.098
1570.000 20.067
1575.000 22.705
1580.000 21.248
1585.000 18.866
1590.000 13.476
1595.000 11.394
1600.000 8.439
1605.000 6.438
1610.000 5.729
1615.000 4.710
1620.000 4.320
1625.000 3.671
1630.000 3.252
1635.000 3.115
1640.000 2.829
1645.000 2.714
1650.000 2.471
1655.000 2.312
1660.000 2.240
1665.000 2.097
1670.000 2.014
1675.000 1.845
1680.000 1.721
1685.000 1.654
1690.000 1.592
1695.000 1.554
1700.000 1.520
1705.000 1.553
1710.000 1.626
1715.000 1.777
1720.000 1.955
1725.000 2.328
1730.000 2.733
1735.000 2.980
1740.000 3.582
1745.000 3.926
1750.000 4.837
1755.000 5.896
1760.000 6.617
1765.000 8.218
1770.000 9.208
1775.000 11.983
1780.000 14.932
1785.000 16.989
1790.000 22.003
1795.000 25.017
1800.000 30.484
1805.000 36.590
1810.000 39.410
1815.000 43.724
1820.000 44.278
1825.000 42.258
1830.000 34.627
1835.000 30.939
1840.000 24.963
1845.000 22.468
1850.000 18.294
1855.000 15.023
1860.000 13.698
1865.000 11.564
1870.000 10.752
1875.000 9.333
1880.000 8.374
1885.000 8.028
1890.000 7.470
1895.000 7.249
1900.000 6.994
1905.000 6.910
1910.000 6.828
1915.000 6.691
1920.000 6.667
1925.000 6.617
1930.000 6.647
1935.000 6.654
1940.000 6.795
1945.000 6.908
1950.000 7.043
1955.000 7.205
1960.000 7.428
1965.000 7.709
1970.000 7.907
1975.000 8.341
1980.000 8.560
1985.000 9.345
1990.000 10.341
1995.000 10.960
2000.000 12.602
2005.000 13.801
2010.000 16.693
2015.000 20.491
2020.000 22.496
2025.000 26.048
2030.000 27.084
2035.000 26.103
2040.000 21.459
2045.000 19.067
2050.000 14.953
2055.000 13.507
2060.000 11.129
2065.000 9.549
2070.000 8.956
2075.000 8.131
2080.000 7.836
2085.000 7.402
2090.000 7.065
2095.000 6.919
2100.000 6.706
2105.000 6.623
2110.000 6.503
2115.000 6.582
2120.000 6.610
2125.000 6.636
2130.000 6.626
2135.000 6.811
2140.000 6.997
2145.000 7.177
2150.000 7.405
2155.000 7.559
2160.000 7.720
2165.000 7.633
2170.000 7.447
2175.000 6.691
2180.000 6.189
2185.000 5.023
2190.000 4.005
2195.000 3.529
2200.000 2.739
2205.000 2.386
2210.000 1.914
2215.000 1.565
2220.000 1.428
2225.000 1.232
2230.000 1.165
2235.000 1.020
2240.000 0.968
2245.000 0.939
2250.000 0.907
2255.000 0.870
2260.000 0.880
2265.000 0.871
2270.000 0.848
2275.000 0.859
2280.000 0.875
2285.000 0.861
2290.000 0.874
2295.000 0.897
2300.000 0.902
2305.000 0.904
2310.000 0.906
2315.000 0.913
2320.000 0.931
2325.000 0.923
2330.000 0.940
2335.000 0.965
2340.000 0.968
2345.000 0.963
2350.000 0.986
2355.000 0.974
2360.000 0.992
2365.000 1.002
2370.000 1.001
2375.000 1.005
2380.000 1.008
2385.000 0.986
2390.000 1.024
2395.000 1.033
2400.000 1.012
2405.000 1.012
2410.000 1.042
2415.000 1.029
2420.000 1.034
2425.000 1.028
2430.000 1.037
2435.000 1.040
2440.000 1.054
2445.000 1.047
2450.000 1.037
2455.000 1.035
2460.000 1.038
2465.000 1.065
2470.000 1.073
2475.000 1.061
2480.000 1.062
2485.000 1.061
2490.000 1.084
2495.000 1.069
2500.000 1.061
2505.000 1.059
2510.000 1.066
2515.000 1.077
2520.000 1.097
2525.000 1.071
2530.000 1.055
2535.000 1.069
2540.000 1.080
2545.000 1.072
2550.000 1.058
2555.000 1.083
2560.000 1.084
2565.000 1.088
2570.000 1.086
2575.000 1.097
2580.000 1.080
2585.000 1.103
2590.000 1.075
2595.000 1.090
2600.000 1.075
2605.000 1.070
2610.000 1.097
2615.000 1.090
2620.000 1.075
2625.000 1.103
2630.000 1.082
2635.000 1.094
2640.000 1.095
2645.000 1.096
2650.000 1.101
2655.000 1.090
2660.000 1.088
2665.000 1.108
2670.000 1.123
2675.000 1.094
2680.000 1.117
2685.000 1.109
2690.000 1.092
2695.000 1.113
2700.000 1.109
2705.000 1.106
2710.000 1.104
2715.000 1.121
2720.000 1.126
2725.000 1.125
2730.000 1.150
2735.000 1.133
2740.000 1.125
2745.000 1.149
2750.000 1.131
2755.000 1.155
2760.000 1.143
2765.000 1.122
2770.000 1.137
2775.000 1.139
2780.000 1.122
2785.000 1.145
2790.000 1.152
2795.000 1.152
2800.000 1.151
2805.000 1.134
2810.000 1.138
2815.000 1.132
2820.000 1.172
2825.000 1.134
2830.000 1.140
2835.000 1.144
2840.000 1.157
2845.000 1.170
2850.000 1.149
2855.000 1.158
2860.000 1.161
2865.000 1.176
2870.000 1.193
2875.000 1.156
2880.000 1.168
2885.000 1.175
2890.000 1.163
2895.000 1.182
2900.000 1.156
2905.000 1.164
2910.000 1.167
2915.000 1.201
2920.000 1.214
2925.000 1.149
2930.000 1.171
2935.000 1.182
2940.000 1.174
2945.000 1.163
2950.000 1.189
2955.000 1.178
2960.000 1.182
2965.000 1.173
2970.000 1.182
2975.000 1.189
2980.000 1.167
2985.000 1.178
2990.000 1.154
2995.000 1.194
3000.000 1.167
3005.000 1.225
3010.000 1.154
3015.000 1.208
3020.000 1.218
3025.000 1.153
3030.000 1.159
3035.000 1.202
3040.000 1.205
3045.000 1.165
3050.000 1.155
3055.000 1.159
3060.000 1.189
3065.000 1.154
3070.000 1.170
3075.000 1.197
3080.000 1.190
3085.000 1.210
3090.000 1.205
3095.000 1.200
3100.000 1.205
3105.000 1.216
3110.000 1.203
3115.000 1.191
3120.000 1.190
3125.000 1.174
3130.000 1.194
3135.000 1.173
3140.000 1.158
3145.000 1.170
3150.000 1.168
3155.000 1.196
3160.000 1.200
3165.000 1.175
3170.000 1.182
3175.000 1.135
3180.000 1.154
3185.000 1.154
3190.000 1.154
3195.000 1.135
3200.000 1.130
3205.000 1.101
3210.000 1.072
3215.000 1.081
3220.000 1.086
3225.000 1.105
3230.000 1.062
3235.000 1.004
3240.000 0.988
3245.000 0.976
3250.000 0.964
3255.000 0.934
3260.000 0.882
3265.000 0.869
3270.000 0.821
3275.000 0.804
3280.000 0.757
3285.000 0.680
3290.000 0.647
3295.000 0.593
3300.000 0.569
3305.000 0.554
3310.000 0.615
3315.000 0.705
3320.000 0.997
3325.000 1.310
3330.000 2.339
3335.000 4.564
3340.000 6.207
3345.000 9.916
3350.000 12.084
3355.000 17.561
3360.000 24.748
3365.000 28.576
3370.000 35.072
3375.000 36.908
3380.000 37.464
3385.000 35.877
3390.000 35.064
3395.000 34.831
3400.000 35.356
3405.000 36.841
3410.000 38.042
3415.000 40.986
3420.000 44.024
3425.000 45.362
3430.000 46.849
3435.000 46.434
3440.000 41.182
3445.000 32.367
3450.000 28.627
3455.000 23.348
3460.000 21.318
3465.000 17.851
3470.000 15.035
3475.000 13.824
3480.000 11.885
3485.000 10.133
3490.000 9.648
3495.000 8.620
3500.000 8.019
3505.000 7.579
3510.000 7.155
3515.000 7.047
3520.000 7.491
3525.000 7.542
3530.000 8.549
3535.000 9.057
3540.000 9.619
3545.000 11.760
3550.000 13.560
3555.000 16.684
3560.000 22.642
3565.000 24.712
3570.000 32.086
3575.000 35.433
3580.000 39.052
3585.000 37.154
3590.000 33.308
3595.000 24.262
3600.000 20.999
3605.000 15.880
3610.000 12.789
3615.000 11.250
3620.000 9.702
3625.000 9.337
3630.000 8.036
3635.000 7.586
3640.000 7.314
3645.000 7.113
3650.000 7.026
3655.000 6.788
3660.000 6.653
3665.000 6.587
3670.000 6.565
3675.000 6.555
3680.000 6.517
3685.000 6.528
3690.000 6.641
3695.000 6.717
3700.000 6.806
3705.000 6.940
3710.000 7.085
3715.000 7.384
3720.000 7.679
3725.000 7.889
3730.000 8.408
3735.000 8.744
3740.000 9.548
3745.000 10.743
3750.000 11.587
3755.000 14.005
3760.000 15.574
3765.000 19.676
3770.000 24.662
3775.000 27.023
3780.000 29.019
3785.000 27.664
3790.000 20.884
3795.000 14.792
3800.000 12.563
3805.000 9.427
3810.000 8.333
3815.000 6.627
3820.000 5.544
3825.000 5.132
3830.000 4.512
3835.000 4.311
3840.000 3.872
3845.000 3.527
3850.000 3.397
3855.000 3.129
3860.000 3.054
3865.000 2.794
3870.000 2.647
3875.000 2.577
3880.000 2.490
3885.000 2.481
3890.000 2.487
3895.000 2.544
3900.000 2.633
3905.000 2.785
3910.000 2.874
3915.000 3.222
3920.000 3.469
3925.000 3.634
3930.000 4.090
3935.000 4.355
3940.000 5.170
3945.000 6.232
3950.000 6.926
3955.000 9.002
3960.000 10.380
3965.000 13.919
3970.000 18.937
3975.000 21.684
3980.000 27.110
3985.000 29.093
3990.000 30.777
3995.000 30.042
4000.000 25.119
4005.000 19.210
4010.000 16.863
4015.000 12.962
4020.000 11.555
4025.000 9.482
4030.000 8.073
4035.000 7.604
4040.000 6.677
4045.000 6.332
4050.000 5.940
4055.000 5.686
4060.000 5.569
4065.000 5.541
4070.000 5.463
4075.000 5.374
4080.000 5.377
4085.000 5.368
4090.000 5.353
4095.000 5.372
4100.000 5.476
4105.000 5.575
4110.000 5.630
4115.000 5.827
4120.000 5.952
4125.000 6.178
4130.000 6.490
4135.000 6.717
4140.000 7.243
4145.000 7.570
4150.000 8.430
4155.000 9.689
4160.000 10.507
4165.000 12.538
4170.000 13.645
4175.000 15.408
4180.000 15.097
4185.000 13.949
4190.000 10.785
4195.000 9.281
4200.000 6.922
4205.000 5.321
4210.000 4.260
4215.000 3.867
4220.000 3.553
4225.000 2.996
4230.000 2.566
4235.000 2.371
4240.000 2.090
4245.000 1.966
4250.000 1.692
4255.000 1.538
4260.000 1.455
4265.000 1.316
4270.000 1.281
4275.000 1.204
4280.000 1.181
4285.000 1.160
4290.000 1.157
4295.000 1.163
4300.000 1.258
4305.000 1.376
4310.000 1.450
4315.000 1.638
4320.000 1.767
4325.000 2.172
4330.000 2.682
4335.000 3.031
4340.000 4.146
4345.000 4.958
4350.000 7.193
4355.000 10.424
4360.000 12.155
4365.000 14.964
4370.000 15.543
4375.000 14.637
4380.000 11.814
4385.000 10.389
4390.000 8.045
4395.000 7.206
4400.000 5.828
4405.000 4.856
4410.000 4.549
4415.000 3.958
4420.000 3.796
4425.000 3.485
4430.000 3.292
4435.000 3.236
4440.000 3.147
4445.000 3.128
4450.000 3.132
4455.000 3.037
4460.000 3.026
4465.000 3.066
4470.000 3.079
4475.000 3.111
4480.000 3.156
4485.000 3.206
4490.000 3.264
4495.000 3.336
4500.000 3.483
4505.000 3.657
4510.000 3.787
4515.000 4.111
4520.000 4.283
4525.000 4.688
4530.000 5.187
4535.000 5.467
4540.000 5.889
4545.000 5.870
4550.000 5.115
4555.000 3.948
4560.000 3.400
4565.000 2.528
4570.000 2.206
4575.000 1.712
4580.000 1.554
4585.000 1.285
4590.000 1.130
4595.000 1.064
4600.000 0.924
4605.000 0.892
4610.000 0.833
4615.000 0.775
4620.000 0.746
4625.000 0.713
4630.000 0.695
4635.000 0.642
4640.000 0.581
4645.000 0.540
4650.000 0.468
4655.000 0.428
4660.000 0.304
4665.000 0.179
4670.000 0.169
4675.000 0.313
4680.000 0.496
4685.000 1.010
4690.000 2.022
4695.000 2.614
4700.000 3.364
4705.000 3.446
4710.000 3.366
4715.000 3.254
4720.000 3.164
4725.000 2.998
4730.000 2.859
4735.000 2.714
4740.000 2.601
4745.000 2.630
4750.000 2.549
4755.000 2.502
4760.000 2.339
4765.000 2.220
4770.000 2.162
4775.000 2.026
4780.000 1.973
4785.000 1.861
4790.000 1.756
4795.000 1.757
4800.000 1.687
4805.000 1.649
4810.000 1.642
4815.000 1.628
4820.000 1.638
4825.000 1.649
4830.000 1.623
4835.000 1.606
4840.000 1.625
4845.000 1.623
4850.000 1.630
4855.000 1.648
4860.000 1.643
4865.000 1.676
4870.000 1.667
4875.000 1.677
4880.000 1.701
4885.000 1.648
4890.000 1.581
4895.000 1.568
4900.000 1.518
4905.000 1.506
4910.000 1.513
4915.000 1.514
4920.000 1.529
4925.000 1.475
4930.000 1.496
4935.000 1.486
4940.000 1.495
4945.000 1.521
4950.000 1.528
4955.000 1.514
4960.000 1.501
4965.000 1.488
4970.000 1.520
4975.000 1.509
4980.000 1.502
4985.000 1.489
4990.000 1.500
4995.000 1.519
5000.000 1.540
5005.000 1.543
5010.000 1.540
5015.000 1.527
5020.000 1.519
5025.000 1.524
5030.000 1.529
5035.000 1.559
5040.000 1.530
5045.000 1.532
5050.000 1.512
5055.000 1.541
5060.000 1.525
5065.000 1.542
5070.000 1.542
5075.000 1.547
5080.000 1.558
5085.000 1.556
5090.000 1.562
5095.000 1.576
5100.000 1.539
5105.000 1.545
5110.000 1.565
5115.000 1.566
5120.000 1.600
5125.000 1.568
5130.000 1.578
5135.000 1.562
5140.000 1.536
5145.000 1.574
5150.000 1.584
5155.000 1.582
5160.000 1.553
5165.000 1.576
5170.000 1.582
5175.000 1.570
5180.000 1.567
5185.000 1.583
5190.000 1.600
5195.000 1.586
5200.000 1.588
5205.000 1.603
5210.000 1.603
5215.000 1.593
5220.000 1.580
5225.000 1.569
5230.000 1.605
5235.000 1.583
5240.000 1.600
5245.000 1.600
5250.000 1.580
5255.000 1.588
5260.000 1.575
5265.000 1.591
5270.000 1.610
5275.000 1.602
5280.000 1.592
5285.000 1.571
5290.000 1.583
5295.000 1.595
5300.000 1.608
5305.000 1.609
5310.000 1.594
5315.000 1.594
5320.000 1.603
5325.000 1.616
5330.000 1.602
5335.000 1.595
5340.000 1.586
5345.000 1.572
5350.000 1.602
5355.000 1.572
5360.000 1.628
5365.000 1.606
5370.000 1.622
5375.000 1.577
5380.000 1.590
5385.000 1.604
5390.000 1.629
5395.000 1.631
5400.000 1.622
5405.000 1.592
5410.000 1.614
5415.000 1.611
5420.000 1.624
5425.000 1.606
5430.000 1.598
5435.000 1.624
5440.000 1.610
5445.000 1.703
5450.000 1.609
5455.000 1.806
5460.000 1.731
5465.000 1.716
5470.000 1.698
5475.000 1.645
5480.000 1.665
5485.000 1.643
5490.000 1.633
5495.000 1.618
5500.000 1.613
5505.000 1.620
5510.000 1.612
5515.000 1.598
5520.000 1.584
5525.000 1.609
5530.000 1.613
5535.000 1.605
5540.000 1.619
5545.000 1.633
5550.000 1.621
5555.000 1.613
5560.000 1.618
5565.000 1.615
5570.000 1.598
5575.000 1.639
5580.000 1.626
5585.000 1.639
5590.000 1.631
5595.000 1.630
5600.000 1.638
5605.000 1.646
5610.000 1.625
5615.000 1.620
5620.000 1.637
5625.000 1.653
5630.000 1.655
5635.000 1.607
5640.000 1.657
5645.000 1.602
5650.000 1.620
5655.000 1.638
5660.000 1.625
5665.000 1.637
5670.000 1.653
5675.000 1.630
5680.000 1.624
5685.000 1.611
5690.000 1.633
5695.000 1.623
5700.000 1.630
5705.000 1.630
5710.000 1.629
5715.000 1.634
5720.000 1.644
5725.000 1.633
5730.000 1.648
5735.000 1.645
5740.000 1.642
5745.000 1.644
5750.000 1.651
5755.000 1.660
5760.000 1.643
5765.000 1.668
5770.000 1.649
5775.000 1.658
5780.000 1.628
5785.000 1.646
5790.000 1.659
5795.000 1.672
5800.000 1.685
5805.000 1.698
5810.000 1.658
5815.000 1.663
5820.000 1.665
5825.000 1.679
5830.000 1.668
5835.000 1.653
5840.000 1.640
5845.000 1.685
5850.000 1.655
5855.000 1.656
5860.000 1.659
5865.000 1.667
5870.000 1.660
5875.000 1.664
5880.000 1.675
5885.000 1.662
5890.000 1.661
5895.000 1.671
5900.000 1.667
5905.000 1.664
5910.000 1.655
5915.000 1.659
5920.000 1.672
5925.000 1.691
5930.000 1.680
5935.000 1.706
5940.000 1.692
5945.000 1.680
5950.000 1.681
5955.000 1.666
5960.000 1.682
5965.000 1.666
5970.000 1.674
5975.000 1.679
5980.000 1.665
5985.000 1.666
5990.000 1.695
5995.000 1.726
6000.000 1.686
6005.000 1.705
6010.000 1.682
6015.000 1.713
6020.000 1.685
6025.000 1.698
6030.000 1.675
6035.000 1.709
6040.000 1.692
6045.000 1.679
6050.000 1.713
6055.000 1.692
6060.000 1.657
6065.000 1.688
6070.000 1.716
6075.000 1.687
6080.000 1.707
6085.000 1.697
6090.000 1.688
6095.000 1.695
6100.000 1.690
6105.000 1.696
6110.000 1.683
6115.000 1.687
6120.000 1.678
6125.000 1.682
6130.000 1.702
6135.000 1.680
6140.000 1.696
6145.000 1.690
6150.000 1.677
6155.000 1.682
6160.000 1.693
6165.000 1.690
6170.000 1.688
6175.000 1.709
6180.000 1.688
6185.000 1.692
6190.000 1.722
6195.000 1.692
6200.000 1.693
6205.000 1.702
6210.000 1.676
6215.000 1.702
6220.000 1.684
6225.000 1.675
6230.000 1.660
6235.000 1.683
6240.000 1.688
6245.000 1.690
6250.000 1.702
6255.000 1.698
6260.000 1.695
6265.000 1.684
6270.000 1.678
6275.000 1.707
6280.000 1.706
6285.000 1.693
6290.000 1.690
6295.000 1.726
6300.000 1.697
6305.000 1.704
6310.000 1.705
6315.000 1.727
6320.000 1.709
6325.000 1.696
6330.000 1.706
6335.000 1.695
6340.000 1.703
6345.000 1.702
6350.000 1.695
6355.000 1.689
6360.000 1.685
6365.000 1.699
6370.000 1.684
6375.000 1.721
6380.000 1.714
6385.000 1.696
6390.000 1.729
6395.000 1.695
6400.000 1.699
6405.000 1.687
6410.000 1.686
6415.000 1.695
6420.000 1.685
6425.000 1.707
6430.000 1.712
6435.000 1.742
6440.000 1.697
6445.000 1.698
6450.000 1.693
6455.000 1.697
6460.000 1.736
6465.000 1.712
6470.000 1.685
6475.000 1.698
6480.000 1.686
6485.000 1.668
6490.000 1.695
6495.000 1.716
6500.000 1.694
6505.000 1.679
6510.000 1.665
6515.000 1.690
6520.000 1.688
6525.000 1.692
6530.000 1.692
6535.000 1.689
6540.000 1.691
6545.000 1.693
6550.000 1.692
6555.000 1.673
6560.000 1.675
6565.000 1.679
6570.000 1.658
6575.000 1.666
6580.000 1.677
6585.000 1.677
6590.000 1.674
6595.000 1.658
6600.000 1.682
6605.000 1.669
6610.000 1.683
6615.000 1.682
6620.000 1.686
6625.000 1.665
6630.000 1.696
6635.000 1.748
6640.000 1.794
6645.000 1.872
6650.000 1.982
6655.000 2.255
6660.000 2.460
6665.000 3.270
6670.000 3.994
6675.000 6.358
6680.000 10.237
6685.000 12.411
6690.000 16.554
6695.000 19.539
6700.000 20.283
6705.000 20.575
6710.000 20.599
6715.000 20.828
6720.000 21.689
6725.000 22.415
6730.000 24.577
6735.000 26.020
6740.000 29.313
6745.000 32.420
6750.000 33.324
6755.000 32.907
6760.000 31.061
6765.000 26.009
6770.000 21.670
6775.000 19.833
6780.000 17.051
6785.000 15.995
6790.000 14.487
6795.000 13.686
6800.000 13.529
6805.000 13.677
6810.000 14.083
6815.000 15.984
6820.000 19.004
6825.000 21.061
6830.000 26.021
6835.000 28.971
6840.000 34.682
6845.000 37.862
6850.000 38.016
6855.000 34.392
6860.000 30.790
6865.000 23.672
6870.000 18.532
6875.000 16.731
6880.000 14.158
6885.000 13.187
6890.000 11.730
6895.000 10.766
6900.000 10.485
6905.000 10.161
6910.000 10.113
6915.000 10.123
6920.000 10.273
6925.000 10.368
6930.000 10.763
6935.000 11.028
6940.000 11.654
6945.000 12.481
6950.000 12.946
6955.000 14.420
6960.000 15.469
6965.000 18.164
6970.000 19.975
6975.000 24.631
6980.000 29.033
6985.000 30.381
6990.000 29.948
6995.000 27.854
7000.000 22.022
7005.000 17.033
7010.000 15.242
7015.000 12.600
7020.000 11.673
7025.000 10.336
7030.000 9.517
7035.000 9.229
7040.000 8.837
7045.000 8.717
7050.000 8.552
7055.000 8.499
7060.000 8.559
7065.000 8.668
7070.000 8.799
7075.000 9.119
7080.000 9.537
7085.000 9.842
7090.000 10.530
7095.000 10.952
7100.000 12.108
7105.000 13.889
7110.000 15.316
7115.000 18.599
7120.000 20.636
7125.000 26.066
7130.000 31.637
7135.000 33.703
7140.000 35.717
7145.000 35.358
7150.000 31.193
7155.000 24.900
7160.000 22.068
7165.000 17.724
7170.000 16.169
7175.000 13.806
7180.000 12.200
7185.000 11.613
7190.000 10.800
7195.000 10.608
7200.000 10.274
7205.000 10.064
7210.000 10.042
7215.000 9.997
7220.000 10.038
7225.000 10.117
7230.000 10.366
7235.000 10.560
7240.000 11.002
7245.000 11.295
7250.000 12.080
7255.000 12.566
7260.000 13.686
7265.000 15.274
7270.000 16.189
7275.000 18.329
7280.000 19.311
7285.000 20.251
7290.000 18.880
7295.000 17.535
7300.000 14.683
7305.000 13.433
7310.000 11.400
7315.000 9.971
7320.000 9.399
7325.000 8.497
7330.000 8.134
7335.000 7.553
7340.000 7.194
7345.000 7.042
7350.000 6.816
7355.000 6.794
7360.000 6.765
7365.000 7.213
7370.000 7.234
7375.000 7.235
7380.000 7.343
7385.000 7.661
7390.000 8.167
7395.000 8.526
7400.000 9.515
7405.000 10.174
7410.000 11.911
7415.000 14.176
7420.000 15.408
7425.000 17.807
7430.000 18.679
7435.000 18.673
7440.000 16.403
7445.000 14.885
7450.000 12.132
7455.000 10.997
7460.000 9.193
7465.000 7.980
7470.000 7.523
7475.000 6.803
7480.000 6.541
7485.000 6.102
7490.000 5.751
7495.000 5.611
7500.000 5.403
7505.000 5.275
7510.000 5.209
7515.000 5.089
7520.000 5.049
7525.000 5.055
7530.000 5.020
7535.000 5.100
7540.000 5.237
7545.000 5.297
7550.000 5.479
7555.000 5.555
7560.000 5.733
7565.000 5.787
7570.000 5.684
7575.000 5.247
7580.000 4.955
7585.000 4.101
7590.000 3.344
7595.000 3.028
7600.000 2.481
7605.000 2.275
7610.000 2.003
7615.000 1.834
7620.000 1.792
7625.000 1.743
7630.000 1.735
7635.000 1.736
7640.000 1.802
7645.000 1.856
7650.000 2.023
7655.000 2.131
7660.000 2.419
7665.000 2.847
7670.000 3.115
7675.000 3.615
7680.000 3.779
7685.000 3.818
7690.000 3.461
7695.000 3.270
7700.000 2.893
7705.000 2.697
7710.000 2.345
7715.000 2.088
7720.000 1.985
7725.000 1.819
7730.000 1.757
7735.000 1.642
7740.000 1.548
7745.000 1.534
7750.000 1.473
7755.000 1.471
7760.000 1.428
7765.000 1.403
7770.000 1.392
7775.000 1.377
7780.000 1.385
7785.000 1.377
7790.000 1.363
7795.000 1.345
7800.000 1.350
7805.000 1.354
7810.000 1.349
7815.000 1.349
7820.000 1.340
7825.000 1.323
7830.000 1.333
7835.000 1.307
7840.000 1.290
7845.000 1.292
7850.000 1.269
7855.000 1.258
7860.000 1.218
7865.000 1.209
7870.000 1.209
7875.000 1.204
7880.000 1.221
7885.000 1.240
7890.000 1.249
7895.000 1.271
7900.000 1.276
7905.000 1.288
7910.000 1.305
7915.000 1.330
7920.000 1.315
7925.000 1.323
7930.000 1.329
7935.000 1.336
7940.000 1.327
7945.000 1.338
7950.000 1.355
7955.000 1.344
7960.000 1.337
7965.000 1.344
7970.000 1.356
7975.000 1.366
7980.000 1.360
7985.000 1.353
7990.000 1.352
7995.000 1.378
8000.000 1.371
8005.000 1.382
8010.000 1.404
8015.000 1.420
8020.000 1.407
8025.000 1.409
8030.000 1.414
8035.000 1.421
8040.000 1.416
8045.000 1.452
8050.000 1.427
8055.000 1.448
8060.000 1.422
8065.000 1.440
8070.000 1.461
8075.000 1.487
8080.000 1.485
8085.000 1.481
8090.000 1.463
8095.000 1.485
8100.000 1.462
8105.000 1.468
8110.000 1.486
8115.000 1.491
8120.000 1.482
8125.000 1.496
8130.000 1.515
8135.000 1.499
8140.000 1.517
8145.000 1.516
8150.000 1.493
8155.000 1.487
8160.000 1.519
8165.000 1.521
8170.000 1.509
8175.000 1.523
8180.000 1.520
8185.000 1.522
8190.000 1.521
8195.000 1.533
8200.000 1.531
8205.000 1.531
8210.000 1.525
8215.000 1.533
8220.000 1.529
8225.000 1.543
8230.000 1.546
8235.000 1.563
8240.000 1.576
8245.000 1.559
8250.000 1.555
8255.000 1.560
8260.000 1.559
8265.000 1.567
8270.000 1.565
8275.000 1.576
8280.000 1.594
8285.000 1.567
8290.000 1.577
8295.000 1.587
8300.000 1.601
8305.000 1.597
8310.000 1.611
8315.000 1.606
8320.000 1.593
8325.000 1.592
8330.000 1.598
8335.000 1.640
8340.000 1.658
8345.000 1.639
8350.000 1.650
8355.000 1.644
8360.000 1.648
8365.000 1.619
8370.000 1.605
8375.000 1.635
8380.000 1.631
8385.000 1.648
8390.000 1.631
8395.000 1.616
8400.000 1.625
8405.000 1.627
8410.000 1.640
8415.000 1.629
8420.000 1.645
8425.000 1.629
8430.000 1.625
8435.000 1.610
8440.000 1.627
8445.000 1.643
8450.000 1.661
8455.000 1.635
8460.000 1.662
8465.000 1.666
8470.000 1.663
8475.000 1.663
8480.000 1.644
8485.000 1.640
8490.000 1.646
8495.000 1.646
8500.000 1.656
8505.000 1.644
8510.000 1.669
8515.000 1.637
8520.000 1.640
8525.000 1.638
8530.000 1.640
8535.000 1.643
8540.000 1.655
8545.000 1.647
8550.000 1.653
8555.000 1.653
8560.000 1.648
8565.000 1.648
8570.000 1.655
8575.000 1.632
8580.000 1.650
8585.000 1.651
8590.000 1.657
8595.000 1.649
8600.000 1.661
8605.000 1.654
8610.000 1.658
8615.000 1.650
8620.000 1.657
8625.000 1.631
8630.000 1.658
8635.000 1.649
8640.000 1.662
8645.000 1.659
8650.000 1.648
8655.000 1.664
8660.000 1.658
8665.000 1.666
8670.000 1.651
8675.000 1.650
8680.000 1.645
8685.000 1.649
8690.000 1.654
8695.000 1.686
8700.000 1.659
8705.000 1.665
8710.000 1.662
8715.000 1.661
8720.000 1.658
8725.000 1.656
8730.000 1.678
8735.000 1.660
8740.000 1.679
8745.000 1.674
8750.000 1.659
8755.000 1.655
8760.000 1.678
8765.000 1.662
8770.000 1.635
8775.000 1.630
8780.000 1.642
8785.000 1.652
8790.000 1.671
8795.000 1.659
8800.000 1.670
8805.000 1.661
8810.000 1.661
8815.000 1.666
8820.000 1.650
8825.000 1.639
8830.000 1.636
8835.000 1.632
8840.000 1.628
8845.000 1.648
8850.000 1.645
8855.000 1.670
8860.000 1.675
8865.000 1.701
8870.000 1.692
8875.000 1.677
8880.000 1.646
8885.000 1.621
8890.000 1.622
8895.000 1.639
8900.000 1.621
8905.000 1.634
8910.000 1.653
8915.000 1.673
8920.000 1.667
8925.000 1.679
8930.000 1.673
8935.000 1.670
8940.000 1.688
8945.000 1.682
8950.000 1.672
8955.000 1.668
8960.000 1.661
8965.000 1.690
8970.000 1.667
8975.000 1.667
8980.000 1.682
8985.000 1.688
8990.000 1.676
8995.000 1.670
9000.000 1.689
9005.000 1.667
9010.000 1.667
9015.000 1.676
9020.000 1.666
9025.000 1.664
9030.000 1.721
9035.000 1.696
9040.000 1.672
9045.000 1.667
9050.000 1.671
9055.000 1.678
9060.000 1.666
9065.000 1.684
9070.000 1.669
9075.000 1.654
9080.000 1.668
9085.000 1.677
9090.000 1.686
9095.000 1.667
9100.000 1.648
9105.000 1.668
9110.000 1.660
9115.000 1.678
9120.000 1.683
9125.000 1.677
9130.000 1.696
9135.000 1.661
9140.000 1.657
9145.000 1.671
9150.000 1.651
9155.000 1.666
9160.000 1.682
9165.000 1.689
9170.000 1.672
9175.000 1.672
9180.000 1.685
9185.000 1.673
9190.000 1.671
9195.000 1.668
9200.000 1.661
9205.000 1.686
9210.000 1.661
9215.000 1.658
9220.000 1.670
9225.000 1.689
9230.000 1.657
9235.000 1.660
9240.000 1.672
9245.000 1.675
9250.000 1.675
9255.000 1.670
9260.000 1.671
9265.000 1.669
9270.000 1.653
9275.000 1.667
9280.000 1.661
9285.000 1.658
9290.000 1.681
9295.000 1.655
9300.000 1.660
9305.000 1.657
9310.000 1.655
9315.000 1.641
9320.000 1.653
9325.000 1.645
9330.000 1.668
9335.000 1.659
9340.000 1.678
9345.000 1.664
9350.000 1.657
9355.000 1.657
9360.000 1.664
9365.000 1.664
9370.000 1.654
9375.000 1.653
9380.000 1.669
9385.000 1.671
9390.000 1.657
9395.000 1.642
9400.000 1.648
9405.000 1.646
9410.000 1.657
9415.000 1.648
9420.000 1.646
9425.000 1.664
9430.000 1.635
9435.000 1.650
9440.000 1.674
9445.000 1.643
9450.000 1.664
9455.000 1.655
9460.000 1.671
9465.000 1.670
9470.000 1.648
9475.000 1.670
9480.000 1.664
9485.000 1.627
9490.000 1.635
9495.000 1.659
9500.000 1.657
9505.000 1.653
9510.000 1.641
9515.000 1.640
9520.000 1.641
9525.000 1.648
9530.000 1.651
9535.000 1.668
9540.000 1.667
9545.000 1.663
9550.000 1.668
9555.000 1.657
9560.000 1.662
9565.000 1.649
9570.000 1.646
9575.000 1.650
9580.000 1.635
9585.000 1.668
9590.000 1.642
9595.000 1.648
9600.000 1.664
9605.000 1.659
9610.000 1.664
9615.000 1.647
9620.000 1.661
9625.000 1.657
9630.000 1.647
9635.000 1.659
9640.000 1.638
9645.000 1.665
9650.000 1.644
9655.000 1.646
9660.000 1.640
9665.000 1.641
9670.000 1.637
9675.000 1.642
9680.000 1.634
9685.000 1.644
9690.000 1.629
9695.000 1.637
9700.000 1.641
9705.000 1.645
9710.000 1.633
9715.000 1.611
9720.000 1.621
9725.000 1.618
9730.000 1.612
9735.000 1.588
9740.000 1.612
9745.000 1.607
9750.000 1.619
9755.000 1.627
9760.000 1.615
9765.000 1.617
9770.000 1.586
9775.000 1.605
9780.000 1.618
9785.000 1.599
9790.000 1.617
9795.000 1.615
9800.000 1.638
9805.000 1.624
9810.000 1.642
9815.000 1.637
9820.000 1.638
9825.000 1.619
9830.000 1.617
9835.000 1.612
9840.000 1.622
9845.000 1.634
9850.000 1.640
9855.000 1.640
9860.000 1.664
9865.000 1.671
9870.000 1.675
9875.000 1.677
9880.000 1.676
9885.000 1.677
9890.000 1.675
9895.000 1.677
9900.000 1.682
9905.000 1.679
9910.000 1.698
9915.000 1.681
9920.000 1.707
9925.000 1.768
9930.000 1.838
9935.000 1.886
9940.000 1.827
9945.000 1.943
9950.000 2.069
9955.000 2.194
9960.000 2.220
9965.000 2.199
9970.000 2.125
9975.000 1.901
9980.000 1.647
9985.000 1.546
9990.000 1.346
9995.000 1.263
10000.000 1.119
10005.000 0.978
10010.000 0.944
10015.000 1.008
10020.000 1.100
10025.000 1.732
10030.000 3.313
10035.000 4.420
10040.000 6.969
10045.000 8.202
10050.000 10.167
10055.000 10.987
10060.000 11.005
10065.000 10.866
10070.000 10.769
10075.000 10.627
10080.000 10.722
10085.000 10.861
10090.000 11.277
10095.000 11.641
10100.000 12.381
10105.000 13.648
10110.000 14.402
10115.000 16.072
10120.000 16.965
10125.000 18.579
10130.000 19.301
10135.000 19.091
10140.000 17.193
10145.000 15.795
10150.000 12.983
10155.000 10.482
10160.000 9.443
10165.000 7.842
10170.000 7.212
10175.000 6.232
10180.000 5.555
10185.000 5.306
10190.000 5.029
10195.000 4.965
10200.000 4.950
10205.000 5.094
10210.000 5.295
10215.000 5.830
10220.000 6.230
10225.000 7.366
10230.000 8.120
10235.000 10.018
10240.000 12.372
10245.000 13.343
10250.000 15.186
10255.000 15.415
10260.000 14.599
10265.000 12.679
10270.000 11.755
10275.000 10.108
10280.000 9.446
10285.000 8.469
10290.000 7.804
10295.000 7.600
10300.000 7.410
10305.000 7.357
10310.000 7.348
10315.000 7.444
10320.000 7.541
10325.000 7.765
10330.000 7.998
10335.000 8.794
10340.000 9.497
10345.000 9.899
10350.000 10.993
10355.000 11.590
10360.000 13.099
10365.000 14.586
10370.000 15.192
10375.000 15.726
10380.000 15.501
10385.000 14.121
10390.000 12.265
10395.000 11.368
10400.000 9.849
10405.000 9.272
10410.000 8.292
10415.000 7.512
10420.000 7.204
10425.000 6.704
10430.000 6.511
10435.000 6.252
10440.000 6.083
10445.000 6.064
10450.000 6.056
10455.000 6.120
10460.000 6.314
10465.000 6.610
10470.000 6.827
10475.000 7.434
10480.000 7.798
10485.000 8.684
10490.000 9.745
10495.000 10.221
10500.000 10.888
10505.000 10.958
10510.000 10.453
10515.000 9.549
10520.000 9.022
10525.000 8.239
10530.000 7.899
10535.000 7.323
10540.000 7.088
10545.000 6.685
10550.000 6.408
10555.000 6.309
10560.000 6.179
10565.000 6.173
10570.000 6.118
10575.000 6.162
10580.000 6.203
10585.000 6.330
10590.000 6.418
10595.000 6.593
10600.000 6.857
10605.000 7.016
10610.000 7.398
10615.000 7.624
10620.000 8.003
10625.000 8.329
10630.000 8.463
10635.000 8.436
10640.000 8.293
10645.000 7.650
10650.000 6.794
10655.000 6.310
10660.000 5.460
10665.000 5.070
10670.000 4.368
10675.000 3.837
10680.000 3.612
10685.000 3.250
10690.000 3.059
10695.000 2.768
10700.000 2.540
10705.000 2.443
10710.000 2.246
10715.000 2.174
10720.000 2.023
10725.000 1.907
10730.000 1.869
10735.000 1.859
10740.000 1.890
10745.000 1.999
10750.000 2.258
10755.000 2.408
10760.000 2.708
10765.000 2.863
10770.000 3.098
10775.000 3.184
10780.000 3.148
10785.000 3.051
10790.000 3.017
10795.000 2.917
10800.000 2.889
10805.000 2.884
10810.000 2.862
10815.000 2.864
10820.000 2.847
10825.000 2.908
10830.000 2.920
10835.000 2.966
10840.000 3.002
10845.000 3.099
10850.000 3.104
10855.000 3.081
10860.000 2.958
10865.000 2.849
10870.000 2.548
10875.000 2.198
10880.000 2.051
10885.000 1.835
10890.000 1.757
10895.000 1.644
10900.000 1.957
10905.000 2.015
10910.000 1.951
10915.000 1.824
10920.000 1.689
10925.000 1.583
10930.000 1.533
10935.000 1.467
10940.000 1.431
10945.000 1.419
10950.000 1.385
10955.000 1.417
10960.000 1.407
10965.000 1.393
10970.000 1.384
10975.000 1.390
10980.000 1.390
10985.000 1.376
10990.000 1.383
10995.000 1.395
11000.000 1.431
11005.000 1.435
11010.000 1.503
11015.000 1.533
11020.000 1.517
11025.000 1.523
11030.000 1.486
11035.000 1.564
11040.000 1.554
11045.000 1.582
11050.000 1.531
11055.000 1.518
11060.000 1.511
11065.000 1.514
11070.000 1.509
11075.000 1.491
11080.000 1.493
11085.000 1.526
11090.000 1.532
11095.000 1.535
11105.000 1.509
11110.000 1.522
11115.000 1.528
11120.000 1.523
11125.000 1.527
11130.000 1.544
11135.000 1.556
11140.000 1.530
11145.000 1.512
11150.000 1.519
11155.000 1.541
11160.000 1.510
11170.000 1.530
11175.000 1.518
11180.000 1.525
11185.000 1.522
11190.000 1.541
11195.000 1.526
11200.000 1.510
11205.000 1.536
11210.000 1.510
11215.000 1.532
11220.000 1.520
11225.000 1.524
11230.000 1.522
11235.000 1.515
11240.000 1.505
11245.000 1.523
11250.000 1.522
11255.000 1.528
11260.000 1.516
11265.000 1.524
11270.000 1.508
11275.000 1.515
11280.000 1.492
11285.000 1.518
11290.000 1.514
11295.000 1.526
11300.000 1.526
11305.000 1.515
11310.000 1.523
11315.000 1.506
11320.000 1.479
11325.000 1.496
11330.000 1.520
11335.000 1.513
11340.000 1.498
11345.000 1.496
11350.000 1.499
11355.000 1.504
11360.000 1.494
11365.000 1.492
11370.000 1.492
11375.000 1.483
11380.000 1.494
11385.000 1.488
11390.000 1.499
11395.000 1.493
11400.000 1.508
11405.000 1.476
11410.000 1.475
11415.000 1.499
11420.000 1.508
11425.000 1.503
11430.000 1.486
11435.000 1.482
11440.000 1.495
11445.000 1.496
11450.000 1.487
11455.000 1.495
11460.000 1.486
11465.000 1.486
11470.000 1.467
11475.000 1.453
11480.000 1.478
11485.000 1.481
11490.000 1.480
11495.000 1.472
11500.000 1.486
11505.000 1.485
11510.000 1.475
11515.000 1.482
11520.000 1.477
11525.000 1.487
11530.000 1.481
11535.000 1.449
11540.000 1.449
11545.000 1.457
11550.000 1.456
11555.000 1.464
11560.000 1.463
11565.000 1.452
11570.000 1.465
11575.000 1.465
11580.000 1.461
11585.000 1.473
11590.000 1.482
11595.000 1.475
11600.000 1.475
11605.000 1.472
11610.000 1.457
11615.000 1.442
11620.000 1.441
11625.000 1.426
11630.000 1.441
11635.000 1.435
11640.000 1.448
11645.000 1.438
11650.000 1.432
11655.000 1.455
11660.000 1.464
11665.000 1.433
11670.000 1.456
11675.000 1.452
11680.000 1.450
11685.000 1.458
11690.000 1.445
11695.000 1.460
11700.000 1.455
11705.000 1.447
11710.000 1.460
11715.000 1.439
11720.000 1.457
11725.000 1.463
11730.000 1.442
11735.000 1.455
11740.000 1.463
11745.000 1.452
11750.000 1.448
11755.000 1.452
11760.000 1.448
11765.000 1.451
11770.000 1.433
11775.000 1.459
11780.000 1.443
11785.000 1.441
11790.000 1.438
11795.000 1.443
11800.000 1.463
11805.000 1.436
11810.000 1.452
11815.000 1.423
11820.000 1.437
11825.000 1.432
11830.000 1.433
11835.000 1.416
11840.000 1.433
11845.000 1.427
11850.000 1.432
11855.000 1.425
11860.000 1.427
11865.000 1.409
11870.000 1.413
11875.000 1.418
11880.000 1.417
11885.000 1.424
11890.000 1.404
11895.000 1.412
11900.000 1.407
11905.000 1.404
11910.000 1.413
11915.000 1.419
11920.000 1.409
11925.000 1.395
11930.000 1.409
11935.000 1.408
11940.000 0.665
11945.000 1.147
11950.000 1.479
11955.000 1.505
11960.000 1.503
11965.000 1.464
11970.000 1.432
11975.000 1.379
11980.000 1.335
11985.000 1.316
11990.000 1.288
11995.000 1.269
12000.000 1.241
