105.000 0.084
110.000 2.819
115.000 2.819
120.000 3.420
130.000 4.984
135.000 5.394
140.000 6.030
145.000 6.372
150.000 6.782
155.000 7.069
160.000 7.507
165.000 7.343
170.000 7.848
175.000 7.560
180.000 7.901
185.000 8.088
190.000 8.217
195.000 8.182
200.000 8.995
205.000 8.441
210.000 10.028
215.000 10.212
220.000 10.085
225.000 10.486
230.000 10.734
235.000 11.271
240.000 11.670
245.000 11.760
250.000 12.332
255.000 12.768
260.000 12.916
265.000 13.389
270.000 13.695
275.000 13.924
280.000 14.400
285.000 14.798
290.000 15.299
295.000 15.401
300.000 15.615
305.000 16.207
310.000 16.459
315.000 17.249
320.000 17.364
325.000 17.674
330.000 18.169
335.000 18.100
340.000 19.149
345.000 19.435
350.000 19.925
355.000 20.185
360.000 21.102
365.000 22.041
370.000 22.695
375.000 23.580
380.000 24.117
385.000 25.330
390.000 26.325
395.000 27.290
400.000 28.448
405.000 29.267
410.000 30.459
415.000 31.961
420.000 32.362
425.000 33.590
430.000 33.963
435.000 34.906
440.000 35.471
445.000 35.424
450.000 35.666
455.000 35.333
460.000 34.628
465.000 33.196
470.000 32.408
475.000 30.171
480.000 28.857
485.000 26.199
490.000 23.684
495.000 22.379
500.000 20.051
505.000 18.912
510.000 16.740
515.000 15.142
520.000 14.399
525.000 13.046
530.000 12.558
535.000 11.565
540.000 10.853
545.000 10.525
550.000 9.981
555.000 9.843
560.000 9.444
565.000 9.109
570.000 8.864
575.000 8.507
580.000 8.394
585.000 8.096
590.000 7.901
595.000 7.601
600.000 7.392
605.000 7.250
610.000 7.103
615.000 6.874
620.000 6.712
625.000 6.617
630.000 6.410
635.000 6.192
640.000 5.853
645.000 5.801
650.000 5.603
655.000 5.531
660.000 5.444
665.000 5.121
670.000 5.088
675.000 4.945
680.000 4.855
685.000 4.699
690.000 4.686
695.000 4.559
700.000 4.460
705.000 4.356
710.000 4.301
715.000 4.181
720.000 4.132
725.000 4.089
730.000 4.042
735.000 3.941
740.000 3.903
745.000 3.878
750.000 3.715
755.000 3.714
760.000 3.600
765.000 3.492
770.000 3.466
775.000 3.296
780.000 3.325
785.000 3.216
790.000 3.135
795.000 3.130
800.000 3.054
805.000 3.108
810.000 2.970
815.000 2.982
820.000 3.016
825.000 2.937
830.000 2.891
835.000 2.948
840.000 2.843
845.000 2.828
850.000 2.823
855.000 2.752
860.000 2.769
865.000 2.683
870.000 2.720
875.000 2.630
880.000 2.633
885.000 2.534
890.000 2.560
895.000 2.510
900.000 2.493
905.000 2.458
910.000 2.410
915.000 2.427
920.000 2.373
925.000 2.327
930.000 2.366
935.000 2.300
940.000 2.284
945.000 2.246
950.000 2.201
955.000 2.259
960.000 2.154
965.000 2.109
970.000 2.075
975.000 2.091
980.000 2.067
985.000 2.073
990.000 2.059
995.000 2.033
1000.000 2.019
1005.000 1.960
1010.000 1.984
1015.000 2.022
1020.000 1.876
1025.000 1.914
1030.000 1.835
1035.000 1.844
1040.000 1.922
1045.000 1.920
1050.000 1.851
1055.000 1.732
1060.000 1.851
1065.000 1.841
1070.000 1.857
1075.000 1.831
1080.000 1.815
1085.000 1.835
1090.000 1.799
1095.000 1.783
1100.000 1.805
1105.000 1.761
1110.000 1.872
1115.000 1.879
1120.000 1.848
1125.000 1.871
1130.000 1.921
1135.000 1.921
1140.000 1.917
1145.000 1.978
1150.000 1.986
1155.000 2.003
1160.000 2.046
1165.000 2.070
1170.000 2.127
1175.000 2.179
1180.000 2.195
1185.000 2.299
1190.000 2.387
1195.000 2.431
1200.000 2.486
1205.000 2.493
1210.000 2.576
1215.000 2.640
1220.000 2.672
1225.000 2.768
1230.000 2.828
1235.000 2.936
1240.000 2.980
1245.000 3.157
1250.000 3.251
1255.000 3.321
1260.000 3.525
1265.000 3.641
1270.000 3.862
1275.000 4.038
1280.000 4.155
1285.000 4.300
1290.000 4.390
1295.000 4.580
1300.000 4.811
1305.000 4.957
1310.000 5.204
1315.000 5.372
1320.000 5.716
1325.000 5.957
1330.000 6.134
1335.000 6.467
1340.000 6.656
1345.000 7.053
1350.000 7.472
1355.000 7.627
1360.000 8.082
1365.000 8.352
1370.000 8.908
1375.000 9.416
1380.000 9.751
1385.000 10.486
1390.000 10.868
1395.000 11.669
1400.000 12.539
1405.000 12.946
1410.000 13.997
1415.000 14.509
1420.000 15.677
1425.000 16.857
1430.000 17.492
1435.000 18.781
1440.000 19.411
1445.000 20.690
1450.000 21.952
1455.000 22.563
1460.000 23.628
1465.000 24.051
1470.000 24.501
1475.000 24.396
1480.000 24.112
1485.000 23.208
1490.000 22.646
1495.000 21.278
1500.000 20.055
1505.000 19.501
1510.000 18.758
1515.000 18.440
1520.000 17.729
1525.000 17.112
1530.000 16.793
1535.000 16.182
1540.000 15.906
1545.000 15.395
1550.000 15.159
1555.000 14.569
1560.000 14.104
1565.000 13.871
1570.000 13.350
1575.000 13.150
1580.000 12.671
1585.000 12.217
1590.000 12.063
1595.000 11.613
1600.000 11.401
1605.000 10.989
1610.000 10.668
1615.000 10.466
1620.000 10.143
1625.000 9.931
1630.000 9.565
1635.000 9.157
1640.000 9.040
1645.000 8.648
1650.000 8.479
1655.000 8.201
1660.000 7.836
1665.000 7.734
1670.000 7.476
1675.000 7.366
1680.000 7.127
1685.000 7.009
1690.000 6.963
1695.000 6.982
1700.000 7.042
1705.000 7.221
1710.000 7.421
1715.000 7.535
1720.000 7.809
1725.000 7.988
1730.000 8.241
1735.000 8.512
1740.000 8.660
1745.000 8.862
1750.000 9.020
1755.000 9.198
1760.000 9.350
1765.000 9.385
1770.000 9.539
1775.000 9.580
1780.000 9.626
1785.000 9.709
1790.000 9.695
1795.000 9.742
1800.000 9.788
1805.000 9.780
1810.000 9.808
1815.000 9.802
1820.000 9.834
1825.000 9.799
1830.000 9.852
1835.000 9.860
1840.000 9.853
1845.000 9.856
1850.000 9.883
1855.000 9.844
1860.000 9.861
1865.000 9.892
1870.000 9.890
1875.000 9.909
1880.000 9.987
1885.000 9.850
1890.000 9.829
1895.000 9.816
1900.000 9.881
1905.000 9.852
1910.000 9.837
1915.000 9.839
1920.000 9.681
1925.000 9.714
1930.000 9.664
1935.000 9.615
1940.000 9.637
1945.000 9.552
1950.000 9.534
1955.000 9.493
1960.000 9.540
1965.000 9.427
1970.000 9.425
1975.000 9.430
1980.000 9.335
1985.000 9.308
1990.000 9.343
1995.000 9.254
2000.000 9.171
2005.000 9.210
2010.000 9.097
2015.000 9.096
2020.000 8.996
2025.000 8.975
2030.000 8.950
2035.000 8.862
2040.000 8.942
2045.000 8.751
2050.000 8.689
2055.000 8.633
2060.000 8.511
2065.000 8.505
2070.000 8.389
2075.000 8.367
2080.000 8.252
2085.000 8.141
2090.000 8.148
2095.000 8.048
2100.000 8.026
2105.000 7.854
2110.000 7.716
2115.000 7.751
2120.000 7.613
2125.000 7.563
2130.000 7.439
2135.000 7.360
2140.000 7.274
2145.000 7.171
2150.000 7.116
2155.000 6.988
2160.000 6.973
2165.000 6.914
2170.000 6.737
2175.000 6.727
2180.000 6.587
2185.000 6.546
2190.000 6.413
2195.000 6.337
2200.000 6.297
2205.000 6.211
2210.000 6.139
2215.000 6.023
2220.000 5.897
2225.000 5.827
2230.000 5.731
2235.000 5.700
2240.000 5.665
2245.000 5.499
2250.000 5.424
2255.000 5.337
2260.000 5.263
2265.000 5.142
2270.000 5.082
2275.000 5.083
2280.000 4.930
2285.000 4.880
2290.000 4.793
2295.000 4.730
2300.000 4.670
2305.000 4.602
2310.000 4.575
2315.000 4.486
2320.000 4.405
2325.000 4.389
2330.000 4.303
2335.000 4.287
2340.000 4.207
2345.000 4.140
2350.000 4.126
2355.000 4.031
2360.000 4.007
2365.000 3.959
2370.000 3.870
2375.000 3.891
2380.000 3.824
2385.000 3.804
2390.000 3.751
2395.000 3.676
2400.000 3.692
2405.000 3.604
2410.000 3.603
2415.000 3.535
2420.000 3.481
2425.000 3.477
2430.000 3.400
2435.000 3.361
2440.000 3.342
2445.000 3.294
2450.000 3.283
2455.000 3.233
2460.000 3.223
2465.000 3.193
2470.000 3.109
2475.000 3.118
2480.000 3.064
2485.000 3.053
2490.000 3.048
2495.000 2.984
2500.000 2.969
2505.000 2.955
2510.000 2.920
2515.000 2.908
2520.000 2.863
2525.000 2.845
2530.000 2.841
2535.000 2.828
2540.000 2.816
2545.000 2.782
2550.000 2.766
2555.000 2.731
2560.000 2.724
2565.000 2.727
2570.000 2.841
2575.000 2.802
2580.000 2.688
2585.000 2.679
2590.000 2.644
2595.000 2.628
2600.000 2.605
2605.000 2.591
2610.000 2.579
2615.000 2.565
2620.000 2.545
2625.000 2.534
2630.000 2.496
2635.000 2.526
2640.000 2.486
2645.000 2.478
2650.000 2.485
2655.000 2.455
2660.000 2.445
2665.000 2.431
2670.000 2.408
2675.000 2.427
2680.000 2.427
2685.000 2.453
2690.000 2.415
2695.000 2.399
2700.000 2.381
2705.000 2.387
2710.000 2.411
2715.000 2.394
2720.000 2.391
2725.000 2.389
2730.000 2.376
2735.000 2.360
2740.000 2.382
2745.000 2.374
2750.000 2.375
2755.000 2.371
2760.000 2.367
2765.000 2.353
2770.000 2.373
2775.000 2.391
2780.000 2.382
2785.000 2.376
2790.000 2.380
2795.000 2.390
2800.000 2.384
2805.000 2.395
2810.000 2.399
2815.000 2.413
2820.000 2.414
2825.000 2.386
2830.000 2.423
2835.000 2.456
2840.000 2.428
2845.000 2.443
2850.000 2.464
2855.000 2.483
2860.000 2.480
2865.000 2.523
2870.000 2.515
2875.000 2.579
2880.000 2.547
2885.000 2.538
2890.000 2.582
2895.000 2.577
2900.000 2.562
2905.000 2.596
2910.000 2.607
2915.000 2.647
2920.000 2.656
2925.000 2.713
2930.000 2.680
2935.000 2.719
2940.000 2.748
2945.000 2.743
2950.000 2.764
2955.000 2.830
2960.000 2.855
2965.000 2.851
2970.000 2.905
2975.000 2.948
2980.000 2.934
2985.000 2.974
2990.000 2.993
2995.000 2.994
3000.000 3.098
3005.000 3.122
3010.000 3.143
3015.000 3.204
3020.000 3.274
3025.000 3.288
3030.000 3.310
3035.000 3.364
3040.000 3.435
3045.000 3.449
3050.000 3.464
3055.000 3.542
3060.000 3.626
3065.000 3.634
3070.000 3.667
3075.000 3.738
3080.000 3.749
3085.000 3.833
3090.000 3.903
3095.000 3.954
3100.000 4.018
3105.000 4.033
3110.000 4.167
3115.000 4.275
3120.000 4.302
3125.000 4.364
3130.000 4.443
3135.000 4.473
3140.000 4.602
3145.000 4.707
3150.000 4.788
3155.000 4.810
3160.000 4.949
3165.000 5.074
3170.000 5.140
3175.000 5.258
3180.000 5.337
3185.000 5.462
3190.000 5.593
3195.000 5.719
3200.000 5.895
3205.000 5.979
3210.000 6.136
3215.000 6.334
3220.000 6.421
3225.000 6.615
3230.000 6.750
3235.000 6.981
3240.000 7.223
3245.000 7.331
3250.000 7.595
3255.000 7.718
3260.000 8.015
3265.000 8.322
3270.000 8.471
3275.000 8.865
3280.000 9.065
3285.000 9.466
3290.000 9.840
3295.000 10.103
3300.000 10.514
3305.000 11.127
3310.000 11.335
3315.000 11.853
3320.000 12.244
3325.000 12.889
3330.000 13.247
3335.000 14.081
3340.000 15.047
3345.000 15.527
3350.000 16.642
3355.000 17.283
3360.000 18.870
3365.000 21.085
3370.000 22.466
3375.000 25.112
3380.000 26.603
3385.000 29.416
3390.000 32.233
3395.000 33.606
3400.000 36.216
3405.000 37.749
3410.000 39.747
3415.000 40.981
3420.000 41.242
3425.000 40.415
3430.000 39.269
3435.000 35.829
3440.000 32.218
3445.000 30.535
3450.000 27.705
3455.000 26.460
3460.000 24.395
3465.000 22.833
3470.000 22.079
3475.000 20.745
3480.000 20.087
3485.000 18.894
3490.000 17.854
3495.000 17.298
3500.000 16.394
3505.000 16.011
3510.000 15.342
3515.000 14.733
3520.000 14.401
3525.000 13.847
3530.000 13.661
3535.000 13.203
3540.000 12.701
3545.000 12.518
3550.000 12.117
3555.000 11.901
3560.000 11.526
3565.000 11.155
3570.000 11.021
3575.000 10.700
3580.000 10.594
3585.000 10.251
3590.000 9.951
3595.000 9.900
3600.000 9.615
3605.000 9.516
3610.000 9.279
3615.000 9.093
3620.000 9.018
3625.000 8.749
3630.000 8.731
3635.000 8.538
3640.000 8.445
3645.000 8.250
3650.000 8.067
3655.000 7.978
3660.000 7.949
3665.000 7.876
3670.000 7.766
3675.000 7.580
3680.000 7.607
3685.000 7.328
3690.000 7.460
3695.000 7.408
3700.000 7.356
3705.000 7.121
3710.000 7.144
3715.000 6.642
3720.000 6.929
3725.000 6.400
3730.000 6.305
3735.000 6.753
3740.000 6.825
3745.000 6.882
3750.000 6.259
3755.000 6.782
3760.000 6.550
3765.000 6.490
3770.000 5.538
3775.000 6.159
3780.000 6.135
3785.000 6.134
3790.000 6.265
3795.000 6.132
3800.000 5.487
3805.000 5.897
3810.000 5.811
3815.000 5.444
3820.000 5.682
3825.000 5.623
3830.000 5.486
3835.000 5.392
3840.000 5.401
3845.000 5.250
3850.000 5.343
3855.000 5.286
3860.000 5.245
3865.000 5.213
3870.000 5.188
3875.000 5.132
3880.000 5.143
3885.000 5.120
3890.000 5.113
3895.000 5.063
3900.000 5.048
3905.000 5.039
3910.000 4.994
3915.000 4.992
3920.000 4.981
3925.000 4.940
3930.000 4.963
3935.000 4.964
3940.000 4.962
3945.000 4.976
3950.000 4.939
3955.000 4.954
3960.000 4.939
3965.000 4.920
3970.000 4.944
3975.000 4.960
3980.000 4.928
3985.000 4.922
3990.000 4.921
3995.000 4.887
4000.000 4.976
4005.000 4.893
4010.000 4.914
4015.000 4.909
4020.000 4.971
4025.000 4.952
4030.000 4.931
4035.000 4.980
4040.000 4.970
4045.000 4.987
4050.000 4.975
4055.000 5.018
4060.000 5.012
4065.000 4.992
4070.000 5.059
4075.000 5.056
4080.000 5.056
4085.000 5.101
4090.000 5.100
4095.000 5.159
4100.000 5.151
4105.000 5.177
4110.000 5.227
4115.000 5.225
4120.000 5.269
4125.000 5.349
4130.000 5.346
4135.000 5.417
4140.000 5.480
4145.000 5.484
4150.000 5.513
4155.000 5.577
4160.000 5.619
4165.000 5.675
4170.000 5.751
4175.000 5.835
4180.000 5.873
4185.000 5.904
4190.000 5.913
4195.000 6.017
4200.000 6.067
4205.000 6.128
4210.000 6.198
4215.000 6.218
4220.000 6.346
4225.000 6.409
4230.000 6.489
4235.000 6.573
4240.000 6.636
4245.000 6.773
4250.000 6.859
4255.000 6.985
4260.000 7.127
4265.000 7.157
4270.000 7.379
4275.000 7.403
4280.000 7.567
4285.000 7.743
4290.000 7.811
4295.000 7.992
4300.000 8.086
4305.000 8.257
4310.000 8.409
4315.000 8.498
4320.000 8.646
4325.000 8.752
4330.000 8.973
4335.000 9.332
4340.000 9.509
4345.000 9.815
4350.000 10.047
4355.000 10.599
4360.000 11.157
4365.000 11.371
4370.000 12.313
4375.000 12.669
4380.000 13.577
4385.000 14.730
4390.000 15.303
4395.000 16.907
4400.000 17.843
4405.000 20.191
4410.000 23.105
4415.000 24.783
4420.000 27.860
4425.000 28.522
4430.000 29.925
4435.000 29.523
4440.000 28.398
4445.000 25.074
4450.000 23.201
4455.000 19.700
4460.000 16.751
4465.000 15.610
4470.000 13.841
4475.000 13.141
4480.000 11.909
4485.000 10.860
4490.000 10.409
4495.000 9.626
4500.000 9.325
4505.000 8.633
4510.000 7.970
4515.000 7.671
4520.000 7.189
4525.000 6.968
4530.000 6.589
4535.000 6.195
4540.000 6.002
4545.000 5.686
4550.000 5.519
4555.000 5.253
4560.000 4.969
4565.000 4.865
4570.000 4.661
4575.000 4.569
4580.000 4.365
4585.000 4.115
4590.000 3.988
4595.000 3.757
4600.000 3.656
4605.000 3.505
4610.000 3.355
4615.000 3.283
4620.000 3.187
4625.000 3.132
4630.000 3.007
4635.000 2.918
4640.000 2.881
4645.000 2.799
4650.000 2.762
4655.000 2.691
4660.000 2.654
4665.000 2.634
4670.000 2.555
4675.000 2.536
4680.000 2.490
4685.000 2.425
4690.000 2.425
4695.000 2.358
4700.000 2.331
4705.000 2.277
4710.000 2.265
4715.000 2.236
4720.000 2.163
4725.000 2.143
4730.000 2.059
4735.000 1.997
4740.000 1.954
4745.000 1.856
4750.000 1.821
4755.000 1.768
4760.000 1.641
4765.000 1.592
4770.000 1.481
4775.000 1.435
4780.000 1.349
4785.000 1.262
4790.000 1.219
4795.000 1.141
4800.000 1.110
4805.000 1.020
4810.000 0.945
4815.000 0.905
4820.000 0.811
4825.000 0.737
4830.000 0.677
4835.000 0.662
4840.000 0.630
4845.000 0.627
4850.000 0.616
4855.000 0.643
4860.000 0.654
4865.000 0.672
4870.000 0.703
4875.000 0.717
4880.000 0.782
4885.000 0.803
4890.000 0.862
4895.000 0.895
4900.000 0.924
4905.000 0.972
4910.000 1.002
4915.000 1.051
4920.000 1.110
4925.000 1.144
4930.000 1.214
4935.000 1.235
4940.000 1.284
4945.000 1.354
4950.000 1.387
4955.000 1.447
4960.000 1.490
4965.000 1.567
4970.000 1.627
4975.000 1.669
4980.000 1.734
4985.000 1.774
4990.000 1.865
4995.000 1.963
5000.000 1.978
5005.000 2.075
5010.000 2.109
5015.000 2.221
5020.000 2.388
5025.000 2.405
5030.000 2.906
5035.000 3.040
5040.000 2.892
5045.000 2.968
5050.000 3.986
5055.000 4.442
5060.000 4.290
5065.000 3.876
5070.000 3.541
5075.000 3.383
5080.000 3.174
5085.000 3.079
5090.000 2.997
5095.000 2.947
5100.000 2.922
5105.000 2.903
5110.000 2.902
5115.000 2.906
5120.000 2.907
5125.000 2.899
5130.000 2.864
5135.000 2.864
5140.000 2.831
5145.000 2.734
5150.000 2.722
5155.000 2.639
5160.000 2.656
5165.000 2.638
5170.000 2.613
5175.000 2.621
5180.000 2.573
5185.000 2.543
5190.000 2.530
5195.000 2.485
5200.000 2.492
5205.000 2.495
5210.000 2.455
5215.000 2.430
5220.000 2.399
5225.000 2.363
5230.000 2.324
5235.000 2.278
5240.000 2.228
5245.000 2.156
5250.000 2.131
5255.000 2.086
5260.000 2.044
5265.000 3.170
5270.000 3.120
5275.000 3.092
5280.000 2.712
5285.000 2.575
5290.000 2.687
5295.000 2.823
5300.000 2.765
5305.000 2.456
5310.000 2.292
5315.000 2.051
5320.000 1.861
5325.000 1.814
5330.000 1.672
5335.000 1.609
5340.000 1.542
5345.000 1.499
5350.000 1.470
5355.000 1.421
5360.000 1.411
5365.000 1.356
5370.000 1.349
5375.000 1.327
5380.000 1.284
5385.000 1.279
5390.000 1.260
5395.000 1.237
5400.000 1.211
5405.000 1.191
5410.000 1.174
5415.000 1.178
5420.000 1.183
5425.000 1.161
5430.000 1.150
5435.000 1.132
5440.000 1.121
5445.000 1.129
5450.000 1.102
5455.000 1.084
5460.000 1.081
5465.000 1.082
5470.000 1.072
5475.000 1.073
5480.000 1.074
5485.000 1.062
5490.000 1.054
5495.000 1.054
5500.000 1.044
5505.000 1.026
5510.000 1.027
5515.000 1.037
5520.000 1.048
5525.000 1.031
5530.000 1.021
5535.000 1.024
5540.000 1.029
5545.000 1.027
5550.000 1.011
5555.000 1.019
5560.000 1.031
5565.000 1.024
5570.000 1.038
5575.000 1.013
5580.000 1.021
5585.000 1.031
5590.000 1.036
5595.000 1.033
5600.000 1.034
5605.000 1.046
5610.000 1.055
5615.000 1.038
5620.000 1.042
5625.000 1.047
5630.000 1.046
5635.000 1.036
5640.000 1.051
5645.000 1.065
5650.000 1.046
5655.000 1.082
5660.000 1.051
5665.000 1.070
5670.000 1.070
5675.000 1.062
5680.000 1.107
5685.000 1.091
5690.000 1.111
5695.000 1.112
5700.000 1.129
5705.000 1.113
5710.000 1.140
5715.000 1.129
5720.000 1.123
5725.000 1.150
5730.000 1.149
5735.000 1.174
5740.000 1.158
5745.000 1.159
5750.000 1.155
5755.000 1.149
5760.000 1.172
5765.000 1.159
5770.000 1.159
5775.000 1.171
5780.000 1.175
5785.000 1.175
5790.000 1.189
5795.000 1.184
5800.000 1.201
5805.000 1.199
5810.000 1.196
5815.000 1.203
5820.000 1.195
5825.000 1.215
5830.000 1.222
5835.000 1.204
5840.000 1.224
5845.000 1.222
5850.000 1.225
5855.000 1.248
5860.000 1.257
5865.000 1.254
5870.000 1.258
5875.000 1.257
5880.000 1.268
5885.000 1.281
5890.000 1.290
5895.000 1.365
5900.000 1.327
5905.000 1.306
5910.000 1.311
5915.000 1.328
5920.000 1.332
5925.000 1.321
5930.000 1.328
5935.000 1.335
5940.000 1.326
5945.000 1.329
5950.000 1.346
5955.000 1.366
5960.000 1.376
5965.000 1.382
5970.000 1.377
5975.000 1.410
5980.000 1.429
5985.000 1.445
5990.000 1.418
5995.000 1.429
6000.000 1.426
6005.000 1.463
6010.000 1.449
6015.000 1.461
6020.000 1.500
6025.000 1.495
6030.000 1.502
6035.000 1.540
6040.000 1.500
6045.000 1.546
6050.000 1.528
6055.000 1.570
6060.000 1.572
6065.000 1.583
6070.000 1.600
6075.000 1.595
6080.000 1.640
6085.000 1.640
6090.000 1.649
6095.000 1.678
6100.000 1.690
6105.000 1.691
6110.000 1.700
6115.000 1.708
6120.000 1.721
6125.000 1.738
6130.000 1.772
6135.000 1.782
6140.000 1.815
6145.000 1.826
6150.000 1.848
6155.000 1.837
6160.000 1.871
6165.000 1.897
6170.000 1.905
6175.000 1.948
6180.000 1.964
6185.000 1.970
6190.000 2.000
6195.000 2.004
6200.000 2.051
6205.000 2.044
6210.000 2.099
6215.000 2.116
6220.000 2.130
6225.000 2.178
6230.000 2.181
6235.000 2.212
6240.000 2.270
6245.000 2.254
6250.000 2.304
6255.000 2.332
6260.000 2.367
6265.000 2.402
6270.000 2.413
6275.000 2.452
6280.000 2.508
6285.000 2.538
6290.000 2.570
6295.000 2.617
6300.000 2.654
6305.000 2.667
6310.000 2.724
6315.000 2.758
6320.000 2.799
6325.000 2.874
6330.000 2.860
6335.000 2.926
6340.000 2.959
6345.000 3.034
6350.000 3.074
6355.000 3.090
6360.000 3.189
6365.000 3.217
6370.000 3.265
6375.000 3.347
6380.000 3.386
6385.000 3.452
6390.000 3.485
6395.000 3.559
6400.000 3.663
6405.000 3.729
6410.000 3.805
6415.000 3.850
6420.000 3.931
6425.000 4.045
6430.000 4.091
6435.000 4.212
6440.000 4.232
6445.000 4.362
6450.000 4.479
6455.000 4.525
6460.000 4.663
6465.000 4.724
6470.000 4.825
6475.000 4.974
6480.000 5.046
6485.000 5.221
6490.000 5.296
6495.000 5.470
6500.000 5.665
6505.000 5.769
6510.000 5.923
6515.000 6.117
6520.000 6.208
6525.000 6.480
6530.000 6.586
6535.000 6.758
6540.000 6.992
6545.000 7.120
6550.000 7.326
6555.000 7.460
6560.000 7.737
6565.000 8.063
6570.000 8.217
6575.000 8.511
6580.000 8.676
6585.000 9.018
6590.000 9.381
6595.000 9.560
6600.000 9.972
6605.000 10.213
6610.000 10.693
6615.000 10.906
6620.000 11.452
6625.000 12.000
6630.000 12.283
6635.000 12.960
6640.000 13.272
6645.000 14.004
6650.000 14.914
6655.000 15.396
6660.000 16.426
6665.000 17.096
6670.000 18.620
6675.000 20.499
6680.000 21.569
6685.000 23.824
6690.000 25.035
6695.000 27.517
6700.000 30.335
6705.000 31.840
6710.000 35.221
6715.000 37.099
6720.000 41.078
6725.000 45.162
6730.000 46.868
6735.000 49.143
6740.000 49.847
6745.000 50.465
6750.000 49.535
6755.000 48.006
6760.000 43.360
6765.000 40.926
6770.000 36.396
6775.000 32.585
6780.000 30.825
6785.000 27.879
6790.000 26.869
6795.000 25.314
6800.000 24.129
6805.000 23.570
6810.000 22.474
6815.000 21.952
6820.000 21.024
6825.000 20.144
6830.000 19.669
6835.000 18.790
6840.000 18.382
6845.000 17.645
6850.000 16.907
6855.000 16.603
6860.000 16.022
6865.000 15.809
6870.000 15.269
6875.000 14.799
6880.000 14.599
6885.000 14.231
6890.000 14.052
6895.000 13.663
6900.000 13.510
6905.000 13.191
6910.000 12.922
6915.000 12.798
6920.000 12.501
6925.000 12.372
6930.000 12.142
6935.000 11.881
6940.000 11.788
6945.000 11.566
6950.000 11.464
6955.000 11.297
6960.000 11.118
6965.000 11.035
6970.000 10.851
6975.000 10.760
6980.000 10.616
6985.000 10.471
6990.000 10.419
6995.000 10.300
7000.000 10.238
7005.000 10.083
7010.000 10.018
7015.000 9.961
7020.000 9.817
7025.000 9.770
7030.000 9.685
7035.000 9.576
7040.000 9.534
7045.000 9.494
7050.000 9.423
7055.000 9.359
7060.000 9.302
7065.000 9.275
7070.000 9.215
7075.000 9.225
7080.000 9.136
7085.000 9.014
7090.000 9.010
7095.000 8.979
7100.000 8.965
7105.000 8.901
7110.000 8.883
7115.000 8.868
7120.000 8.833
7125.000 8.794
7130.000 8.802
7135.000 8.766
7140.000 8.766
7145.000 8.738
7150.000 8.761
7155.000 8.733
7160.000 8.754
7165.000 8.746
7170.000 8.749
7175.000 8.743
7180.000 8.711
7185.000 8.740
7190.000 8.736
7195.000 8.761
7200.000 8.790
7205.000 8.799
7210.000 8.828
7215.000 8.837
7220.000 8.900
7225.000 8.898
7230.000 8.958
7235.000 9.001
7240.000 9.037
7245.000 9.085
7250.000 9.124
7255.000 9.202
7260.000 9.281
7265.000 9.283
7270.000 9.349
7275.000 9.390
7280.000 9.480
7285.000 9.580
7290.000 9.653
7295.000 9.682
7300.000 9.778
7305.000 9.896
7310.000 10.028
7315.000 10.059
7320.000 10.216
7325.000 10.322
7330.000 10.486
7335.000 10.629
7340.000 10.746
7345.000 10.954
7350.000 11.123
7355.000 11.499
7360.000 12.158
7365.000 11.999
7370.000 12.408
7375.000 12.326
7380.000 12.297
7385.000 12.462
7390.000 12.558
7395.000 12.831
7400.000 13.011
7405.000 13.366
7410.000 13.711
7415.000 13.913
7420.000 14.322
7425.000 14.572
7430.000 15.037
7435.000 15.613
7440.000 15.953
7445.000 16.675
7450.000 17.015
7455.000 17.852
7460.000 18.809
7465.000 19.354
7470.000 20.496
7475.000 21.104
7480.000 22.509
7485.000 24.067
7490.000 24.933
7495.000 26.798
7500.000 27.793
7505.000 30.087
7510.000 31.316
7515.000 33.874
7520.000 36.578
7525.000 37.694
7530.000 39.195
7535.000 39.433
7540.000 38.872
7545.000 36.442
7550.000 34.919
7555.000 32.016
7560.000 30.633
7565.000 27.930
7570.000 25.496
7575.000 24.424
7580.000 22.527
7585.000 21.600
7590.000 19.927
7595.000 18.291
7600.000 17.596
7605.000 16.243
7610.000 15.652
7615.000 14.583
7620.000 13.748
7625.000 13.351
7630.000 12.622
7635.000 12.293
7640.000 11.626
7645.000 11.041
7650.000 10.776
7655.000 10.201
7660.000 9.990
7665.000 9.518
7670.000 9.104
7675.000 8.864
7680.000 8.482
7685.000 8.305
7690.000 7.908
7695.000 7.409
7700.000 7.172
7705.000 6.690
7710.000 6.463
7715.000 6.057
7720.000 5.673
7725.000 5.538
7730.000 5.238
7735.000 5.107
7740.000 4.821
7745.000 4.609
7750.000 4.502
7755.000 4.300
7760.000 4.204
7765.000 4.003
7770.000 3.849
7775.000 3.776
7780.000 3.630
7785.000 3.577
7790.000 3.471
7795.000 3.355
7800.000 3.295
7805.000 3.185
7810.000 3.141
7815.000 3.049
7820.000 2.971
7825.000 2.919
7830.000 2.837
7835.000 2.809
7840.000 2.745
7845.000 2.673
7850.000 2.639
7855.000 2.586
7860.000 2.554
7865.000 2.500
7870.000 2.437
7875.000 2.420
7880.000 2.367
7885.000 2.352
7890.000 2.310
7895.000 2.265
7900.000 2.234
7905.000 2.195
7910.000 2.187
7915.000 2.152
7920.000 2.118
7925.000 2.102
7930.000 2.071
7935.000 2.033
7940.000 2.038
7945.000 2.014
7950.000 1.995
7955.000 1.959
7960.000 1.939
7965.000 1.928
7970.000 1.911
7975.000 1.908
7980.000 1.907
7985.000 1.909
7990.000 1.905
7995.000 1.865
8000.000 1.828
8005.000 1.774
8010.000 1.744
8015.000 1.702
8020.000 1.644
8025.000 1.645
8030.000 1.602
8035.000 1.576
8040.000 1.516
8045.000 1.471
8050.000 1.448
8055.000 1.384
8060.000 1.343
8065.000 1.315
8070.000 1.348
8075.000 1.377
8080.000 1.470
8085.000 1.520
8090.000 1.559
8095.000 1.586
8100.000 1.601
8105.000 1.615
8110.000 1.622
8115.000 1.613
8120.000 1.608
8125.000 1.594
8130.000 1.589
8135.000 1.606
8140.000 1.583
8145.000 1.589
8150.000 1.577
8155.000 1.567
8160.000 1.555
8165.000 1.566
8170.000 1.560
8175.000 1.563
8180.000 1.553
8185.000 1.550
8190.000 1.556
8195.000 1.547
8200.000 1.546
8205.000 1.542
8210.000 1.551
8215.000 1.534
8220.000 1.530
8225.000 1.515
8230.000 1.524
8235.000 1.519
8240.000 1.518
8245.000 1.528
8250.000 1.522
8255.000 1.522
8260.000 1.527
8265.000 1.516
8270.000 1.516
8275.000 1.525
8280.000 1.515
8285.000 1.530
8290.000 1.511
8295.000 1.513
8300.000 1.497
8305.000 1.508
8310.000 1.504
8315.000 1.501
8320.000 1.507
8325.000 1.516
8330.000 1.507
8335.000 1.510
8340.000 1.508
8345.000 1.508
8350.000 1.511
8355.000 1.516
8360.000 1.510
8365.000 1.499
8370.000 1.501
8375.000 1.501
8380.000 1.514
8385.000 1.517
8390.000 1.508
8395.000 1.516
8400.000 1.517
8405.000 1.518
8410.000 1.516
8415.000 1.510
8420.000 1.516
8425.000 1.511
8430.000 1.523
8435.000 1.512
8440.000 1.528
8445.000 1.517
8450.000 1.515
8455.000 1.521
8460.000 1.525
8465.000 1.537
8470.000 1.530
8475.000 1.539
8480.000 1.558
8485.000 1.563
8490.000 1.545
8495.000 1.541
8500.000 1.538
8505.000 1.549
8510.000 1.565
8515.000 1.566
8520.000 1.563
8525.000 1.556
8530.000 1.568
8535.000 1.576
8540.000 1.582
8545.000 1.576
8550.000 1.589
8555.000 1.581
8560.000 1.588
8565.000 1.600
8570.000 1.598
8575.000 1.606
8580.000 1.610
8585.000 1.610
8590.000 1.621
8595.000 1.620
8600.000 1.632
8605.000 1.626
8610.000 1.632
8615.000 1.639
8620.000 1.638
8625.000 1.689
8630.000 1.665
8635.000 1.695
8640.000 1.695
8645.000 1.691
8650.000 1.698
8655.000 1.725
8660.000 1.716
8665.000 1.738
8670.000 1.739
8675.000 1.775
8680.000 1.784
8685.000 1.792
8690.000 1.836
8695.000 1.840
8700.000 1.867
8705.000 1.894
8710.000 1.925
8715.000 1.982
8720.000 2.005
8725.000 2.057
8730.000 2.089
8735.000 2.149
8740.000 2.192
8745.000 2.237
8750.000 2.299
8755.000 2.326
8760.000 2.326
8765.000 2.276
8770.000 2.215
8775.000 2.111
8780.000 2.072
8785.000 1.972
8790.000 1.904
8795.000 1.852
8800.000 1.847
8805.000 1.824
8810.000 1.811
8815.000 1.815
8820.000 1.818
8825.000 1.807
8830.000 1.795
8835.000 1.789
8840.000 1.791
8845.000 1.778
8850.000 1.801
8855.000 1.780
8860.000 1.790
8865.000 1.780
8870.000 1.786
8875.000 1.798
8880.000 1.792
8885.000 1.794
8890.000 1.792
8895.000 1.777
8900.000 1.773
8905.000 1.777
8910.000 1.777
8915.000 1.781
8920.000 1.795
8925.000 1.762
8930.000 1.775
8935.000 1.750
8940.000 1.722
8945.000 1.720
8950.000 1.682
8955.000 1.685
8960.000 1.658
8965.000 1.615
8970.000 1.602
8975.000 1.616
8980.000 1.622
8985.000 1.686
8990.000 1.756
8995.000 1.812
9000.000 1.892
9005.000 1.911
9010.000 1.952
9015.000 2.017
9020.000 2.002
9025.000 2.028
9030.000 2.036
9035.000 2.060
9040.000 2.060
9045.000 2.041
9050.000 2.075
9055.000 2.109
9060.000 2.089
9065.000 2.103
9070.000 2.133
9075.000 2.126
9080.000 2.139
9085.000 2.133
9090.000 2.149
9095.000 2.155
9100.000 2.161
9105.000 2.157
9110.000 2.168
9115.000 2.176
9120.000 2.173
9125.000 2.179
9130.000 2.194
9135.000 2.209
9140.000 2.231
9145.000 2.233
9150.000 2.236
9155.000 2.239
9160.000 2.254
9165.000 2.272
9170.000 2.279
9175.000 2.303
9180.000 2.308
9185.000 2.311
9190.000 2.313
9195.000 2.302
9200.000 2.309
9205.000 2.336
9210.000 2.349
9215.000 2.351
9220.000 2.336
9225.000 2.350
9230.000 2.346
9235.000 2.363
9240.000 2.383
9245.000 2.380
9250.000 2.406
9255.000 2.408
9260.000 2.403
9265.000 2.431
9270.000 2.428
9275.000 2.445
9280.000 2.494
9285.000 2.474
9290.000 2.471
9295.000 2.479
9300.000 2.467
9305.000 2.448
9310.000 2.467
9315.000 2.460
9320.000 2.487
9325.000 2.493
9330.000 2.509
9335.000 2.503
9340.000 2.504
9345.000 2.502
9350.000 2.516
9355.000 2.510
9360.000 2.516
9365.000 2.524
9370.000 2.560
9375.000 2.538
9380.000 2.544
9385.000 2.569
9390.000 2.567
9395.000 2.589
9400.000 2.611
9405.000 2.605
9410.000 2.618
9415.000 2.628
9420.000 2.638
9425.000 2.653
9430.000 2.689
9435.000 2.691
9440.000 2.691
9445.000 2.707
9450.000 2.713
9455.000 2.712
9460.000 2.762
9465.000 2.759
9470.000 2.742
9475.000 2.768
9480.000 2.789
9485.000 2.801
9490.000 2.811
9495.000 2.815
9500.000 2.849
9505.000 2.835
9510.000 2.859
9515.000 2.880
9520.000 2.862
9525.000 2.934
9530.000 2.934
9535.000 2.948
9540.000 2.957
9545.000 2.974
9550.000 3.026
9555.000 3.008
9560.000 3.036
9565.000 3.048
9570.000 3.064
9575.000 3.047
9580.000 3.077
9585.000 3.107
9590.000 3.110
9595.000 3.142
9600.000 3.154
9605.000 3.185
9610.000 3.232
9615.000 3.255
9620.000 3.264
9625.000 3.304
9630.000 3.308
9635.000 3.329
9640.000 3.363
9645.000 3.418
9650.000 3.429
9655.000 3.473
9660.000 3.493
9665.000 3.509
9670.000 3.534
9675.000 3.528
9680.000 3.605
9685.000 3.624
9690.000 3.655
9695.000 3.723
9700.000 3.742
9705.000 3.775
9710.000 3.812
9715.000 3.851
9720.000 3.898
9725.000 3.966
9730.000 3.985
9735.000 4.051
9740.000 4.088
9745.000 4.114
9750.000 4.193
9755.000 4.205
9760.000 4.286
9765.000 4.328
9770.000 4.398
9775.000 4.469
9780.000 4.510
9785.000 4.590
9790.000 4.616
9795.000 4.728
9800.000 4.838
9805.000 4.893
9810.000 4.978
9815.000 5.019
9820.000 5.127
9825.000 5.230
9830.000 5.294
9835.000 5.412
9840.000 5.477
9845.000 5.610
9850.000 5.734
9855.000 5.797
9860.000 5.958
9865.000 6.060
9870.000 6.260
9875.000 6.322
9880.000 6.497
9885.000 6.729
9890.000 6.823
9895.000 7.031
9900.000 7.140
9905.000 7.394
9910.000 7.653
9915.000 7.769
9920.000 8.070
9925.000 8.213
9930.000 8.569
9935.000 8.939
9940.000 9.103
9945.000 9.525
9950.000 9.745
9955.000 10.224
9960.000 10.758
9965.000 11.055
9970.000 11.667
9975.000 12.012
9980.000 12.832
9985.000 13.732
9990.000 14.229
9995.000 15.360
10000.000 15.997
10005.000 17.232
10010.000 19.120
10015.000 20.262
10020.000 22.917
10025.000 24.302
10030.000 27.382
10035.000 30.580
10040.000 32.084
10045.000 34.815
10050.000 35.990
10055.000 37.246
10060.000 36.925
10065.000 35.710
10070.000 32.104
10075.000 30.151
10080.000 26.398
10085.000 23.192
10090.000 21.813
10095.000 19.599
10100.000 18.670
10105.000 17.049
10110.000 15.733
10115.000 15.168
10120.000 14.199
10125.000 13.795
10130.000 12.965
10135.000 12.237
10140.000 11.898
10145.000 11.292
10150.000 10.998
10155.000 10.447
10160.000 10.019
10165.000 9.777
10170.000 9.351
10175.000 9.159
10180.000 8.789
10185.000 8.615
10190.000 8.270
10195.000 8.000
10200.000 7.838
10205.000 7.564
10210.000 7.447
10215.000 7.231
10220.000 6.977
10225.000 6.891
10230.000 6.673
10235.000 6.592
10240.000 6.394
10245.000 6.244
10250.000 6.187
10255.000 6.013
10260.000 5.936
10265.000 5.754
10270.000 5.533
10275.000 5.464
10280.000 5.280
10285.000 5.220
10290.000 5.057
10295.000 4.908
10300.000 4.855
10305.000 4.722
10310.000 4.683
10315.000 4.667
10320.000 4.750
10325.000 4.763
10330.000 4.711
10335.000 4.693
10340.000 4.652
10345.000 4.602
10350.000 4.589
10355.000 4.546
10360.000 4.523
10365.000 4.515
10370.000 4.477
10375.000 4.463
10380.000 4.446
10385.000 4.435
10390.000 4.438
10395.000 4.425
10400.000 4.434
10405.000 4.427
10410.000 4.431
10415.000 4.433
10420.000 4.440
10425.000 4.438
10430.000 4.464
10435.000 4.493
10440.000 4.514
10445.000 4.528
10450.000 4.541
10455.000 4.572
10460.000 4.603
10465.000 4.636
10470.000 4.687
10475.000 4.728
10480.000 4.817
10485.000 4.811
10490.000 4.840
10495.000 4.871
10500.000 4.907
10505.000 4.946
10510.000 4.949
10515.000 4.983
10520.000 5.030
10525.000 5.060
10530.000 5.111
10535.000 5.110
10540.000 5.195
10545.000 5.258
10550.000 5.312
10555.000 5.410
10560.000 5.444
10565.000 5.566
10570.000 5.717
10575.000 5.778
10580.000 5.919
10585.000 6.013
10590.000 6.218
10595.000 6.424
10600.000 6.504
10605.000 6.706
10610.000 6.845
10615.000 7.095
10620.000 7.352
10625.000 7.472
10630.000 7.751
10635.000 7.879
10640.000 8.212
10645.000 8.575
10650.000 8.716
10655.000 9.055
10660.000 9.292
10665.000 9.774
10670.000 10.295
10675.000 10.568
10680.000 11.126
10685.000 11.464
10690.000 12.176
10695.000 12.989
10700.000 13.404
10705.000 14.409
10710.000 14.987
10715.000 16.191
10720.000 17.592
10725.000 18.387
10730.000 20.161
10735.000 20.957
10740.000 22.336
10745.000 23.146
10750.000 23.216
10755.000 22.703
10760.000 22.123
10765.000 20.785
10770.000 20.169
10775.000 18.638
10780.000 17.107
10785.000 16.389
10790.000 15.064
10795.000 14.516
10800.000 13.563
10805.000 12.713
10810.000 12.383
10815.000 11.828
10820.000 11.555
10825.000 11.046
10830.000 10.546
10835.000 10.276
10840.000 9.737
10845.000 9.473
10850.000 8.988
10855.000 8.466
10860.000 8.296
10865.000 7.881
10870.000 7.715
10875.000 7.356
10880.000 7.022
10885.000 6.910
10890.000 6.609
10895.000 6.473
10900.000 6.212
10905.000 6.015
10910.000 5.904
10915.000 5.739
10920.000 5.640
10925.000 5.438
10930.000 5.275
10935.000 5.217
10940.000 5.032
10945.000 4.976
10950.000 4.822
10955.000 4.696
10960.000 4.635
10965.000 4.539
10970.000 4.487
10975.000 4.394
10980.000 4.288
10985.000 4.236
10990.000 4.152
10995.000 4.097
11000.000 4.034
11005.000 3.963
11010.000 3.931
11015.000 3.877
11020.000 3.839
11025.000 3.787
11030.000 3.670
11035.000 3.669
11040.000 3.601
11045.000 3.531
11050.000 3.476
11055.000 3.430
11060.000 3.381
11065.000 3.322
11070.000 3.289
11075.000 3.212
11080.000 3.131
11085.000 3.104
11090.000 3.061
11095.000 3.053
11100.000 2.988
11105.000 2.937
11110.000 2.928
11115.000 2.908
11120.000 2.860
11125.000 2.844
11130.000 2.785
11135.000 2.773
11140.000 2.745
11145.000 2.721
11150.000 2.710
11155.000 2.689
11160.000 2.662
11165.000 2.621
11170.000 2.601
11175.000 2.586
11180.000 2.542
11185.000 2.543
11190.000 2.537
11195.000 2.505
11200.000 2.499
11205.000 2.475
11210.000 2.452
11215.000 2.444
11220.000 2.434
11225.000 2.420
11230.000 2.397
11235.000 2.381
11240.000 2.362
11245.000 2.355
11250.000 2.332
11255.000 2.336
11260.000 2.319
11265.000 2.317
11270.000 2.299
11275.000 2.291
11280.000 2.274
11285.000 2.261
11290.000 2.243
11295.000 2.258
11300.000 2.241
11305.000 2.234
11310.000 2.217
11315.000 2.205
11320.000 2.209
11325.000 2.210
11330.000 2.198
11335.000 2.193
11340.000 2.177
11345.000 2.176
11350.000 2.195
11355.000 2.189
11360.000 2.175
11365.000 2.166
11370.000 2.149
11375.000 2.149
11380.000 2.149
11385.000 2.149
11390.000 2.152
11395.000 2.154
11400.000 2.148
11405.000 2.165
11410.000 2.144
11415.000 2.179
11420.000 2.169
11425.000 2.169
11430.000 2.186
11435.000 2.139
11440.000 2.141
11445.000 2.140
11450.000 2.122
11455.000 2.101
11460.000 2.095
11465.000 2.090
11470.000 2.078
11475.000 2.055
11480.000 2.057
11485.000 2.036
11490.000 2.030
11495.000 2.018
11500.000 2.002
11505.000 1.998
11510.000 1.994
11515.000 2.007
11520.000 1.991
11525.000 1.985
11530.000 2.004
11535.000 1.979
11540.000 1.987
11545.000 1.990
11550.000 1.982
11555.000 1.984
11560.000 1.983
11565.000 1.970
11570.000 1.987
11575.000 1.982
11580.000 1.980
11585.000 1.997
11590.000 1.996
11595.000 1.970
11600.000 1.963
11605.000 1.987
11610.000 1.985
11615.000 1.982
11620.000 1.979
11625.000 1.985
11630.000 1.987
11635.000 1.978
11640.000 1.961
11645.000 1.960
11650.000 1.940
11655.000 1.954
11660.000 1.962
11665.000 1.976
11670.000 1.951
11675.000 1.941
11680.000 1.947
11685.000 1.967
11690.000 1.952
11695.000 1.921
11700.000 1.912
11705.000 1.879
11710.000 1.901
11715.000 1.887
11720.000 1.877
11725.000 1.874
11730.000 1.880
11735.000 1.893
11740.000 1.895
11745.000 1.890
11750.000 1.891
11755.000 1.875
11760.000 1.869
11765.000 1.880
11770.000 1.886
11775.000 1.882
11780.000 1.874
11785.000 1.857
11790.000 1.863
11795.000 1.854
11800.000 1.852
11805.000 1.841
11810.000 1.857
11815.000 1.855
11820.000 1.874
11825.000 1.833
11830.000 1.866
11835.000 1.842
11840.000 1.858
11845.000 1.856
11850.000 1.855
11855.000 1.852
11860.000 1.844
11865.000 1.827
11870.000 1.851
11875.000 1.837
11880.000 1.844
11885.000 1.832
11890.000 1.810
11895.000 1.842
11900.000 1.834
11905.000 1.822
11910.000 1.829
11915.000 1.813
11920.000 1.825
11925.000 1.834
11930.000 1.809
11935.000 1.808
11940.000 1.805
11945.000 1.814
11950.000 1.828
11955.000 1.821
11960.000 1.809
11965.000 1.814
11970.000 1.807
11975.000 1.807
11980.000 1.816
11985.000 1.799
11990.000 1.795
11995.000 1.830
12000.000 1.794
