105.000 0.226
110.000 0.748
115.000 2.500
120.000 3.240
125.000 3.533
130.000 3.758
135.000 4.103
140.000 4.334
145.000 4.285
150.000 4.484
155.000 4.412
160.000 4.938
165.000 5.389
170.000 4.690
175.000 4.485
180.000 4.312
185.000 4.437
190.000 5.161
195.000 5.663
200.000 5.580
205.000 5.853
210.000 5.915
215.000 6.824
220.000 7.709
225.000 4.610
230.000 5.961
235.000 7.043
240.000 7.316
245.000 7.730
250.000 8.324
255.000 8.389
260.000 8.704
265.000 8.543
270.000 9.074
275.000 8.938
280.000 9.250
285.000 9.723
290.000 9.410
295.000 9.721
300.000 9.611
305.000 9.898
310.000 9.949
315.000 10.301
320.000 10.484
325.000 10.512
330.000 10.774
335.000 12.247
340.000 12.376
345.000 13.087
350.000 13.490
355.000 13.697
360.000 14.786
365.000 16.226
370.000 16.718
375.000 17.968
380.000 18.550
385.000 19.686
390.000 20.480
395.000 21.900
400.000 23.571
405.000 24.371
410.000 25.179
415.000 25.902
420.000 27.047
425.000 27.996
430.000 28.419
435.000 29.215
440.000 29.521
445.000 29.727
450.000 29.911
455.000 29.493
460.000 28.284
465.000 28.454
470.000 27.185
475.000 24.200
480.000 23.507
485.000 21.104
490.000 20.065
495.000 17.956
500.000 16.034
505.000 15.330
510.000 13.603
515.000 12.781
520.000 12.345
525.000 10.884
530.000 10.679
535.000 10.164
540.000 9.912
545.000 9.452
550.000 9.268
555.000 9.115
560.000 8.857
565.000 8.702
570.000 8.393
575.000 8.131
580.000 8.207
585.000 7.845
590.000 7.743
595.000 7.542
600.000 7.329
605.000 7.252
610.000 7.107
615.000 6.979
620.000 6.763
625.000 6.611
630.000 6.573
635.000 6.407
640.000 6.304
645.000 6.205
650.000 6.117
655.000 6.057
660.000 5.965
665.000 5.885
670.000 5.814
675.000 5.745
680.000 5.623
685.000 5.537
690.000 5.481
695.000 5.310
700.000 5.329
705.000 5.274
710.000 5.196
715.000 5.248
720.000 5.181
725.000 5.127
730.000 5.067
735.000 4.974
740.000 4.937
745.000 4.891
750.000 4.774
755.000 4.809
760.000 4.693
765.000 4.579
770.000 4.641
775.000 4.522
780.000 4.514
785.000 4.509
790.000 4.351
795.000 4.416
800.000 4.409
805.000 4.388
810.000 4.420
815.000 4.458
820.000 4.519
825.000 4.498
830.000 4.502
835.000 4.660
840.000 4.651
845.000 4.685
850.000 4.701
855.000 4.730
860.000 4.735
865.000 4.816
870.000 4.810
875.000 4.957
880.000 4.968
885.000 5.043
890.000 5.087
895.000 5.171
900.000 5.286
905.000 5.350
910.000 5.600
915.000 5.731
920.000 5.538
925.000 5.719
930.000 5.799
935.000 5.882
940.000 5.976
945.000 6.185
950.000 6.387
955.000 6.402
960.000 6.721
965.000 6.840
970.000 6.983
975.000 7.188
980.000 7.260
985.000 7.386
990.000 7.475
995.000 7.524
1000.000 7.452
1005.000 7.387
1010.000 7.145
1015.000 7.014
1020.000 6.836
1025.000 6.581
1030.000 6.244
1035.000 5.860
1040.000 5.786
1045.000 5.435
1050.000 5.273
1055.000 5.003
1060.000 4.705
1065.000 4.698
1070.000 4.495
1075.000 4.386
1080.000 4.153
1085.000 4.188
1090.000 4.097
1095.000 3.975
1100.000 3.933
1105.000 3.890
1110.000 3.801
1115.000 3.677
1120.000 3.780
1125.000 3.698
1130.000 3.625
1135.000 3.701
1140.000 3.589
1145.000 3.586
1150.000 3.488
1155.000 3.495
1160.000 3.494
1165.000 3.472
1170.000 3.499
1175.000 3.480
1180.000 3.540
1185.000 3.522
1190.000 3.406
1195.000 3.663
1200.000 3.641
1205.000 3.520
1210.000 3.518
1215.000 3.436
1220.000 3.401
1225.000 3.420
1230.000 3.358
1235.000 3.437
1240.000 3.425
1245.000 3.464
1250.000 3.381
1255.000 3.402
1260.000 3.379
1265.000 3.398
1270.000 3.418
1275.000 3.429
1280.000 3.436
1285.000 3.459
1290.000 3.463
1295.000 3.492
1300.000 3.458
1305.000 3.457
1310.000 3.480
1315.000 3.495
1320.000 3.542
1325.000 3.541
1330.000 3.528
1335.000 3.535
1340.000 3.524
1345.000 3.580
1350.000 3.597
1355.000 3.603
1360.000 3.602
1365.000 3.617
1370.000 3.677
1375.000 3.673
1380.000 3.666
1385.000 3.690
1390.000 3.715
1395.000 3.717
1400.000 3.799
1405.000 3.749
1410.000 3.951
1415.000 3.925
1420.000 3.928
1425.000 3.885
1430.000 3.902
1435.000 3.906
1440.000 3.899
1445.000 3.938
1450.000 3.951
1455.000 3.936
1460.000 4.065
1465.000 4.021
1470.000 4.067
1475.000 4.055
1480.000 4.156
1485.000 4.191
1490.000 4.137
1495.000 4.223
1500.000 4.216
1505.000 4.230
1510.000 4.212
1515.000 4.282
1520.000 4.363
1525.000 4.379
1530.000 4.363
1535.000 4.376
1540.000 4.422
1545.000 4.432
1550.000 4.498
1555.000 4.536
1560.000 4.589
1565.000 4.643
1570.000 4.655
1575.000 4.678
1580.000 4.746
1585.000 4.779
1590.000 4.769
1595.000 4.793
1600.000 4.800
1605.000 4.847
1610.000 4.842
1615.000 4.859
1620.000 4.845
1625.000 4.851
1630.000 4.893
1635.000 4.860
1640.000 4.800
1645.000 4.839
1650.000 4.815
1655.000 4.745
1660.000 4.720
1665.000 4.733
1670.000 4.749
1675.000 4.751
1680.000 4.866
1685.000 4.904
1690.000 5.061
1695.000 5.319
1700.000 5.501
1705.000 5.669
1710.000 6.093
1715.000 6.783
1720.000 7.883
1725.000 8.243
1730.000 8.711
1735.000 9.442
1740.000 10.289
1745.000 11.156
1750.000 11.630
1755.000 12.593
1760.000 13.035
1765.000 13.998
1770.000 14.849
1775.000 15.573
1780.000 16.756
1785.000 17.223
1790.000 18.157
1795.000 19.277
1800.000 19.872
1805.000 21.352
1810.000 22.099
1815.000 24.091
1820.000 26.268
1825.000 27.545
1830.000 30.083
1835.000 31.216
1840.000 33.376
1845.000 35.365
1850.000 36.476
1855.000 38.219
1860.000 39.156
1865.000 40.519
1870.000 41.276
1875.000 42.279
1880.000 42.849
1885.000 43.006
1890.000 42.308
1895.000 41.475
1900.000 39.234
1905.000 37.922
1910.000 35.162
1915.000 32.379
1920.000 31.022
1925.000 28.938
1930.000 27.518
1935.000 26.854
1940.000 25.696
1945.000 25.120
1950.000 24.338
1955.000 23.519
1960.000 23.035
1965.000 22.225
1970.000 22.014
1975.000 21.170
1980.000 20.376
1985.000 20.025
1990.000 19.309
1995.000 18.802
2000.000 18.379
2005.000 17.982
2010.000 17.393
2015.000 16.940
2020.000 16.586
2025.000 16.137
2030.000 15.760
2035.000 15.532
2040.000 15.117
2045.000 14.946
2050.000 14.497
2055.000 14.142
2060.000 14.037
2065.000 13.729
2070.000 13.527
2075.000 13.198
2080.000 12.865
2085.000 12.715
2090.000 12.499
2095.000 12.351
2100.000 12.087
2105.000 11.767
2110.000 11.575
2115.000 11.317
2120.000 11.218
2125.000 10.935
2130.000 10.713
2135.000 10.563
2140.000 10.311
2145.000 10.231
2150.000 9.960
2155.000 9.885
2160.000 9.597
2165.000 9.446
2170.000 9.291
2175.000 9.116
2180.000 8.928
2185.000 8.824
2190.000 8.651
2195.000 8.523
2200.000 8.689
2205.000 8.449
2210.000 8.291
2215.000 8.053
2220.000 7.904
2225.000 7.716
2230.000 7.529
2235.000 7.378
2240.000 7.247
2245.000 7.155
2250.000 6.990
2255.000 6.912
2260.000 6.820
2265.000 6.668
2270.000 6.583
2275.000 6.451
2280.000 6.406
2285.000 6.318
2290.000 6.279
2295.000 6.151
2300.000 6.098
2305.000 5.947
2310.000 5.874
2315.000 5.814
2320.000 5.763
2325.000 5.676
2330.000 5.594
2335.000 5.532
2340.000 5.453
2345.000 5.424
2350.000 5.333
2355.000 5.292
2360.000 5.240
2365.000 5.094
2370.000 5.032
2375.000 4.966
2380.000 4.901
2385.000 4.829
2390.000 4.913
2395.000 4.949
2400.000 4.834
2405.000 4.716
2410.000 4.653
2415.000 4.549
2420.000 4.483
2425.000 4.444
2430.000 4.348
2435.000 4.314
2440.000 4.265
2445.000 4.251
2450.000 4.164
2455.000 4.131
2460.000 4.157
2465.000 4.076
2475.000 4.414
2480.000 4.163
2485.000 4.080
2490.000 3.970
2495.000 3.924
2500.000 3.907
2505.000 3.914
2510.000 3.799
2515.000 3.785
2520.000 3.731
2525.000 3.722
2530.000 3.698
2535.000 3.688
2540.000 3.680
2545.000 3.653
2550.000 3.635
2555.000 3.684
2565.000 4.105
2575.000 3.916
2585.000 4.108
2590.000 3.894
2600.000 3.780
2605.000 3.791
2610.000 3.755
2615.000 3.755
2620.000 3.717
2625.000 3.705
2630.000 3.731
2635.000 3.707
2640.000 3.675
2645.000 3.666
2655.000 3.671
2660.000 3.673
2665.000 3.652
2670.000 3.621
2680.000 3.883
2685.000 3.698
2690.000 3.661
2695.000 3.691
2700.000 3.629
2705.000 3.681
2710.000 3.602
2715.000 3.559
2720.000 3.541
2725.000 3.523
2730.000 3.561
2735.000 3.545
2740.000 3.510
2745.000 3.529
2750.000 3.526
2755.000 3.527
2760.000 3.583
2765.000 3.537
2770.000 3.531
2775.000 3.516
2780.000 3.521
2785.000 3.521
2790.000 3.496
2795.000 3.543
2800.000 3.513
2805.000 3.533
2810.000 3.567
2815.000 3.528
2820.000 3.520
2825.000 3.588
2830.000 3.561
2835.000 3.558
2840.000 3.548
2845.000 3.510
2855.000 3.578
2860.000 3.567
2865.000 3.565
2870.000 3.586
2875.000 3.622
2880.000 3.632
2885.000 3.591
2890.000 3.589
2895.000 3.678
2900.000 3.683
2905.000 3.790
2910.000 3.779
2915.000 3.762
2920.000 3.753
2925.000 3.789
2930.000 3.800
2935.000 3.802
2940.000 3.762
2945.000 3.806
2950.000 3.851
2955.000 3.837
2960.000 3.845
2965.000 3.871
2970.000 3.906
2975.000 3.833
2980.000 3.960
2985.000 3.952
2990.000 3.966
2995.000 4.024
3000.000 4.026
3005.000 4.007
3010.000 4.051
3015.000 4.115
3020.000 4.141
3025.000 4.180
3030.000 4.136
3035.000 4.178
3040.000 4.264
3045.000 4.244
3050.000 4.243
3055.000 4.345
3060.000 4.385
3065.000 4.464
3070.000 4.470
3075.000 4.446
3080.000 4.673
3085.000 4.713
3090.000 4.694
3095.000 4.726
3100.000 4.697
3105.000 4.848
3110.000 4.918
3115.000 5.003
3120.000 5.028
3125.000 5.041
3130.000 5.080
3135.000 5.164
3140.000 5.142
3145.000 5.202
3150.000 5.328
3155.000 5.357
3160.000 5.528
3165.000 5.618
3170.000 5.676
3175.000 5.836
3180.000 5.868
3185.000 5.904
3190.000 6.036
3195.000 6.165
3200.000 6.276
3205.000 6.420
3210.000 6.527
3215.000 6.703
3220.000 6.954
3225.000 7.048
3230.000 7.278
3235.000 7.447
3240.000 7.519
3245.000 7.885
3250.000 7.968
3255.000 8.226
3260.000 8.582
3265.000 8.787
3270.000 9.112
3275.000 9.259
3280.000 9.706
3285.000 9.990
3290.000 10.521
3295.000 11.047
3300.000 11.346
3305.000 11.927
3310.000 12.274
3315.000 13.174
3320.000 13.641
3325.000 14.929
3330.000 16.576
3335.000 18.161
3340.000 19.158
3345.000 20.489
3350.000 23.891
3355.000 27.947
3360.000 32.156
3365.000 34.188
3370.000 37.960
3375.000 39.707
3380.000 42.357
3385.000 42.523
3390.000 41.545
3395.000 39.446
3400.000 33.961
3405.000 28.540
3410.000 23.919
3415.000 21.972
3420.000 18.768
3425.000 17.483
3430.000 15.484
3435.000 14.224
3440.000 13.683
3445.000 13.190
3450.000 12.337
3455.000 11.810
3460.000 11.467
3465.000 10.826
3470.000 10.331
3475.000 10.009
3480.000 9.590
3485.000 8.972
3490.000 8.599
3495.000 8.776
3500.000 8.488
3505.000 7.729
3510.000 7.652
3515.000 7.397
3520.000 6.918
3525.000 7.446
3530.000 7.255
3535.000 6.682
3540.000 6.054
3545.000 5.737
3550.000 5.419
3555.000 6.133
3560.000 5.379
3565.000 5.538
3570.000 4.995
3575.000 4.931
3580.000 4.546
3585.000 4.721
3590.000 4.324
3595.000 4.637
3600.000 4.254
3605.000 4.339
3610.000 4.253
3615.000 3.963
3620.000 4.014
3625.000 3.913
3630.000 3.913
3635.000 3.852
3640.000 3.784
3645.000 3.756
3650.000 3.722
3655.000 3.690
3660.000 3.645
3665.000 3.620
3670.000 3.612
3675.000 3.592
3680.000 3.619
3685.000 3.591
3690.000 3.587
3695.000 3.585
3700.000 3.562
3705.000 3.640
3710.000 3.652
3715.000 3.667
3720.000 3.679
3725.000 3.713
3730.000 3.746
3735.000 3.783
3740.000 3.834
3745.000 3.912
3750.000 3.944
3755.000 4.020
3760.000 4.049
3765.000 4.139
3770.000 4.190
3775.000 4.231
3780.000 4.295
3785.000 4.360
3790.000 4.428
3795.000 4.563
3800.000 4.610
3805.000 4.755
3810.000 4.784
3815.000 4.928
3820.000 5.120
3825.000 5.223
3830.000 5.310
3835.000 5.524
3840.000 5.709
3845.000 5.976
3850.000 6.060
3855.000 6.141
3860.000 6.350
3865.000 6.600
3870.000 6.726
3875.000 6.960
3880.000 7.270
3885.000 7.458
3890.000 7.806
3895.000 8.213
3900.000 8.407
3905.000 8.594
3910.000 9.059
3915.000 9.569
3920.000 10.170
3925.000 10.503
3930.000 10.902
3935.000 11.788
3940.000 12.702
3945.000 14.143
3950.000 14.859
3955.000 15.671
3960.000 17.741
3965.000 20.692
3970.000 22.484
3975.000 26.744
3980.000 31.127
3985.000 33.211
3990.000 36.814
3995.000 38.237
4000.000 40.104
4005.000 40.133
4010.000 38.540
4015.000 33.866
4020.000 28.651
4025.000 26.293
4030.000 22.027
4035.000 20.195
4040.000 17.343
4045.000 15.320
4050.000 14.540
4055.000 13.452
4060.000 12.966
4065.000 12.163
4070.000 11.508
4075.000 11.216
4080.000 10.618
4085.000 10.348
4090.000 9.841
4095.000 9.367
4100.000 9.172
4105.000 8.787
4110.000 8.623
4115.000 8.277
4120.000 8.084
4125.000 7.795
4130.000 7.552
4135.000 7.420
4140.000 7.153
4145.000 7.021
4150.000 6.766
4155.000 6.660
4160.000 6.434
4165.000 6.280
4170.000 6.251
4175.000 6.052
4180.000 5.884
4185.000 5.798
4190.000 5.684
4195.000 5.598
4200.000 5.465
4205.000 5.385
4210.000 5.300
4215.000 5.172
4220.000 5.104
4225.000 4.980
4230.000 4.956
4235.000 4.870
4240.000 4.741
4245.000 4.747
4250.000 4.610
4255.000 4.535
4260.000 4.432
4265.000 4.373
4270.000 4.346
4275.000 4.281
4280.000 4.142
4285.000 4.093
4290.000 4.015
4295.000 4.003
4300.000 3.873
4305.000 3.800
4310.000 3.762
4315.000 3.646
4320.000 3.583
4325.000 3.493
4330.000 3.474
4335.000 3.409
4340.000 3.332
4345.000 3.307
4350.000 3.260
4355.000 3.265
4360.000 3.207
4365.000 3.196
4370.000 3.172
4375.000 3.187
4380.000 3.188
4385.000 3.192
4390.000 3.155
4395.000 3.156
4400.000 3.172
4405.000 3.190
4410.000 3.165
4415.000 3.167
4420.000 3.185
4425.000 3.219
4430.000 3.225
4435.000 3.237
4440.000 3.259
4445.000 3.261
4450.000 3.276
4455.000 3.280
4460.000 3.346
4465.000 3.374
4470.000 3.429
4475.000 3.437
4480.000 3.453
4485.000 3.475
4490.000 3.529
4495.000 3.536
4500.000 3.545
4505.000 3.610
4510.000 3.603
4515.000 3.696
4520.000 3.720
4525.000 3.736
4530.000 3.763
4535.000 3.816
4540.000 3.871
4545.000 3.925
4550.000 3.910
4555.000 3.984
4560.000 4.022
4565.000 4.066
4570.000 4.121
4575.000 4.268
4580.000 4.315
4585.000 4.359
4590.000 4.474
4595.000 4.505
4600.000 4.622
4605.000 4.745
4610.000 4.799
4615.000 4.953
4620.000 5.035
4625.000 5.183
4630.000 5.429
4635.000 5.503
4640.000 5.627
4645.000 5.708
4650.000 5.951
4655.000 6.232
4660.000 6.351
4665.000 6.519
4670.000 6.867
4675.000 7.148
4680.000 7.544
4685.000 7.741
4690.000 8.145
4695.000 8.446
4700.000 9.044
4705.000 9.377
4710.000 10.179
4715.000 11.085
4720.000 11.624
4725.000 12.922
4730.000 13.708
4735.000 15.621
4740.000 16.717
4745.000 19.449
4750.000 23.131
4755.000 25.296
4760.000 29.861
4765.000 33.314
4770.000 33.417
4775.000 33.454
4780.000 30.899
4785.000 25.112
4790.000 19.051
4795.000 16.618
4800.000 14.580
4805.000 11.442
4810.000 9.247
4815.000 8.363
4820.000 7.003
4825.000 6.488
4830.000 5.643
4835.000 4.872
4840.000 4.563
4845.000 3.946
4850.000 3.663
4855.000 3.140
4860.000 2.745
4865.000 2.604
4870.000 2.325
4875.000 2.128
4880.000 2.078
4885.000 1.948
4890.000 1.870
4895.000 1.837
4900.000 1.795
4905.000 1.772
4910.000 1.784
4915.000 1.798
4920.000 1.783
4925.000 1.796
4930.000 1.809
4935.000 1.849
4940.000 1.846
4945.000 1.880
4950.000 1.921
4955.000 1.947
4960.000 1.943
4965.000 1.973
4970.000 2.012
4975.000 2.026
4980.000 2.030
4985.000 2.035
4990.000 2.062
4995.000 2.099
5000.000 2.112
5005.000 2.098
5010.000 2.109
5015.000 2.134
5020.000 2.163
5025.000 2.146
5030.000 2.166
5035.000 2.175
5040.000 2.177
5045.000 2.213
5050.000 2.190
5055.000 2.160
5060.000 2.129
5065.000 2.127
5070.000 2.101
5075.000 2.100
5080.000 2.095
5085.000 2.060
5090.000 2.029
5095.000 2.012
5100.000 1.946
5105.000 1.922
5110.000 1.871
5115.000 1.870
5120.000 1.822
5125.000 1.772
5130.000 1.735
5135.000 1.660
5140.000 1.627
5145.000 1.572
5150.000 1.513
5155.000 1.486
5160.000 1.404
5165.000 1.386
5170.000 1.324
5175.000 1.248
5180.000 1.221
5185.000 1.177
5190.000 1.110
5195.000 1.077
5200.000 1.055
5205.000 0.994
5210.000 0.921
5215.000 0.894
5220.000 0.876
5225.000 0.819
5230.000 0.768
5235.000 0.736
5240.000 0.700
5245.000 0.668
5250.000 0.623
5255.000 0.611
5260.000 0.548
5265.000 0.534
5270.000 0.512
5275.000 0.466
5280.000 0.459
5285.000 0.434
5290.000 0.401
5295.000 0.382
5300.000 0.375
5305.000 0.350
5310.000 0.353
5315.000 0.321
5320.000 0.322
5325.000 0.298
5330.000 0.291
5335.000 0.274
5340.000 0.288
5345.000 0.290
5350.000 0.271
5355.000 0.282
5360.000 0.278
5365.000 0.278
5370.000 0.283
5375.000 0.294
5380.000 0.305
5385.000 0.310
5390.000 0.313
5395.000 0.336
5400.000 0.348
5405.000 0.337
5410.000 0.347
5415.000 0.342
5420.000 0.360
5425.000 0.367
5430.000 0.375
5435.000 0.377
5440.000 0.401
5445.000 0.405
5450.000 0.423
5455.000 0.425
5460.000 0.445
5465.000 0.442
5470.000 0.455
5475.000 0.460
5480.000 0.471
5485.000 0.474
5490.000 0.475
5495.000 0.502
5500.000 0.489
5505.000 0.510
5510.000 0.511
5515.000 0.518
5520.000 0.533
5525.000 0.539
5530.000 0.540
5535.000 0.561
5540.000 0.543
5545.000 0.572
5550.000 0.577
5555.000 0.582
5560.000 0.590
5565.000 0.591
5570.000 0.593
5575.000 0.615
5580.000 0.611
5585.000 0.631
5590.000 0.642
5595.000 0.629
5600.000 0.644
5605.000 0.647
5610.000 0.658
5615.000 0.672
5620.000 0.668
5625.000 0.672
5630.000 0.692
5635.000 0.680
5640.000 0.698
5645.000 0.680
5650.000 0.711
5655.000 0.702
5660.000 0.715
5665.000 0.724
5670.000 0.716
5675.000 0.734
5680.000 0.742
5685.000 0.731
5690.000 0.751
5695.000 0.761
5700.000 0.765
5705.000 0.755
5710.000 0.770
5715.000 0.761
5720.000 0.786
5725.000 0.784
5730.000 0.788
5735.000 0.791
5740.000 0.826
5745.000 0.812
5750.000 0.829
5755.000 0.821
5760.000 0.817
5765.000 0.836
5770.000 0.844
5775.000 0.844
5780.000 0.858
5785.000 0.836
5790.000 0.857
5795.000 0.851
5800.000 0.850
5805.000 0.853
5810.000 0.885
5815.000 0.887
5820.000 0.878
5825.000 0.882
5830.000 0.901
5835.000 0.907
5840.000 0.900
5845.000 0.917
5850.000 0.919
5855.000 0.919
5860.000 0.942
5865.000 0.919
5870.000 0.938
5875.000 0.942
5880.000 0.947
5885.000 0.950
5890.000 0.941
5895.000 0.950
5900.000 0.956
5905.000 0.961
5910.000 0.965
5915.000 0.968
5920.000 0.978
5925.000 0.970
5930.000 0.970
5935.000 0.987
5940.000 1.005
5945.000 1.012
5950.000 1.006
5955.000 0.997
5960.000 1.002
5965.000 1.014
5970.000 1.015
5975.000 1.016
5980.000 1.028
5985.000 1.039
5990.000 1.028
5995.000 1.054
6000.000 1.060
6005.000 1.031
6010.000 1.034
6015.000 1.020
6020.000 1.060
6025.000 1.050
6030.000 1.065
6035.000 1.043
6040.000 1.081
6045.000 1.082
6050.000 1.088
6055.000 1.098
6060.000 1.153
6065.000 1.112
6070.000 1.097
6075.000 1.122
6080.000 1.137
6085.000 1.125
6090.000 1.145
6095.000 1.158
6100.000 1.145
6105.000 1.144
6110.000 1.139
6115.000 1.138
6120.000 1.146
6125.000 1.167
6130.000 1.166
6135.000 1.152
6140.000 1.168
6145.000 1.179
6150.000 1.201
6155.000 1.195
6160.000 1.199
6165.000 1.176
6170.000 1.202
6175.000 1.200
6180.000 1.212
6185.000 1.212
6190.000 1.214
6195.000 1.191
6200.000 1.197
6205.000 1.200
6210.000 1.199
6215.000 1.222
6220.000 1.217
6225.000 1.224
6230.000 1.243
6235.000 1.261
6240.000 1.256
6245.000 1.279
6250.000 1.291
6255.000 1.296
6260.000 1.314
6265.000 1.336
6270.000 1.339
6275.000 1.336
6280.000 1.374
6285.000 1.385
6290.000 1.391
6295.000 1.423
6300.000 1.409
6305.000 1.438
6310.000 1.450
6315.000 1.461
6320.000 1.514
6325.000 1.527
6330.000 1.533
6335.000 1.548
6340.000 1.576
6345.000 1.625
6350.000 1.626
6355.000 1.651
6360.000 1.721
6365.000 1.760
6370.000 1.766
6375.000 1.794
6380.000 1.853
6385.000 1.898
6390.000 1.917
6395.000 1.965
6400.000 1.994
6405.000 2.038
6410.000 2.095
6415.000 2.163
6420.000 2.200
6425.000 2.243
6430.000 2.332
6435.000 2.372
6440.000 2.434
6445.000 2.496
6450.000 2.542
6455.000 2.656
6460.000 2.718
6465.000 2.796
6470.000 2.894
6475.000 3.001
6480.000 3.096
6485.000 3.176
6490.000 3.296
6495.000 3.477
6500.000 3.555
6505.000 3.596
6510.000 3.800
6515.000 3.978
6520.000 4.180
6525.000 4.268
6530.000 4.468
6535.000 4.601
6540.000 4.848
6545.000 4.973
6550.000 5.244
6555.000 5.529
6560.000 5.680
6565.000 6.030
6570.000 6.421
6575.000 6.607
6580.000 6.856
6585.000 7.340
6590.000 7.845
6595.000 8.138
6600.000 8.801
6605.000 9.575
6610.000 9.969
6615.000 10.964
6620.000 12.138
6625.000 12.821
6630.000 13.549
6635.000 15.331
6640.000 17.720
6645.000 20.550
6650.000 22.295
6655.000 24.346
6660.000 29.169
6665.000 34.293
6670.000 36.558
6675.000 41.540
6680.000 46.685
6685.000 49.196
6690.000 53.784
6695.000 55.643
6700.000 57.775
6705.000 57.777
6710.000 56.587
6715.000 50.753
6720.000 42.741
6725.000 38.933
6730.000 35.407
6735.000 29.681
6740.000 25.535
6745.000 23.875
6750.000 21.195
6755.000 20.110
6760.000 18.226
6765.000 16.912
6770.000 16.536
6775.000 16.050
6780.000 15.486
6785.000 15.261
6790.000 14.831
6795.000 14.599
6800.000 14.222
6805.000 14.088
6810.000 13.793
6815.000 13.435
6820.000 13.290
6825.000 13.140
6830.000 13.049
6835.000 12.748
6840.000 12.493
6845.000 12.384
6850.000 12.194
6855.000 12.042
6860.000 11.922
6865.000 11.810
6870.000 11.770
6875.000 11.639
6880.000 11.530
6885.000 11.499
6890.000 11.405
6895.000 11.371
6900.000 11.323
6905.000 11.294
6910.000 11.316
6915.000 11.262
6920.000 11.247
6925.000 11.213
6930.000 11.231
6935.000 11.285
6940.000 11.283
6945.000 11.312
6950.000 11.339
6955.000 11.431
6960.000 11.432
6965.000 11.545
6970.000 11.589
6975.000 11.714
6980.000 11.883
6985.000 11.941
6990.000 12.065
6995.000 12.175
7000.000 12.303
7005.000 12.548
7010.000 12.592
7015.000 12.861
7020.000 13.022
7025.000 13.310
7030.000 13.579
7035.000 13.762
7040.000 14.119
7045.000 14.337
7050.000 14.388
7055.000 14.912
7060.000 15.320
7065.000 15.984
7070.000 16.284
7075.000 16.963
7080.000 17.698
7085.000 18.091
7090.000 18.555
7095.000 19.523
7100.000 20.664
7105.000 21.981
7110.000 22.689
7115.000 23.458
7120.000 25.064
7125.000 26.950
7130.000 29.167
7135.000 30.395
7140.000 33.262
7145.000 34.800
7150.000 38.078
7155.000 40.815
7160.000 41.659
7165.000 42.289
7170.000 42.281
7175.000 40.387
7180.000 36.992
7185.000 35.158
7190.000 31.751
7195.000 30.180
7200.000 27.420
7205.000 25.141
7210.000 24.119
7215.000 22.313
7220.000 21.427
7225.000 19.821
7230.000 19.085
7235.000 17.691
7240.000 16.475
7245.000 15.947
7250.000 14.978
7255.000 14.216
7260.000 13.817
7265.000 13.165
7270.000 12.806
7275.000 12.264
7280.000 11.698
7285.000 11.447
7290.000 11.007
7295.000 10.755
7300.000 10.350
7305.000 10.155
7310.000 9.752
7315.000 9.428
7320.000 9.254
7325.000 8.952
7330.000 8.813
7335.000 8.476
7340.000 8.120
7345.000 7.929
7350.000 7.535
7355.000 7.354
7360.000 6.940
7365.000 6.649
7370.000 6.531
7375.000 6.284
7380.000 6.036
7385.000 5.916
7390.000 5.739
7395.000 5.642
7400.000 5.443
7405.000 5.380
7410.000 5.203
7415.000 5.066
7420.000 5.000
7425.000 4.873
7430.000 4.826
7435.000 4.751
7440.000 4.655
7445.000 4.643
7450.000 4.580
7455.000 4.536
7460.000 4.472
7465.000 4.440
7470.000 4.390
7475.000 4.321
7480.000 4.289
7485.000 4.250
7490.000 4.271
7495.000 4.229
7500.000 4.172
7505.000 4.140
7510.000 4.098
7515.000 4.072
7520.000 4.059
7525.000 4.038
7530.000 4.033
7535.000 4.039
7540.000 4.022
7545.000 4.035
7550.000 4.058
7555.000 4.041
7560.000 4.088
7565.000 4.117
7570.000 4.147
7575.000 4.190
7580.000 4.223
7585.000 4.262
7590.000 4.300
7595.000 4.369
7600.000 4.438
7605.000 4.477
7610.000 4.580
7615.000 4.665
7620.000 4.784
7625.000 4.926
7630.000 5.001
7635.000 5.178
7640.000 5.276
7645.000 5.503
7650.000 5.767
7655.000 5.893
7660.000 6.123
7665.000 6.381
7670.000 6.515
7675.000 6.782
7680.000 6.881
7685.000 7.142
7690.000 7.251
7695.000 7.528
7700.000 7.873
7705.000 7.997
7710.000 8.377
7715.000 8.799
7720.000 9.037
7725.000 9.513
7730.000 9.772
7735.000 10.431
7740.000 11.217
7745.000 11.701
7750.000 12.223
7755.000 13.503
7760.000 15.141
7765.000 17.297
7770.000 18.585
7775.000 20.167
7780.000 23.974
7785.000 28.288
7790.000 31.922
7795.000 33.053
7800.000 33.704
7805.000 32.914
7810.000 28.639
7815.000 26.094
7820.000 21.172
7825.000 19.044
7830.000 15.666
7835.000 13.307
7840.000 12.426
7845.000 11.052
7850.000 10.080
7855.000 9.665
7860.000 8.907
7865.000 8.253
7870.000 7.994
7875.000 7.459
7880.000 7.230
7885.000 6.766
7890.000 6.374
7895.000 6.213
7900.000 5.870
7905.000 5.703
7910.000 5.420
7915.000 5.166
7920.000 5.018
7925.000 4.679
7930.000 4.513
7935.000 4.211
7940.000 3.942
7945.000 3.802
7950.000 3.595
7955.000 3.498
7960.000 3.312
7965.000 3.161
7970.000 3.080
7975.000 2.970
7980.000 2.905
7985.000 2.795
7990.000 2.741
7995.000 2.687
8000.000 2.670
8005.000 2.653
8010.000 2.644
8015.000 2.619
8020.000 2.573
8025.000 2.516
8030.000 2.464
8035.000 2.372
8040.000 2.317
8045.000 2.231
8050.000 2.143
8055.000 2.111
8060.000 2.059
8065.000 2.037
8070.000 1.988
8075.000 1.981
8080.000 1.950
8085.000 1.932
8090.000 1.909
8095.000 1.876
8100.000 1.841
8105.000 1.821
8110.000 1.815
8115.000 1.785
8120.000 1.772
8125.000 1.791
8130.000 1.765
8135.000 1.802
8140.000 1.858
8145.000 1.903
8150.000 1.915
8155.000 1.894
8160.000 1.858
8165.000 1.837
8170.000 1.788
8175.000 1.754
8180.000 1.746
8185.000 1.719
8190.000 1.699
8195.000 1.701
8200.000 1.683
8205.000 1.658
8210.000 1.650
8215.000 1.643
8220.000 1.632
8225.000 1.611
8230.000 1.607
8235.000 1.588
8240.000 1.595
8245.000 1.571
8250.000 1.556
8255.000 1.553
8260.000 1.544
8265.000 1.544
8270.000 1.527
8275.000 1.522
8280.000 1.524
8285.000 1.514
8290.000 1.520
8295.000 1.521
8300.000 1.500
8305.000 1.494
8310.000 1.483
8315.000 1.508
8320.000 1.494
8325.000 1.479
8330.000 1.465
8335.000 1.459
8340.000 1.462
8345.000 1.465
8350.000 1.475
8355.000 1.469
8360.000 1.456
8365.000 1.458
8370.000 1.445
8375.000 1.449
8380.000 1.444
8385.000 1.441
8390.000 1.430
8395.000 1.428
8400.000 1.425
8405.000 1.432
8410.000 1.438
8415.000 1.435
8420.000 1.410
8425.000 1.418
8430.000 1.427
8435.000 1.421
8440.000 1.424
8445.000 1.416
8450.000 1.434
8455.000 1.411
8460.000 1.421
8465.000 1.422
8470.000 1.416
8475.000 1.429
8480.000 1.426
8485.000 1.420
8490.000 1.430
8495.000 1.429
8500.000 1.434
8505.000 1.421
8510.000 1.421
8515.000 1.416
8520.000 1.409
8525.000 1.429
8530.000 1.419
8535.000 1.407
8540.000 1.406
8545.000 1.408
8550.000 1.426
8555.000 1.414
8560.000 1.423
8565.000 1.427
8570.000 1.430
8575.000 1.448
8580.000 1.435
8585.000 1.430
8590.000 1.449
8595.000 1.439
8600.000 1.449
8605.000 1.449
8610.000 1.453
8615.000 1.441
8620.000 1.442
8625.000 1.452
8630.000 1.454
8635.000 1.438
8640.000 1.460
8645.000 1.473
8650.000 1.468
8655.000 1.479
8660.000 1.467
8665.000 1.470
8670.000 1.482
8675.000 1.476
8680.000 1.492
8685.000 1.490
8690.000 1.491
8695.000 1.495
8700.000 1.491
8705.000 1.488
8710.000 1.487
8715.000 1.489
8720.000 1.501
8725.000 1.501
8730.000 1.491
8735.000 1.486
8740.000 1.475
8745.000 1.487
8750.000 1.476
8755.000 1.463
8760.000 1.435
8765.000 1.404
8770.000 1.355
8775.000 1.324
8780.000 1.280
8785.000 1.263
8790.000 1.272
8795.000 1.286
8800.000 1.308
8805.000 1.360
8810.000 1.397
8815.000 1.408
8820.000 1.421
8825.000 1.446
8830.000 1.453
8835.000 1.481
8840.000 1.489
8845.000 1.512
8850.000 1.514
8855.000 1.531
8860.000 1.543
8865.000 1.590
8870.000 1.617
8875.000 1.648
8880.000 1.655
8885.000 1.662
8890.000 1.672
8895.000 1.669
8900.000 1.652
8905.000 1.628
8910.000 1.623
8915.000 1.617
8920.000 1.589
8925.000 1.594
8930.000 1.589
8935.000 1.580
8940.000 1.564
8945.000 1.587
8950.000 1.567
8955.000 1.553
8960.000 1.551
8965.000 1.556
8970.000 1.551
8975.000 1.562
8980.000 1.558
8985.000 1.565
8990.000 1.553
8995.000 1.550
9000.000 1.544
9005.000 1.554
9010.000 1.538
9015.000 1.538
9020.000 1.563
9025.000 1.551
9030.000 1.531
9035.000 1.541
9040.000 1.547
9045.000 1.549
9050.000 1.554
9055.000 1.561
9060.000 1.569
9065.000 1.557
9070.000 1.532
9075.000 1.551
9080.000 1.548
9085.000 1.558
9090.000 1.534
9095.000 1.544
9100.000 1.534
9105.000 1.507
9110.000 1.500
9115.000 1.500
9120.000 1.498
9125.000 1.493
9130.000 1.515
9135.000 1.512
9140.000 1.522
9145.000 1.522
9150.000 1.535
9155.000 1.524
9160.000 1.526
9165.000 1.534
9170.000 1.535
9175.000 1.542
9180.000 1.538
9185.000 1.549
9190.000 1.547
9195.000 1.535
9200.000 1.551
9205.000 1.534
9210.000 1.530
9215.000 1.534
9220.000 1.552
9225.000 1.568
9230.000 1.539
9235.000 1.533
9240.000 1.543
9245.000 1.535
9250.000 1.555
9255.000 1.535
9260.000 1.524
9265.000 1.546
9270.000 1.551
9275.000 1.520
9280.000 1.539
9285.000 1.546
9290.000 1.548
9295.000 1.537
9300.000 1.549
9305.000 1.549
9310.000 1.537
9315.000 1.535
9320.000 1.525
9325.000 1.537
9330.000 1.537
9335.000 1.537
9340.000 1.513
9345.000 1.519
9350.000 1.518
9355.000 1.514
9360.000 1.514
9365.000 1.514
9370.000 1.522
9375.000 1.511
9380.000 1.508
9385.000 1.499
9390.000 1.509
9395.000 1.510
9400.000 1.518
9405.000 1.504
9410.000 1.510
9415.000 1.510
9420.000 1.493
9425.000 1.479
9430.000 1.483
9435.000 1.488
9440.000 1.495
9445.000 1.504
9450.000 1.469
9455.000 1.471
9460.000 1.470
9465.000 1.461
9470.000 1.457
9475.000 1.454
9480.000 1.463
9485.000 1.471
9490.000 1.457
9495.000 1.448
9500.000 1.470
9505.000 1.477
9510.000 1.459
9515.000 1.465
9520.000 1.448
9525.000 1.443
9530.000 1.440
9535.000 1.457
9540.000 1.446
9545.000 1.448
9550.000 1.450
9555.000 1.414
9560.000 1.408
9565.000 1.412
9570.000 1.414
9575.000 1.414
9580.000 1.404
9585.000 1.391
9590.000 1.415
9595.000 1.408
9600.000 1.406
9605.000 1.402
9610.000 1.396
9615.000 1.410
9620.000 1.402
9625.000 1.397
9630.000 1.398
9635.000 1.406
9640.000 1.383
9645.000 1.395
9650.000 1.400
9655.000 1.394
9660.000 1.393
9665.000 1.392
9670.000 1.386
9675.000 1.389
9680.000 1.403
9685.000 1.386
9690.000 1.414
9695.000 1.412
9700.000 1.424
9705.000 1.427
9710.000 1.437
9715.000 1.456
9720.000 1.460
9725.000 1.460
9730.000 1.464
9735.000 1.465
9740.000 1.488
9745.000 1.502
9750.000 1.523
9755.000 1.560
9760.000 1.573
9765.000 1.617
9770.000 1.623
9775.000 1.673
9780.000 1.709
9785.000 1.728
9790.000 1.787
9795.000 1.825
9800.000 1.892
9805.000 1.927
9810.000 1.979
9815.000 2.051
9820.000 2.088
9825.000 2.207
9830.000 2.340
9835.000 2.374
9840.000 2.527
9845.000 2.573
9850.000 2.740
9855.000 2.817
9860.000 3.030
9865.000 3.248
9870.000 3.362
9875.000 3.616
9880.000 3.802
9885.000 4.099
9890.000 4.278
9895.000 4.705
9900.000 5.201
9905.000 5.826
9910.000 6.214
9915.000 6.591
9920.000 7.546
9925.000 8.716
9930.000 10.177
9935.000 11.002
9940.000 13.042
9945.000 14.263
9950.000 17.138
9955.000 20.538
9960.000 22.414
9965.000 24.439
9970.000 28.678
9975.000 32.963
9980.000 36.193
9985.000 37.217
9990.000 37.706
9995.000 37.076
10000.000 33.399
10005.000 30.996
10010.000 25.995
10015.000 21.569
10020.000 19.711
10025.000 16.768
10030.000 14.579
10035.000 13.701
10040.000 12.942
10045.000 11.696
10050.000 10.803
10055.000 10.445
10060.000 9.937
10065.000 9.759
10070.000 9.490
10075.000 9.216
10080.000 9.071
10085.000 8.836
10090.000 8.643
10095.000 8.533
10100.000 8.362
10105.000 8.307
10110.000 8.137
10115.000 8.076
10120.000 7.950
10125.000 7.842
10130.000 7.808
10135.000 7.690
10140.000 7.614
10145.000 7.597
10150.000 7.531
10155.000 7.512
10160.000 7.500
10165.000 7.476
10170.000 7.429
10175.000 7.430
10180.000 7.457
10185.000 7.460
10190.000 7.473
10195.000 7.476
10200.000 7.483
10205.000 7.474
10210.000 7.538
10215.000 7.589
10220.000 7.647
10225.000 7.675
10230.000 7.708
10235.000 7.777
10240.000 7.905
10245.000 7.930
10250.000 8.057
10255.000 8.085
10260.000 8.225
10265.000 8.351
10270.000 8.434
10275.000 8.642
10280.000 8.724
10285.000 8.900
10290.000 9.143
10295.000 9.261
10300.000 9.530
10305.000 9.679
10310.000 9.948
10315.000 10.168
10320.000 10.598
10325.000 11.399
10330.000 11.658
10335.000 12.250
10340.000 12.864
10345.000 13.193
10350.000 13.872
10355.000 14.336
10360.000 15.342
10365.000 16.572
10370.000 17.333
10375.000 19.086
10380.000 20.052
10385.000 22.387
10390.000 24.751
10395.000 25.984
10400.000 28.028
10405.000 28.855
10410.000 29.773
10415.000 29.702
10420.000 28.449
10425.000 27.322
10430.000 24.678
10435.000 22.077
10440.000 19.837
10445.000 18.765
10450.000 16.910
10455.000 16.076
10460.000 14.609
10465.000 14.010
10470.000 12.916
10475.000 11.932
10480.000 11.545
10485.000 10.722
10490.000 10.388
10495.000 9.735
10500.000 9.123
10505.000 8.838
10510.000 8.297
10515.000 7.885
10520.000 7.640
10525.000 7.429
10530.000 7.014
10535.000 6.693
10540.000 6.388
10545.000 6.248
10550.000 6.093
10555.000 5.822
10560.000 5.587
10565.000 5.331
10570.000 5.253
10575.000 5.050
10580.000 4.957
10585.000 4.777
10590.000 4.606
10595.000 4.516
10600.000 4.389
10605.000 4.340
10610.000 4.222
10615.000 4.164
10620.000 4.051
10625.000 3.992
10630.000 3.890
10635.000 3.794
10640.000 3.714
10645.000 3.678
10650.000 3.648
10655.000 3.548
10660.000 3.474
10665.000 3.431
10670.000 3.356
10675.000 3.262
10680.000 3.216
10685.000 3.148
10690.000 3.084
10695.000 2.989
10700.000 2.872
10705.000 2.828
10710.000 2.726
10715.000 2.683
10720.000 2.621
10725.000 2.584
10730.000 2.583
10735.000 2.552
10740.000 2.540
10745.000 2.539
10750.000 2.537
10755.000 2.539
10760.000 2.542
10765.000 2.565
10770.000 2.598
10775.000 2.613
10780.000 2.623
10785.000 2.686
10790.000 2.704
10795.000 2.771
10800.000 2.833
10805.000 2.843
10810.000 2.927
10815.000 2.970
10820.000 3.077
10825.000 3.199
10830.000 3.271
10835.000 3.401
10840.000 3.485
10845.000 3.701
10850.000 3.908
10855.000 4.040
10860.000 4.220
10865.000 4.309
10870.000 4.549
10875.000 4.842
10880.000 4.997
10885.000 5.292
10890.000 5.479
10895.000 5.911
10900.000 6.449
10905.000 6.731
10910.000 7.455
10915.000 7.882
10920.000 8.815
10925.000 9.892
10930.000 10.405
10935.000 11.390
10940.000 11.802
10945.000 12.417
10950.000 12.779
10955.000 12.756
10960.000 12.485
10965.000 12.194
10970.000 11.342
10975.000 10.839
10980.000 9.784
10985.000 8.864
10990.000 8.415
10995.000 7.628
11000.000 6.953
11005.000 6.666
11010.000 6.122
11015.000 5.903
11020.000 5.519
11025.000 5.229
11030.000 5.107
11035.000 4.705
11040.000 4.785
11045.000 4.622
11050.000 4.437
11055.000 4.121
11060.000 3.866
11065.000 3.775
11070.000 3.603
11075.000 3.533
11080.000 3.416
11085.000 3.356
11090.000 3.224
11095.000 3.128
11100.000 3.042
11105.000 2.996
11110.000 2.941
11115.000 2.902
11120.000 2.837
11125.000 2.793
11130.000 2.720
11135.000 2.631
11140.000 2.595
11145.000 2.509
11150.000 2.456
11155.000 2.442
11160.000 2.397
11165.000 2.361
11170.000 2.301
11175.000 2.284
11180.000 2.239
11185.000 2.210
11190.000 2.185
11195.000 2.132
11200.000 2.128
11205.000 2.085
11210.000 2.060
11215.000 2.050
11220.000 2.021
11225.000 2.008
11230.000 1.980
11235.000 1.972
11240.000 1.947
11245.000 1.936
11250.000 1.928
11255.000 1.903
11260.000 1.889
11265.000 1.877
11270.000 1.872
11275.000 1.883
11280.000 1.852
11285.000 1.846
11290.000 1.846
11295.000 1.810
11300.000 1.821
11305.000 1.801
11310.000 1.746
11315.000 1.731
11320.000 1.698
11325.000 1.726
11330.000 1.716
11335.000 1.709
11340.000 1.695
11345.000 1.703
11350.000 1.704
11355.000 1.688
11360.000 1.709
11365.000 1.694
11370.000 1.686
11375.000 1.690
11380.000 1.678
11385.000 1.686
11390.000 1.673
11395.000 1.666
11400.000 1.656
11405.000 1.653
11410.000 1.669
11415.000 1.657
11420.000 1.644
11425.000 1.644
11430.000 1.640
11435.000 1.640
11440.000 1.641
11445.000 1.641
11450.000 1.451
11455.000 2.066
11460.000 2.092
11465.000 2.058
11470.000 1.916
11475.000 1.866
11480.000 1.758
11485.000 1.704
11490.000 1.670
11500.000 1.624
11505.000 1.621
11510.000 1.622
11515.000 1.630
11520.000 1.637
11525.000 1.637
11530.000 1.631
11540.000 1.675
11545.000 1.663
11555.000 1.699
11560.000 1.673
11565.000 1.681
11570.000 1.677
11575.000 1.683
11580.000 1.669
11585.000 1.660
11595.000 1.664
11605.000 1.649
11610.000 1.649
11615.000 1.656
11620.000 1.640
11625.000 1.654
11630.000 1.654
11635.000 1.649
11640.000 1.634
11645.000 1.646
11650.000 1.611
11655.000 1.608
11660.000 1.603
11665.000 1.627
11670.000 1.608
11675.000 1.617
11680.000 1.621
11685.000 1.604
11690.000 1.605
11695.000 1.598
11700.000 1.618
11705.000 1.611
11715.000 1.617
11725.000 1.633
11730.000 1.604
11735.000 1.596
11740.000 1.588
11745.000 1.591
11750.000 1.595
11755.000 1.592
11760.000 1.582
11765.000 1.577
11770.000 1.586
11775.000 1.587
11780.000 1.587
11785.000 1.579
11790.000 1.577
11795.000 1.571
11800.000 1.575
11805.000 1.578
11810.000 1.588
11815.000 1.574
11820.000 1.574
11825.000 1.575
11830.000 1.576
11835.000 1.576
11840.000 1.577
11845.000 1.569
11850.000 1.556
11855.000 1.569
11860.000 1.547
11865.000 1.548
11870.000 1.548
11875.000 1.548
11880.000 1.540
11885.000 1.561
11890.000 1.563
11895.000 1.565
11900.000 1.559
11905.000 1.555
11910.000 1.537
11915.000 1.544
11920.000 1.537
11925.000 1.537
11930.000 1.567
11935.000 1.547
11940.000 1.561
11945.000 1.540
11950.000 1.557
11955.000 1.547
11960.000 1.537
11965.000 1.529
11970.000 1.535
11975.000 1.517
11980.000 1.530
11985.000 1.535
11990.000 1.536
11995.000 1.550
12000.000 1.532
