105.000 0.158
110.000 0.101
115.000 1.257
120.000 1.423
125.000 1.715
130.000 2.021
135.000 2.032
140.000 5.338
145.000 4.160
150.000 4.168
155.000 4.103
160.000 3.674
165.000 4.647
170.000 4.664
175.000 3.765
180.000 3.393
185.000 3.242
190.000 2.799
195.000 3.237
200.000 2.727
205.000 2.690
210.000 2.762
215.000 2.786
220.000 2.726
225.000 2.602
230.000 2.721
235.000 2.626
240.000 2.791
245.000 2.649
250.000 2.822
255.000 3.149
260.000 3.137
265.000 3.369
270.000 3.445
275.000 3.765
280.000 4.059
285.000 4.247
290.000 4.374
295.000 4.755
300.000 5.298
305.000 5.799
310.000 6.010
315.000 6.679
320.000 7.160
325.000 7.679
330.000 8.687
335.000 8.798
340.000 9.292
345.000 10.186
350.000 10.816
355.000 11.656
360.000 12.553
365.000 13.272
370.000 14.077
375.000 15.538
380.000 24.683
385.000 21.226
390.000 21.179
395.000 21.723
400.000 20.927
405.000 21.745
410.000 22.227
415.000 23.217
420.000 23.734
425.000 24.456
430.000 24.615
435.000 25.483
440.000 26.343
445.000 26.924
450.000 27.528
455.000 27.649
460.000 27.822
465.000 27.398
470.000 27.135
475.000 25.940
480.000 25.312
485.000 23.674
490.000 21.837
495.000 21.217
500.000 19.731
505.000 19.030
510.000 17.741
515.000 16.809
520.000 16.430
525.000 15.757
530.000 15.421
535.000 15.116
540.000 14.767
545.000 14.466
550.000 13.879
555.000 13.531
560.000 13.055
565.000 12.718
570.000 12.680
575.000 12.505
580.000 12.468
585.000 12.411
590.000 12.265
595.000 12.289
600.000 12.334
605.000 12.234
610.000 12.172
615.000 12.205
620.000 12.173
625.000 12.276
630.000 11.942
635.000 12.587
640.000 12.322
645.000 12.116
650.000 12.122
655.000 12.106
660.000 12.124
665.000 12.179
670.000 12.186
675.000 12.176
680.000 12.314
685.000 12.694
690.000 13.230
695.000 13.656
700.000 14.246
705.000 14.904
710.000 15.382
715.000 15.885
720.000 15.860
725.000 16.578
730.000 16.532
735.000 16.113
740.000 15.716
745.000 15.156
750.000 13.999
755.000 13.414
760.000 11.975
765.000 11.265
770.000 10.025
775.000 9.512
780.000 8.234
785.000 7.961
790.000 6.981
795.000 6.081
800.000 5.640
805.000 4.885
810.000 4.318
815.000 3.951
820.000 3.729
825.000 3.281
830.000 3.279
835.000 2.847
840.000 2.565
845.000 2.417
850.000 2.218
855.000 2.114
860.000 1.928
865.000 1.761
870.000 1.738
875.000 1.596
880.000 1.554
885.000 1.421
890.000 1.332
895.000 1.327
900.000 1.251
905.000 1.232
910.000 1.172
915.000 1.117
920.000 1.121
925.000 1.100
930.000 1.076
935.000 1.066
940.000 1.076
945.000 1.036
950.000 1.027
955.000 1.000
960.000 1.036
965.000 1.052
970.000 1.021
975.000 1.139
980.000 1.068
985.000 1.109
990.000 1.090
995.000 1.362
1000.000 1.352
1005.000 1.366
1010.000 1.161
1015.000 1.219
1020.000 1.260
1025.000 1.227
1030.000 1.256
1035.000 1.273
1040.000 1.259
1045.000 1.236
1050.000 1.376
1055.000 1.290
1060.000 1.290
1065.000 1.248
1070.000 1.292
1075.000 1.386
1080.000 1.327
1085.000 1.343
1090.000 1.325
1095.000 1.358
1100.000 1.384
1105.000 1.380
1110.000 1.429
1115.000 1.425
1120.000 1.433
1125.000 1.535
1130.000 1.573
1135.000 1.611
1140.000 1.645
1145.000 1.623
1150.000 1.705
1155.000 1.704
1160.000 1.733
1165.000 1.738
1170.000 1.791
1175.000 1.837
1180.000 1.871
1185.000 1.883
1190.000 1.946
1195.000 2.031
1200.000 2.124
1205.000 2.189
1210.000 2.251
1215.000 2.281
1220.000 2.357
1225.000 2.399
1230.000 2.491
1235.000 2.544
1240.000 2.639
1245.000 2.831
1250.000 2.949
1255.000 3.446
1260.000 3.322
1265.000 3.435
1270.000 3.911
1275.000 4.274
1280.000 4.441
1285.000 5.315
1290.000 5.333
1295.000 5.530
1300.000 5.842
1305.000 6.098
1310.000 6.860
1315.000 7.132
1320.000 7.908
1325.000 8.834
1330.000 9.404
1335.000 9.977
1340.000 11.545
1345.000 13.368
1350.000 15.478
1355.000 16.769
1360.000 17.865
1365.000 20.086
1370.000 21.397
1375.000 21.408
1380.000 20.783
1385.000 18.379
1390.000 17.096
1395.000 14.481
1400.000 12.252
1405.000 11.354
1410.000 9.895
1415.000 9.314
1420.000 8.290
1425.000 7.600
1430.000 7.266
1435.000 6.739
1440.000 6.527
1445.000 6.107
1450.000 5.651
1455.000 5.451
1460.000 5.139
1465.000 5.020
1470.000 4.722
1475.000 4.459
1480.000 4.382
1485.000 4.350
1490.000 4.202
1495.000 3.972
1500.000 3.806
1505.000 3.689
1510.000 3.641
1515.000 3.482
1520.000 3.349
1525.000 3.240
1530.000 3.178
1535.000 3.124
1540.000 3.063
1545.000 2.972
1550.000 2.895
1555.000 2.872
1560.000 2.726
1565.000 2.775
1570.000 2.660
1575.000 2.644
1580.000 2.587
1585.000 2.545
1590.000 2.514
1595.000 2.464
1600.000 2.447
1605.000 2.394
1610.000 2.363
1615.000 2.311
1620.000 2.257
1625.000 2.249
1630.000 2.209
1635.000 2.158
1640.000 2.121
1645.000 2.072
1650.000 2.025
1655.000 1.937
1660.000 1.834
1665.000 1.804
1670.000 1.764
1675.000 1.728
1680.000 1.587
1685.000 1.491
1690.000 1.444
1695.000 1.394
1700.000 1.340
1705.000 1.370
1710.000 1.422
1715.000 1.490
1720.000 1.652
1725.000 1.760
1730.000 2.054
1735.000 2.275
1740.000 2.398
1745.000 2.638
1750.000 2.754
1755.000 2.983
1760.000 3.206
1765.000 3.325
1770.000 3.546
1775.000 3.622
1780.000 3.829
1785.000 4.027
1790.000 4.049
1795.000 4.217
1800.000 4.311
1805.000 4.389
1810.000 4.545
1815.000 4.579
1820.000 4.776
1825.000 4.914
1830.000 5.199
1835.000 5.497
1840.000 5.568
1845.000 5.736
1850.000 5.859
1855.000 6.063
1860.000 6.321
1865.000 6.429
1870.000 6.726
1875.000 7.013
1880.000 7.400
1885.000 7.680
1890.000 7.943
1895.000 8.254
1900.000 8.378
1905.000 8.787
1910.000 9.146
1915.000 9.375
1920.000 9.558
1925.000 9.957
1930.000 10.463
1935.000 10.951
1940.000 11.155
1945.000 11.583
1950.000 11.863
1955.000 12.486
1960.000 13.171
1965.000 13.470
1970.000 14.176
1975.000 14.522
1980.000 15.309
1985.000 16.360
1990.000 16.859
1995.000 18.110
2000.000 18.851
2005.000 20.270
2010.000 21.818
2015.000 22.522
2020.000 24.024
2025.000 24.616
2030.000 25.655
2035.000 26.525
2040.000 26.756
2045.000 26.926
2050.000 26.882
2055.000 26.728
2060.000 26.108
2065.000 25.590
2070.000 24.303
2075.000 23.611
2080.000 22.167
2085.000 20.639
2090.000 19.904
2095.000 18.492
2100.000 17.758
2105.000 16.340
2110.000 15.122
2115.000 14.535
2120.000 13.570
2125.000 13.061
2130.000 12.212
2135.000 11.546
2140.000 11.068
2145.000 10.688
2150.000 10.072
2155.000 9.402
2160.000 8.788
2165.000 8.575
2170.000 8.040
2175.000 7.767
2180.000 7.259
2185.000 6.869
2190.000 6.584
2195.000 6.235
2200.000 6.026
2205.000 5.647
2210.000 5.464
2215.000 5.118
2220.000 4.784
2225.000 4.604
2230.000 4.216
2235.000 4.021
2240.000 3.683
2245.000 3.394
2250.000 3.257
2255.000 2.996
2260.000 2.879
2265.000 2.672
2270.000 2.517
2275.000 2.393
2280.000 2.247
2285.000 2.163
2290.000 2.032
2295.000 1.909
2300.000 1.846
2305.000 1.744
2310.000 1.701
2315.000 1.590
2320.000 1.472
2325.000 1.463
2330.000 1.368
2335.000 1.325
2340.000 1.271
2345.000 1.194
2350.000 1.167
2355.000 1.099
2360.000 1.061
2365.000 1.014
2370.000 0.975
2375.000 0.928
2380.000 0.903
2385.000 0.869
2390.000 0.788
2395.000 0.764
2400.000 0.756
2405.000 0.747
2410.000 0.687
2415.000 0.653
2420.000 0.612
2425.000 0.594
2430.000 0.569
2435.000 0.544
2440.000 0.514
2445.000 0.496
2450.000 0.488
2455.000 0.449
2460.000 0.445
2465.000 0.418
2470.000 0.407
2475.000 0.391
2480.000 0.361
2485.000 0.359
2490.000 0.330
2495.000 0.313
2500.000 0.306
2505.000 0.298
2510.000 0.283
2515.000 0.273
2520.000 0.269
2525.000 0.241
2530.000 0.266
2535.000 0.251
2540.000 0.217
2545.000 0.218
2550.000 0.208
2555.000 0.235
2560.000 0.185
2565.000 0.188
2570.000 0.179
2575.000 0.197
2580.000 0.198
2585.000 0.203
2590.000 0.188
2595.000 0.183
2600.000 0.188
2605.000 0.183
2610.000 0.175
2615.000 0.180
2620.000 0.179
2625.000 0.175
2630.000 0.184
2635.000 0.170
2640.000 0.199
2645.000 0.163
2650.000 0.182
2655.000 0.194
2660.000 0.177
2665.000 0.186
2670.000 0.201
2675.000 0.196
2680.000 0.172
2685.000 0.204
2690.000 0.193
2695.000 0.226
2700.000 0.191
2705.000 0.176
2710.000 0.189
2715.000 0.206
2720.000 0.191
2725.000 0.195
2730.000 0.208
2735.000 0.199
2740.000 0.196
2745.000 0.220
2750.000 0.216
2755.000 0.206
2760.000 0.206
2765.000 0.205
2770.000 0.206
2775.000 0.210
2780.000 0.207
2785.000 0.210
2790.000 0.224
2795.000 0.214
2800.000 0.230
2805.000 0.217
2810.000 0.216
2815.000 0.237
2820.000 0.226
2825.000 0.193
2830.000 0.193
2835.000 0.190
2840.000 0.182
2845.000 0.196
2850.000 0.176
2855.000 0.190
2860.000 0.167
2865.000 0.172
2870.000 0.192
2875.000 0.181
2880.000 0.168
2885.000 0.165
2890.000 0.167
2895.000 0.163
2900.000 0.174
2905.000 0.175
2910.000 0.151
2915.000 0.176
2920.000 0.153
2925.000 0.141
2930.000 0.152
2935.000 0.138
2940.000 0.137
2945.000 0.114
2950.000 0.122
2955.000 0.137
2960.000 0.117
2965.000 0.116
2970.000 0.118
2975.000 0.093
2980.000 0.089
2985.000 0.079
2990.000 0.096
2995.000 0.091
3000.000 0.080
3005.000 0.094
3010.000 0.058
3015.000 0.061
3020.000 0.072
3025.000 0.096
3030.000 0.080
3035.000 0.103
3040.000 0.061
3045.000 0.127
3050.000 0.135
3055.000 0.138
3060.000 0.149
3065.000 0.141
3070.000 0.187
3075.000 0.235
3080.000 0.238
3085.000 0.261
3090.000 0.267
3095.000 0.283
3100.000 0.325
3105.000 0.354
3110.000 0.396
3115.000 0.424
3120.000 0.423
3125.000 0.503
3130.000 0.522
3135.000 0.540
3140.000 0.607
3145.000 0.634
3150.000 0.676
3155.000 0.714
3160.000 0.762
3165.000 0.825
3170.000 0.852
3175.000 0.921
3180.000 0.989
3185.000 1.055
3190.000 1.127
3195.000 1.179
3200.000 1.291
3205.000 1.330
3210.000 1.473
3215.000 1.595
3220.000 1.678
3225.000 1.839
3230.000 1.952
3235.000 2.171
3240.000 2.436
3245.000 2.572
3250.000 2.853
3255.000 2.987
3260.000 3.289
3265.000 3.680
3270.000 3.861
3275.000 4.293
3280.000 4.553
3285.000 5.123
3290.000 5.443
3295.000 6.190
3300.000 7.183
3305.000 7.791
3310.000 9.105
3315.000 10.705
3320.000 11.766
3325.000 14.288
3330.000 15.615
3335.000 18.836
3340.000 22.493
3345.000 24.588
3350.000 29.187
3355.000 31.779
3360.000 36.938
3365.000 41.495
3370.000 43.552
3375.000 46.538
3380.000 47.224
3385.000 47.122
3390.000 43.661
3395.000 41.004
3400.000 34.897
3405.000 31.821
3410.000 26.053
3415.000 21.321
3420.000 19.415
3425.000 16.465
3430.000 15.321
3435.000 13.510
3440.000 12.183
3445.000 11.623
3450.000 10.778
3455.000 10.534
3460.000 10.153
3465.000 9.930
3470.000 9.840
3475.000 9.597
3480.000 9.514
3485.000 9.408
3490.000 9.102
3495.000 9.088
3500.000 8.943
3505.000 8.916
3510.000 8.803
3515.000 8.639
3520.000 9.030
3525.000 8.821
3530.000 8.787
3535.000 9.108
3540.000 8.545
3545.000 9.165
3550.000 8.542
3555.000 9.178
3560.000 8.909
3565.000 8.783
3570.000 8.269
3575.000 9.133
3580.000 8.678
3585.000 9.452
3590.000 9.228
3595.000 9.316
3600.000 9.309
3605.000 8.986
3610.000 9.047
3615.000 9.442
3620.000 9.338
3625.000 9.529
3630.000 9.693
3635.000 9.922
3640.000 10.246
3645.000 10.329
3650.000 10.687
3655.000 10.866
3660.000 11.213
3665.000 11.533
3670.000 11.828
3675.000 12.423
3680.000 12.659
3685.000 13.466
3690.000 13.828
3695.000 14.673
3700.000 15.786
3705.000 16.549
3710.000 18.375
3715.000 19.538
3720.000 22.599
3725.000 25.970
3730.000 27.681
3735.000 30.957
3740.000 32.552
3745.000 35.309
3750.000 37.002
3755.000 37.132
3760.000 34.516
3765.000 32.153
3770.000 26.964
3775.000 22.396
3780.000 20.369
3785.000 17.147
3790.000 15.796
3795.000 13.810
3800.000 12.429
3805.000 11.821
3810.000 10.810
3815.000 10.418
3820.000 9.595
3825.000 8.892
3830.000 8.519
3835.000 7.966
3840.000 7.694
3845.000 7.183
3850.000 6.726
3855.000 6.531
3860.000 6.118
3865.000 5.988
3870.000 5.598
3875.000 5.235
3880.000 5.010
3885.000 4.607
3890.000 4.404
3895.000 4.032
3900.000 3.779
3905.000 3.639
3910.000 3.404
3915.000 3.308
3920.000 3.121
3925.000 2.953
3930.000 2.899
3935.000 2.748
3940.000 2.685
3945.000 2.598
3950.000 2.506
3955.000 2.461
3960.000 2.367
3965.000 2.314
3970.000 2.263
3975.000 2.234
3980.000 2.180
3985.000 2.121
3990.000 2.118
3995.000 2.063
4000.000 2.083
4005.000 2.070
4010.000 2.062
4015.000 2.027
4020.000 1.910
4025.000 1.958
4030.000 1.980
4035.000 1.957
4040.000 1.951
4045.000 1.982
4050.000 1.915
4055.000 1.960
4060.000 1.976
4065.000 2.008
4070.000 2.054
4075.000 2.046
4080.000 2.058
4085.000 2.125
4090.000 2.145
4095.000 2.202
4100.000 2.237
4105.000 2.266
4110.000 2.362
4115.000 2.412
4120.000 2.513
4125.000 2.648
4130.000 2.722
4135.000 2.889
4140.000 2.963
4145.000 3.217
4150.000 3.485
4155.000 3.684
4160.000 3.977
4165.000 4.142
4170.000 4.461
4175.000 4.875
4180.000 5.099
4185.000 5.609
4190.000 5.885
4195.000 6.519
4200.000 7.311
4205.000 7.801
4210.000 9.069
4215.000 9.869
4220.000 11.924
4225.000 13.149
4230.000 16.177
4235.000 20.035
4240.000 22.192
4245.000 26.320
4250.000 29.786
4255.000 31.070
4260.000 31.604
4265.000 30.241
4270.000 25.252
4275.000 20.033
4280.000 17.529
4285.000 13.962
4290.000 12.593
4295.000 10.474
4300.000 9.635
4305.000 8.301
4310.000 7.318
4315.000 6.947
4320.000 6.394
4325.000 6.163
4330.000 5.711
4335.000 5.534
4340.000 5.249
4345.000 4.955
4350.000 4.847
4355.000 4.645
4360.000 4.535
4365.000 4.349
4370.000 4.263
4375.000 4.212
4380.000 4.057
4385.000 3.887
4390.000 3.836
4395.000 3.696
4400.000 3.649
4405.000 3.547
4410.000 3.433
4415.000 3.369
4420.000 3.266
4425.000 3.245
4430.000 3.156
4435.000 3.082
4440.000 3.054
4445.000 2.983
4450.000 2.952
4455.000 2.897
4460.000 2.860
4465.000 2.838
4470.000 2.795
4475.000 2.798
4480.000 2.762
4485.000 2.729
4490.000 2.706
4495.000 2.678
4500.000 2.653
4505.000 2.664
4510.000 2.631
4515.000 2.655
4520.000 2.606
4525.000 2.609
4530.000 2.602
4535.000 2.580
4540.000 2.590
4545.000 2.583
4550.000 2.570
4555.000 2.563
4560.000 2.568
4565.000 2.559
4570.000 2.591
4575.000 2.575
4580.000 2.562
4585.000 2.573
4590.000 2.585
4595.000 2.616
4600.000 2.717
4605.000 2.784
4610.000 2.736
4615.000 2.746
4620.000 2.714
4625.000 2.732
4630.000 2.732
4635.000 2.756
4640.000 2.758
4645.000 2.758
4650.000 2.797
4655.000 2.806
4660.000 2.855
4665.000 2.901
4670.000 2.951
4675.000 3.002
4680.000 3.083
4685.000 3.112
4690.000 3.135
4695.000 3.226
4700.000 3.274
4705.000 3.303
4710.000 3.360
4715.000 3.431
4720.000 3.502
4725.000 3.548
4730.000 3.661
4735.000 3.756
4740.000 3.795
4745.000 3.923
4750.000 3.967
4755.000 4.091
4760.000 4.189
4765.000 4.248
4770.000 4.302
4775.000 4.360
4780.000 4.465
4785.000 4.608
4790.000 4.761
4795.000 4.897
4800.000 5.010
4805.000 5.206
4810.000 5.498
4815.000 5.616
4820.000 5.989
4825.000 6.197
4830.000 6.756
4835.000 7.475
4840.000 7.869
4845.000 8.810
4850.000 9.311
4855.000 9.435
4860.000 8.634
4865.000 7.935
4870.000 6.443
4875.000 5.694
4880.000 4.595
4885.000 4.201
4890.000 3.516
4895.000 3.090
4900.000 2.948
4905.000 2.707
4910.000 2.577
4915.000 2.340
4920.000 2.236
4925.000 2.181
4930.000 2.118
4935.000 2.045
4940.000 1.986
4945.000 1.960
4950.000 1.924
4955.000 1.900
4960.000 1.864
4965.000 1.864
4970.000 1.822
4975.000 1.816
4980.000 1.756
4985.000 1.770
4990.000 1.734
4995.000 1.718
5000.000 1.723
5005.000 1.679
5010.000 1.666
5015.000 1.630
5020.000 1.607
5025.000 1.595
5030.000 1.547
5035.000 1.550
5040.000 1.537
5045.000 1.518
5050.000 1.459
5055.000 1.451
5060.000 1.428
5065.000 1.398
5070.000 1.352
5075.000 1.337
5080.000 1.261
5085.000 1.263
5090.000 1.187
5095.000 1.141
5100.000 1.125
5105.000 1.055
5110.000 1.022
5115.000 0.960
5120.000 0.899
5125.000 0.880
5130.000 0.817
5135.000 0.777
5140.000 0.740
5145.000 0.690
5150.000 0.652
5155.000 0.624
5160.000 0.609
5165.000 0.578
5170.000 0.531
5175.000 0.521
5180.000 0.499
5185.000 0.472
5190.000 0.469
5195.000 0.451
5200.000 0.447
5205.000 0.431
5210.000 0.444
5215.000 0.444
5220.000 0.477
5225.000 0.477
5230.000 0.464
5235.000 0.490
5240.000 0.487
5245.000 0.500
5250.000 0.514
5255.000 0.535
5260.000 0.535
5265.000 0.574
5270.000 0.591
5275.000 0.600
5280.000 0.622
5285.000 0.644
5290.000 0.667
5295.000 0.759
5300.000 0.777
5305.000 0.784
5310.000 0.798
5315.000 0.798
5320.000 0.820
5325.000 0.831
5330.000 0.845
5335.000 0.862
5340.000 0.860
5345.000 0.892
5350.000 0.907
5355.000 0.929
5360.000 0.932
5365.000 0.938
5370.000 0.960
5375.000 0.968
5380.000 0.990
5385.000 0.988
5390.000 1.018
5395.000 1.041
5400.000 1.039
5405.000 1.068
5410.000 1.057
5415.000 1.186
5420.000 1.162
5425.000 1.150
5430.000 1.102
5435.000 1.121
5440.000 1.130
5445.000 1.116
5450.000 1.122
5455.000 1.135
5460.000 1.100
5465.000 1.132
5470.000 1.132
5475.000 1.162
5480.000 1.119
5485.000 1.161
5490.000 1.164
5495.000 1.161
5500.000 1.177
5505.000 1.182
5510.000 1.196
5515.000 1.191
5520.000 1.200
5525.000 1.212
5530.000 1.205
5535.000 1.237
5540.000 1.229
5545.000 1.237
5550.000 1.224
5555.000 1.239
5560.000 1.243
5565.000 1.238
5570.000 1.246
5575.000 1.251
5580.000 1.262
5585.000 1.251
5590.000 1.237
5595.000 1.258
5600.000 1.249
5605.000 1.268
5610.000 1.276
5615.000 1.308
5620.000 1.323
5625.000 1.284
5630.000 1.301
5635.000 1.324
5640.000 1.304
5645.000 1.322
5650.000 1.288
5655.000 1.336
5660.000 1.343
5665.000 1.321
5670.000 1.408
5675.000 1.396
5680.000 1.362
5685.000 1.350
5690.000 1.346
5695.000 1.344
5700.000 1.325
5705.000 1.323
5710.000 1.330
5715.000 1.334
5720.000 1.341
5725.000 1.335
5730.000 1.344
5735.000 1.340
5740.000 1.361
5745.000 1.368
5750.000 1.366
5755.000 1.362
5760.000 1.356
5765.000 1.360
5770.000 1.364
5775.000 1.339
5780.000 1.355
5785.000 1.330
5790.000 1.362
5795.000 1.366
5800.000 1.374
5805.000 1.361
5810.000 1.365
5815.000 1.370
5820.000 1.386
5825.000 1.376
5830.000 1.385
5835.000 1.374
5840.000 1.366
5845.000 1.382
5850.000 1.385
5855.000 1.354
5860.000 1.378
5865.000 1.373
5870.000 1.376
5875.000 1.392
5880.000 1.410
5885.000 1.386
5890.000 1.376
5895.000 1.391
5900.000 1.402
5905.000 1.375
5910.000 1.396
5915.000 1.383
5920.000 1.394
5925.000 1.389
5930.000 1.380
5935.000 1.381
5940.000 1.399
5945.000 1.408
5950.000 1.398
5955.000 1.378
5960.000 1.379
5965.000 1.368
5970.000 1.394
5975.000 1.381
5980.000 1.389
5985.000 1.395
5990.000 1.404
5995.000 1.404
6000.000 1.383
6005.000 1.387
6010.000 1.386
6015.000 1.403
6020.000 1.415
6025.000 1.398
6030.000 1.376
6035.000 1.394
6040.000 1.416
6045.000 1.390
6050.000 1.405
6055.000 1.416
6060.000 1.381
6065.000 1.399
6070.000 1.373
6075.000 1.354
6080.000 1.392
6085.000 1.379
6090.000 1.363
6095.000 1.391
6100.000 1.377
6105.000 1.403
6110.000 1.364
6115.000 1.373
6120.000 1.364
6125.000 1.385
6130.000 1.384
6135.000 1.375
6140.000 1.349
6145.000 1.373
6150.000 1.374
6155.000 1.353
6160.000 1.363
6165.000 1.358
6170.000 1.358
6175.000 1.383
6180.000 1.364
6185.000 1.356
6190.000 1.338
6195.000 1.329
6200.000 1.362
6205.000 1.365
6210.000 1.337
6215.000 1.338
6220.000 1.334
6225.000 1.344
6230.000 1.346
6235.000 1.329
6240.000 1.327
6245.000 1.330
6250.000 1.321
6255.000 1.307
6260.000 1.312
6265.000 1.338
6270.000 1.337
6275.000 1.308
6280.000 1.315
6285.000 1.300
6290.000 1.305
6295.000 1.312
6300.000 1.297
6305.000 1.300
6310.000 1.302
6315.000 1.297
6320.000 1.291
6325.000 1.306
6330.000 1.301
6335.000 1.286
6340.000 1.302
6345.000 1.286
6350.000 1.316
6355.000 1.287
6360.000 1.284
6365.000 1.277
6370.000 1.246
6375.000 1.281
6380.000 1.254
6385.000 1.267
6390.000 1.275
6395.000 1.280
6400.000 1.265
6405.000 1.291
6410.000 1.285
6415.000 1.312
6420.000 1.313
6425.000 1.315
6430.000 1.318
6435.000 1.333
6440.000 1.348
6445.000 1.353
6450.000 1.368
6455.000 1.396
6460.000 1.426
6465.000 1.454
6470.000 1.477
6475.000 1.500
6480.000 1.521
6485.000 1.565
6490.000 1.585
6495.000 1.635
6500.000 1.708
6505.000 1.726
6510.000 1.792
6515.000 1.821
6520.000 1.941
6525.000 2.041
6530.000 2.082
6535.000 2.187
6540.000 2.263
6545.000 2.378
6550.000 2.535
6555.000 2.636
6560.000 2.846
6565.000 2.953
6570.000 3.180
6575.000 3.428
6580.000 3.564
6585.000 3.923
6590.000 4.101
6595.000 4.555
6600.000 5.101
6605.000 5.408
6610.000 6.193
6615.000 6.616
6620.000 7.637
6625.000 8.253
6630.000 9.741
6635.000 11.580
6640.000 12.688
6645.000 15.304
6650.000 16.793
6655.000 20.296
6660.000 24.682
6665.000 26.968
6670.000 31.941
6675.000 34.920
6680.000 40.576
6685.000 43.193
6690.000 47.753
6695.000 51.068
6700.000 52.030
6705.000 51.399
6710.000 46.986
6715.000 44.055
6720.000 38.143
6725.000 32.535
6730.000 29.998
6735.000 25.477
6740.000 23.379
6745.000 20.041
6750.000 17.516
6755.000 16.564
6760.000 15.035
6765.000 14.476
6770.000 13.469
6775.000 12.878
6780.000 12.697
6785.000 12.572
6790.000 12.559
6795.000 12.519
6800.000 12.472
6805.000 12.487
6810.000 12.456
6815.000 12.485
6820.000 12.481
6825.000 12.519
6830.000 12.549
6835.000 12.609
6840.000 12.673
6845.000 12.778
6850.000 12.930
6855.000 13.034
6860.000 13.318
6865.000 13.405
6870.000 13.653
6875.000 13.989
6880.000 14.200
6885.000 14.571
6890.000 14.791
6895.000 15.411
6900.000 16.113
6905.000 16.415
6910.000 17.170
6915.000 17.723
6920.000 18.773
6925.000 20.095
6930.000 20.844
6935.000 22.606
6940.000 23.573
6945.000 25.664
6950.000 28.043
6955.000 29.618
6960.000 32.677
6965.000 34.290
6970.000 37.735
6975.000 39.211
6980.000 41.769
6985.000 42.368
6990.000 41.910
6995.000 38.888
7000.000 36.789
7005.000 32.240
7010.000 30.044
7015.000 26.421
7020.000 23.885
7025.000 22.923
7030.000 20.902
7035.000 19.329
7040.000 18.597
7045.000 17.273
7050.000 16.639
7055.000 15.786
7060.000 15.303
7065.000 14.551
7070.000 13.864
7075.000 13.552
7080.000 12.957
7085.000 12.383
7090.000 12.148
7095.000 11.721
7100.000 11.571
7105.000 11.222
7110.000 10.860
7115.000 10.728
7120.000 10.459
7125.000 10.347
7130.000 10.154
7135.000 10.003
7140.000 9.880
7145.000 9.769
7150.000 9.716
7155.000 9.571
7160.000 9.563
7165.000 9.493
7170.000 9.412
7175.000 9.453
7180.000 9.400
7185.000 9.374
7190.000 9.403
7195.000 9.426
7200.000 9.474
7205.000 9.549
7210.000 9.656
7215.000 9.720
7220.000 9.860
7225.000 9.974
7230.000 10.110
7235.000 10.326
7240.000 10.472
7245.000 10.706
7250.000 10.869
7255.000 11.230
7260.000 11.585
7265.000 11.871
7270.000 12.382
7275.000 12.649
7280.000 13.294
7285.000 13.602
7290.000 14.351
7295.000 15.234
7300.000 15.801
7305.000 17.190
7310.000 19.160
7315.000 20.265
7320.000 21.655
7325.000 24.587
7330.000 27.965
7335.000 31.483
7340.000 33.227
7345.000 36.251
7350.000 37.263
7355.000 37.989
7360.000 35.920
7365.000 33.871
7370.000 29.156
7375.000 26.878
7380.000 22.824
7385.000 19.631
7390.000 18.364
7395.000 17.239
7400.000 15.475
7405.000 14.148
7410.000 13.070
7415.000 12.553
7420.000 12.117
7425.000 11.323
7430.000 10.563
7435.000 9.982
7440.000 9.656
7445.000 9.120
7450.000 8.893
7455.000 8.436
7460.000 7.993
7465.000 7.794
7470.000 7.438
7475.000 7.286
7480.000 6.972
7485.000 6.678
7490.000 6.558
7495.000 6.290
7500.000 6.160
7505.000 5.884
7510.000 5.549
7515.000 5.402
7520.000 5.099
7525.000 4.979
7530.000 4.737
7535.000 4.524
7540.000 4.443
7545.000 4.259
7550.000 4.154
7555.000 4.012
7560.000 3.958
7565.000 3.843
7570.000 3.706
7575.000 3.665
7580.000 3.595
7585.000 3.551
7590.000 3.446
7595.000 3.361
7600.000 3.328
7605.000 3.263
7610.000 3.235
7615.000 3.163
7620.000 3.094
7625.000 3.081
7630.000 3.038
7635.000 3.022
7640.000 2.982
7645.000 2.957
7650.000 2.946
7655.000 2.923
7660.000 2.922
7665.000 2.893
7670.000 2.882
7675.000 2.876
7680.000 2.857
7685.000 2.856
7690.000 2.861
7695.000 2.876
7700.000 2.884
7705.000 2.894
7710.000 2.894
7715.000 2.921
7720.000 2.947
7725.000 2.959
7730.000 3.021
7735.000 3.066
7740.000 3.097
7745.000 3.081
7750.000 3.117
7755.000 3.248
7760.000 3.297
7765.000 3.426
7770.000 3.580
7775.000 3.707
7780.000 3.907
7785.000 4.064
7790.000 4.341
7795.000 4.660
7800.000 4.826
7805.000 5.207
7810.000 5.343
7815.000 5.714
7820.000 6.171
7825.000 6.462
7830.000 7.151
7835.000 7.558
7840.000 8.354
7845.000 8.733
7850.000 9.173
7855.000 9.116
7860.000 8.434
7865.000 7.315
7870.000 6.167
7875.000 5.619
7880.000 5.131
7885.000 4.280
7890.000 3.549
7895.000 2.958
7900.000 2.705
7905.000 2.303
7910.000 2.140
7915.000 1.871
7920.000 1.680
7925.000 1.592
7930.000 1.538
7935.000 1.395
7940.000 1.322
7945.000 1.246
7950.000 1.211
7955.000 1.158
7960.000 1.139
7965.000 1.111
7970.000 1.093
7975.000 1.063
7980.000 1.038
7985.000 1.039
7990.000 1.040
7995.000 1.050
8000.000 1.043
8005.000 1.035
8010.000 1.047
8015.000 1.044
8020.000 1.045
8025.000 1.029
8030.000 1.019
8035.000 1.028
8040.000 1.030
8045.000 1.040
8050.000 1.039
8055.000 1.061
8060.000 1.040
8065.000 1.060
8070.000 1.044
8075.000 1.045
8080.000 1.060
8085.000 1.066
8090.000 1.068
8095.000 1.096
8100.000 1.094
8105.000 1.107
8110.000 1.113
8115.000 1.111
8120.000 1.121
8125.000 1.125
8130.000 1.121
8135.000 1.131
8140.000 1.120
8145.000 1.120
8150.000 1.119
8155.000 1.112
8160.000 1.111
8165.000 1.125
8170.000 1.142
8175.000 1.145
8180.000 1.145
8185.000 1.148
8190.000 1.139
8195.000 1.138
8200.000 1.144
8205.000 1.145
8210.000 1.152
8215.000 1.156
8220.000 1.162
8225.000 1.160
8230.000 1.177
8235.000 1.177
8240.000 1.183
8245.000 1.175
8250.000 1.178
8255.000 1.190
8260.000 1.200
8265.000 1.202
8270.000 1.208
8275.000 1.228
8280.000 1.221
8285.000 1.230
8290.000 1.229
8295.000 1.232
8300.000 1.232
8305.000 1.230
8310.000 1.235
8315.000 1.249
8320.000 1.230
8325.000 1.249
8330.000 1.243
8335.000 1.258
8340.000 1.271
8345.000 1.270
8350.000 1.272
8355.000 1.271
8360.000 1.277
8365.000 1.278
8370.000 1.283
8375.000 1.283
8380.000 1.286
8385.000 1.286
8390.000 1.301
8395.000 1.308
8400.000 1.310
8405.000 1.307
8410.000 1.278
8415.000 1.233
8420.000 1.209
8425.000 1.260
8430.000 1.259
8435.000 1.268
8440.000 1.288
8445.000 1.291
8450.000 1.294
8455.000 1.322
8460.000 1.331
8465.000 1.342
8470.000 1.343
8475.000 1.333
8480.000 1.347
8485.000 1.340
8490.000 1.338
8495.000 1.335
8500.000 1.362
8505.000 1.357
8510.000 1.356
8515.000 1.363
8520.000 1.361
8525.000 1.375
8530.000 1.369
8535.000 1.375
8540.000 1.380
8545.000 1.391
8550.000 1.410
8555.000 1.413
8560.000 1.418
8565.000 1.439
8570.000 1.442
8575.000 1.441
8580.000 1.458
8585.000 1.445
8590.000 1.436
8595.000 1.423
8600.000 1.446
8605.000 1.459
8610.000 1.453
8615.000 1.450
8620.000 1.452
8625.000 1.468
8630.000 1.454
8635.000 1.467
8640.000 1.458
8645.000 1.449
8650.000 1.457
8655.000 1.466
8660.000 1.464
8665.000 1.448
8670.000 1.468
8675.000 1.482
8680.000 1.472
8685.000 1.488
8690.000 1.482
8695.000 1.468
8700.000 1.473
8705.000 1.489
8710.000 1.496
8715.000 1.510
8720.000 1.505
8725.000 1.519
8730.000 1.544
8735.000 1.530
8740.000 1.551
8745.000 1.586
8750.000 1.610
8755.000 1.614
8760.000 1.631
8765.000 1.629
8770.000 1.608
8775.000 1.603
8780.000 1.576
8785.000 1.557
8790.000 1.526
8795.000 1.495
8800.000 1.457
8805.000 1.468
8810.000 1.431
8815.000 1.408
8820.000 1.395
8825.000 1.406
8830.000 1.419
8835.000 1.440
8840.000 1.463
8845.000 1.461
8850.000 1.488
8855.000 1.485
8860.000 1.526
8865.000 1.496
8870.000 1.529
8875.000 1.525
8880.000 1.526
8885.000 1.554
8890.000 1.544
8895.000 1.565
8900.000 1.585
8905.000 1.595
8910.000 1.608
8915.000 1.627
8920.000 1.641
8925.000 1.645
8930.000 1.654
8935.000 1.676
8940.000 1.693
8945.000 1.693
8950.000 1.646
8955.000 1.659
8960.000 1.620
8965.000 1.585
8970.000 1.595
8975.000 1.605
8980.000 1.609
8985.000 1.596
8990.000 1.587
8995.000 1.588
9000.000 1.597
9005.000 1.595
9010.000 1.609
9015.000 1.596
9020.000 1.618
9025.000 1.599
9030.000 1.622
9035.000 1.602
9040.000 1.630
9045.000 1.606
9050.000 1.600
9055.000 1.629
9060.000 1.639
9065.000 1.642
9070.000 1.615
9075.000 1.607
9080.000 1.615
9085.000 1.621
9090.000 1.614
9095.000 1.617
9100.000 1.605
9105.000 1.608
9110.000 1.589
9115.000 1.614
9120.000 1.607
9125.000 1.604
9130.000 1.612
9135.000 1.621
9140.000 1.608
9145.000 1.627
9150.000 1.613
9155.000 1.622
9160.000 1.618
9165.000 1.613
9170.000 1.625
9175.000 1.631
9180.000 1.625
9185.000 1.628
9190.000 1.638
9195.000 1.623
9200.000 1.647
9205.000 1.639
9210.000 1.638
9215.000 1.651
9220.000 1.629
9225.000 1.629
9230.000 1.632
9235.000 1.636
9240.000 1.644
9245.000 1.627
9250.000 1.638
9255.000 1.645
9260.000 1.633
9265.000 1.649
9270.000 1.634
9275.000 1.624
9280.000 1.636
9285.000 1.634
9290.000 1.638
9295.000 1.629
9300.000 1.632
9305.000 1.633
9310.000 1.646
9315.000 1.654
9320.000 1.656
9325.000 1.658
9330.000 1.634
9335.000 1.641
9340.000 1.642
9345.000 1.647
9350.000 1.647
9355.000 1.631
9360.000 1.638
9365.000 1.658
9370.000 1.672
9375.000 1.659
9380.000 1.650
9385.000 1.638
9390.000 1.654
9395.000 1.653
9400.000 1.672
9405.000 1.661
9410.000 1.659
9415.000 1.643
9420.000 1.651
9425.000 1.645
9430.000 1.656
9435.000 1.640
9440.000 1.632
9445.000 1.648
9450.000 1.675
9455.000 1.662
9460.000 1.657
9465.000 1.671
9470.000 1.619
9475.000 1.628
9480.000 1.629
9485.000 1.633
9490.000 1.654
9495.000 1.639
9500.000 1.645
9505.000 1.620
9510.000 1.648
9515.000 1.647
9520.000 1.655
9525.000 1.659
9530.000 1.655
9535.000 1.651
9540.000 1.679
9545.000 1.656
9550.000 1.647
9555.000 1.687
9560.000 1.674
9565.000 1.674
9570.000 1.688
9575.000 1.693
9580.000 1.704
9585.000 1.692
9590.000 1.698
9595.000 1.699
9600.000 1.709
9605.000 1.710
9610.000 1.709
9615.000 1.726
9620.000 1.734
9625.000 1.744
9630.000 1.730
9635.000 1.732
9640.000 1.743
9645.000 1.742
9650.000 1.762
9655.000 1.780
9660.000 1.783
9665.000 1.787
9670.000 1.799
9675.000 1.791
9680.000 1.811
9685.000 1.827
9690.000 1.833
9695.000 1.849
9700.000 1.855
9705.000 1.882
9710.000 1.907
9715.000 1.928
9720.000 1.911
9725.000 1.912
9730.000 1.967
9735.000 1.968
9740.000 1.976
9745.000 2.008
9750.000 2.008
9755.000 2.034
9760.000 2.050
9765.000 2.049
9770.000 2.098
9775.000 2.123
9780.000 2.146
9785.000 2.185
9790.000 2.204
9795.000 2.248
9800.000 2.272
9805.000 2.340
9810.000 2.405
9815.000 2.434
9820.000 2.461
9825.000 2.505
9830.000 2.587
9835.000 2.662
9840.000 2.710
9845.000 2.792
9850.000 2.831
9855.000 2.955
9860.000 3.109
9865.000 3.171
9870.000 3.302
9875.000 3.391
9880.000 3.570
9885.000 3.795
9890.000 3.919
9895.000 4.203
9900.000 4.370
9905.000 4.716
9910.000 5.174
9915.000 5.453
9920.000 6.099
9925.000 6.502
9930.000 7.558
9935.000 9.179
9940.000 10.100
9945.000 11.132
9950.000 13.702
9955.000 16.810
9960.000 19.617
9965.000 21.057
9970.000 23.280
9975.000 23.650
9980.000 22.380
9985.000 18.825
9990.000 16.983
9995.000 13.691
10000.000 12.369
10005.000 10.258
10010.000 8.751
10015.000 8.178
10020.000 7.229
10025.000 6.889
10030.000 6.351
10035.000 5.961
10040.000 5.832
10045.000 5.567
10050.000 5.503
10055.000 5.279
10060.000 5.119
10065.000 5.038
10070.000 4.914
10075.000 4.848
10080.000 4.824
10085.000 4.762
10090.000 4.738
10095.000 4.686
10100.000 4.679
10105.000 4.689
10110.000 4.696
10115.000 4.746
10120.000 4.800
10125.000 4.817
10130.000 4.895
10135.000 4.989
10140.000 5.044
10145.000 5.174
10150.000 5.266
10155.000 5.435
10160.000 5.628
10165.000 5.730
10170.000 6.002
10175.000 6.132
10180.000 6.449
10185.000 6.810
10190.000 7.016
10195.000 7.475
10200.000 7.776
10205.000 8.386
10210.000 9.106
10215.000 9.566
10220.000 10.619
10225.000 11.291
10230.000 12.792
10235.000 13.666
10240.000 15.819
10245.000 18.445
10250.000 19.982
10255.000 23.527
10260.000 25.320
10265.000 28.426
10270.000 30.145
10275.000 30.367
10280.000 28.942
10285.000 27.271
10290.000 23.543
10295.000 19.881
10300.000 18.268
10305.000 15.884
10310.000 15.047
10315.000 13.558
10320.000 12.410
10325.000 12.006
10330.000 11.390
10335.000 11.104
10340.000 10.610
10345.000 10.251
10350.000 10.033
10355.000 9.691
10360.000 9.562
10365.000 9.280
10370.000 9.033
10375.000 8.961
10380.000 8.782
10385.000 8.717
10390.000 8.594
10395.000 8.480
10400.000 8.420
10405.000 8.329
10410.000 8.331
10415.000 8.286
10420.000 8.266
10425.000 8.282
10430.000 8.294
10435.000 8.330
10440.000 8.376
10445.000 8.453
10450.000 8.513
10455.000 8.627
10460.000 8.688
10465.000 8.857
10470.000 8.942
10475.000 9.134
10480.000 9.322
10485.000 9.465
10490.000 9.783
10495.000 10.116
10500.000 10.235
10505.000 10.553
10510.000 10.750
10515.000 11.368
10520.000 12.092
10525.000 12.456
10530.000 13.295
10535.000 13.728
10540.000 14.798
10545.000 16.061
10550.000 16.704
10555.000 18.043
10560.000 18.498
10565.000 19.113
10570.000 19.006
10575.000 18.527
10580.000 17.397
10585.000 16.485
10590.000 14.807
10595.000 13.317
10600.000 12.584
10605.000 11.295
10610.000 10.647
10615.000 9.614
10620.000 8.740
10625.000 7.759
10630.000 7.534
10635.000 7.144
10640.000 6.516
10645.000 6.203
10650.000 5.645
10655.000 5.198
10660.000 4.980
10665.000 4.659
10670.000 4.327
10675.000 4.162
10680.000 3.898
10685.000 3.758
10690.000 3.517
10695.000 3.276
10700.000 3.139
10705.000 2.910
10710.000 2.795
10715.000 2.602
10720.000 2.521
10725.000 2.351
10730.000 2.209
10735.000 2.156
10740.000 2.040
10745.000 1.917
10750.000 1.868
10755.000 1.823
10760.000 1.746
10765.000 1.678
10770.000 1.630
10775.000 1.554
10780.000 1.494
10785.000 1.432
10790.000 1.399
10795.000 1.369
10800.000 1.358
10805.000 1.329
10810.000 1.319
10815.000 1.276
10820.000 1.269
10825.000 1.255
10830.000 1.234
10835.000 1.229
10840.000 1.218
10845.000 1.203
10850.000 1.213
10855.000 1.210
10860.000 1.206
10865.000 1.201
10870.000 1.213
10875.000 1.214
10880.000 1.233
10885.000 1.225
10890.000 1.244
10895.000 1.249
10900.000 1.284
10905.000 1.304
10910.000 1.324
10915.000 1.378
10920.000 1.419
10925.000 1.493
10930.000 1.593
10935.000 1.660
10940.000 1.828
10945.000 1.932
10950.000 2.159
10955.000 2.511
10960.000 2.737
10965.000 3.302
10970.000 3.617
10975.000 4.297
10980.000 4.992
10985.000 5.343
10990.000 5.836
10995.000 5.932
11000.000 5.763
11005.000 5.258
11010.000 4.953
11015.000 4.347
11020.000 4.104
11025.000 3.647
11030.000 3.304
11035.000 3.246
11040.000 2.975
11045.000 2.948
11050.000 2.735
11055.000 2.655
11060.000 2.515
11065.000 2.402
11070.000 2.342
11075.000 2.232
11080.000 2.137
11085.000 2.108
11090.000 2.016
11095.000 1.984
11100.000 1.883
11105.000 1.818
11110.000 1.779
11115.000 1.744
11120.000 1.730
11125.000 1.708
11130.000 1.661
11135.000 1.649
11140.000 1.638
11145.000 1.629
11150.000 1.612
11155.000 1.596
11160.000 1.586
11165.000 1.570
11170.000 1.574
11175.000 1.548
11180.000 1.544
11185.000 1.522
11190.000 1.523
11195.000 1.507
11200.000 1.492
11205.000 1.482
11210.000 1.504
11215.000 1.491
11220.000 1.480
11225.000 1.480
11230.000 1.482
11235.000 1.465
11240.000 1.469
11245.000 1.451
11250.000 1.480
11255.000 1.470
11260.000 1.478
11265.000 1.470
11270.000 1.458
11275.000 1.460
11280.000 1.445
11285.000 1.449
11290.000 1.432
11295.000 1.420
11300.000 1.422
11305.000 1.409
11310.000 1.434
11315.000 1.426
11320.000 1.423
11325.000 1.414
11330.000 1.414
11335.000 1.420
11340.000 1.430
11345.000 1.430
11350.000 1.418
11355.000 1.421
11360.000 1.421
11365.000 1.409
11370.000 1.396
11375.000 1.392
11380.000 1.370
11385.000 1.391
11390.000 1.373
11395.000 1.383
11400.000 1.374
11405.000 1.360
11410.000 1.364
11415.000 1.370
11420.000 1.382
11425.000 1.369
11430.000 1.384
11435.000 1.374
11440.000 1.373
11445.000 1.363
11450.000 1.388
11455.000 1.391
11460.000 1.394
11465.000 1.382
11470.000 1.405
11475.000 1.401
11480.000 1.412
11485.000 1.396
11490.000 1.398
11495.000 1.412
11500.000 1.410
11505.000 1.405
11510.000 1.415
11515.000 1.422
11520.000 1.415
11525.000 1.400
11530.000 1.415
11535.000 1.421
11540.000 1.418
11545.000 1.419
11550.000 1.421
11555.000 1.449
11560.000 1.416
11565.000 1.425
11570.000 1.425
11575.000 1.414
11580.000 1.427
11585.000 1.401
11590.000 1.412
11595.000 1.402
11600.000 1.420
11605.000 1.402
11610.000 1.393
11615.000 1.401
11620.000 1.428
11625.000 1.403
11630.000 1.411
11635.000 1.386
11640.000 1.387
11645.000 1.396
11650.000 1.392
11655.000 1.389
11660.000 1.405
11665.000 1.390
11670.000 1.404
11675.000 1.399
11680.000 1.390
11685.000 1.385
11690.000 1.391
11695.000 1.391
11700.000 1.385
11705.000 1.401
11710.000 1.395
11715.000 1.394
11720.000 1.379
11725.000 1.356
11730.000 1.367
11735.000 1.363
11740.000 1.356
11745.000 1.376
11750.000 1.364
11755.000 1.372
11760.000 1.364
11765.000 1.363
11770.000 1.360
11775.000 1.371
11780.000 1.376
11785.000 1.385
11790.000 1.382
11795.000 1.374
11800.000 1.369
11805.000 1.368
11810.000 1.378
11815.000 1.362
11820.000 1.372
11825.000 1.350
11830.000 1.365
11835.000 1.377
11840.000 1.366
11845.000 1.366
11850.000 1.367
11855.000 1.366
11860.000 1.360
11865.000 1.371
11870.000 1.368
11875.000 1.348
11880.000 1.352
11885.000 1.346
11890.000 1.363
11895.000 1.360
11900.000 1.355
11905.000 1.350
11910.000 1.355
11915.000 1.345
11920.000 1.352
11925.000 1.347
11930.000 1.362
11935.000 1.334
11940.000 1.344
11945.000 1.336
11950.000 1.337
11955.000 1.332
11960.000 1.332
11965.000 1.336
11970.000 1.345
11975.000 1.332
11980.000 1.348
11985.000 1.329
11990.000 1.340
11995.000 1.340
12000.000 1.359
