105.000 0.132
110.000 0.318
115.000 1.108
120.000 1.204
125.000 1.085
130.000 1.524
135.000 1.551
140.000 1.604
145.000 1.647
150.000 1.531
155.000 1.672
160.000 1.654
165.000 1.685
170.000 1.602
175.000 1.675
180.000 1.991
185.000 1.801
190.000 1.868
195.000 1.863
200.000 1.755
205.000 1.829
210.000 1.819
215.000 1.904
220.000 1.928
225.000 1.900
230.000 2.045
235.000 2.211
240.000 2.190
245.000 2.306
250.000 2.301
255.000 2.467
260.000 4.646
265.000 3.981
270.000 4.518
275.000 4.807
280.000 4.160
285.000 4.682
290.000 4.004
295.000 4.020
300.000 5.069
305.000 5.132
310.000 5.632
315.000 6.020
320.000 7.036
325.000 7.865
330.000 8.364
335.000 9.266
340.000 9.709
345.000 11.054
350.000 12.074
355.000 12.748
360.000 14.000
365.000 16.278
370.000 17.625
375.000 18.403
380.000 21.141
385.000 20.825
390.000 20.479
395.000 27.523
400.000 27.611
405.000 28.988
410.000 30.363
415.000 30.395
420.000 34.967
425.000 36.628
430.000 37.895
435.000 40.701
440.000 42.353
445.000 41.455
450.000 44.054
455.000 43.001
460.000 43.129
465.000 44.550
470.000 44.654
475.000 44.550
480.000 44.280
485.000 43.438
490.000 42.404
495.000 42.013
500.000 40.852
505.000 40.411
510.000 39.546
515.000 39.181
520.000 39.058
525.000 39.462
530.000 39.655
535.000 40.298
540.000 41.030
545.000 41.674
550.000 42.210
555.000 43.852
560.000 45.331
565.000 46.625
570.000 47.183
575.000 47.824
580.000 47.759
585.000 47.059
590.000 44.147
595.000 42.052
600.000 37.004
605.000 34.246
610.000 28.278
615.000 23.030
620.000 21.070
625.000 17.518
630.000 16.107
635.000 13.752
640.000 11.542
645.000 11.197
650.000 8.873
655.000 9.372
660.000 10.295
665.000 8.037
670.000 7.056
675.000 6.431
680.000 6.018
685.000 5.075
690.000 4.654
695.000 4.374
700.000 3.892
705.000 3.671
710.000 3.549
715.000 3.474
720.000 3.984
725.000 2.777
730.000 2.592
735.000 2.335
740.000 2.098
745.000 2.034
750.000 1.969
755.000 1.735
760.000 1.622
765.000 1.498
770.000 1.425
775.000 1.341
780.000 1.257
785.000 1.194
790.000 1.099
795.000 1.081
800.000 0.948
805.000 0.990
810.000 1.006
815.000 0.951
820.000 0.928
825.000 0.854
830.000 0.879
835.000 0.828
840.000 0.821
845.000 0.786
850.000 0.725
855.000 0.742
860.000 0.706
865.000 0.716
870.000 0.688
875.000 0.714
880.000 0.706
885.000 0.698
890.000 0.733
895.000 0.707
900.000 0.693
905.000 0.692
910.000 0.693
915.000 0.713
920.000 0.730
925.000 0.716
930.000 0.713
935.000 0.711
940.000 0.723
945.000 0.756
950.000 0.815
955.000 0.792
960.000 0.786
965.000 0.850
970.000 0.841
975.000 0.951
980.000 0.920
985.000 1.006
990.000 1.127
995.000 1.013
1000.000 1.049
1005.000 1.090
1010.000 1.083
1015.000 1.120
1020.000 1.202
1025.000 1.264
1030.000 1.316
1035.000 1.375
1040.000 1.380
1045.000 1.506
1050.000 1.705
1055.000 1.736
1060.000 1.863
1065.000 1.993
1070.000 2.150
1075.000 2.311
1080.000 2.590
1085.000 2.816
1090.000 3.289
1095.000 4.034
1100.000 4.742
1105.000 6.390
1110.000 6.735
1115.000 7.658
1120.000 8.639
1125.000 9.077
1130.000 8.386
1135.000 8.680
1140.000 7.981
1145.000 5.995
1150.000 4.794
1155.000 4.308
1160.000 3.591
1165.000 3.302
1170.000 2.849
1175.000 2.517
1180.000 2.374
1185.000 2.152
1190.000 2.078
1195.000 1.871
1200.000 1.823
1205.000 1.744
1210.000 1.653
1215.000 1.623
1220.000 1.545
1225.000 1.517
1230.000 1.523
1235.000 1.468
1240.000 1.439
1245.000 1.405
1250.000 1.366
1255.000 1.375
1260.000 1.329
1265.000 1.307
1270.000 1.312
1275.000 1.388
1280.000 1.352
1285.000 1.359
1290.000 1.349
1295.000 1.296
1300.000 1.300
1305.000 1.327
1310.000 1.319
1315.000 1.321
1320.000 1.367
1325.000 1.360
1330.000 1.362
1335.000 1.362
1340.000 1.382
1345.000 1.364
1350.000 1.443
1355.000 1.437
1360.000 1.443
1365.000 1.467
1370.000 1.482
1375.000 1.521
1380.000 1.574
1385.000 1.621
1390.000 1.620
1395.000 1.676
1400.000 1.686
1405.000 1.784
1410.000 1.861
1415.000 1.915
1420.000 1.980
1425.000 2.005
1430.000 2.136
1435.000 2.242
1440.000 2.314
1445.000 2.433
1450.000 2.505
1455.000 2.633
1460.000 2.679
1465.000 2.774
1470.000 2.957
1475.000 2.981
1480.000 3.172
1485.000 3.361
1490.000 3.435
1495.000 3.506
1500.000 3.722
1505.000 4.574
1510.000 4.945
1515.000 5.407
1520.000 6.099
1525.000 6.122
1530.000 6.384
1535.000 6.633
1540.000 6.883
1545.000 7.318
1550.000 7.700
1555.000 8.445
1560.000 9.068
1565.000 10.530
1570.000 11.806
1575.000 12.657
1580.000 14.812
1585.000 17.742
1590.000 19.484
1595.000 23.302
1600.000 25.333
1605.000 29.685
1610.000 32.733
1615.000 33.098
1620.000 31.188
1625.000 28.563
1630.000 22.549
1635.000 17.618
1640.000 15.682
1645.000 12.576
1650.000 11.499
1655.000 9.646
1660.000 8.932
1665.000 7.700
1670.000 6.815
1675.000 6.536
1680.000 6.018
1685.000 5.817
1690.000 5.577
1695.000 5.468
1700.000 5.361
1705.000 5.265
1710.000 5.289
1715.000 5.286
1720.000 5.313
1725.000 5.364
1730.000 5.474
1735.000 5.494
1740.000 5.602
1745.000 5.633
1750.000 5.862
1755.000 6.486
1760.000 6.396
1765.000 6.207
1770.000 6.021
1775.000 5.944
1780.000 5.845
1785.000 5.914
1790.000 5.751
1795.000 5.696
1800.000 5.665
1805.000 5.674
1810.000 5.625
1815.000 5.615
1820.000 6.138
1825.000 6.253
1830.000 6.081
1835.000 6.006
1840.000 5.835
1845.000 5.769
1850.000 5.786
1855.000 5.746
1860.000 6.109
1865.000 6.147
1870.000 6.091
1875.000 5.963
1880.000 5.889
1885.000 5.808
1890.000 6.218
1895.000 6.165
1900.000 6.221
1905.000 6.160
1910.000 6.170
1915.000 6.125
1920.000 6.171
1925.000 6.110
1930.000 6.174
1935.000 6.254
1940.000 6.282
1945.000 6.457
1950.000 6.504
1955.000 6.626
1960.000 6.700
1965.000 6.895
1970.000 7.024
1975.000 7.123
1980.000 7.240
1985.000 7.329
1990.000 7.564
1995.000 7.794
2000.000 8.144
2005.000 8.649
2010.000 8.701
2015.000 8.760
2020.000 8.768
2025.000 9.040
2030.000 9.326
2035.000 9.513
2040.000 9.940
2045.000 10.169
2050.000 10.679
2055.000 11.281
2060.000 11.540
2065.000 12.269
2070.000 13.024
2075.000 13.469
2080.000 13.929
2085.000 14.989
2090.000 16.242
2095.000 17.403
2100.000 18.007
2105.000 18.998
2110.000 19.258
2115.000 19.211
2120.000 18.420
2125.000 17.831
2130.000 17.289
2135.000 16.784
2140.000 14.841
2145.000 13.301
2150.000 12.592
2155.000 11.427
2160.000 10.978
2165.000 10.010
2170.000 9.213
2175.000 8.777
2180.000 8.392
2185.000 7.783
2190.000 8.042
2195.000 7.509
2200.000 7.179
2205.000 6.631
2210.000 6.372
2215.000 5.989
2220.000 5.954
2225.000 5.921
2230.000 5.508
2235.000 5.352
2240.000 5.006
2245.000 4.741
2250.000 4.605
2255.000 4.328
2260.000 4.232
2265.000 4.028
2270.000 3.872
2275.000 3.764
2280.000 3.663
2285.000 3.583
2290.000 3.453
2295.000 3.364
2300.000 3.339
2305.000 3.281
2310.000 3.329
2315.000 3.184
2320.000 3.113
2325.000 2.978
2330.000 2.853
2335.000 2.786
2340.000 2.672
2345.000 2.628
2350.000 2.552
2355.000 2.494
2360.000 2.651
2365.000 2.706
2370.000 2.703
2375.000 2.568
2380.000 2.498
2385.000 2.385
2390.000 2.284
2395.000 2.249
2400.000 2.203
2405.000 2.230
2410.000 2.408
2415.000 2.335
2420.000 2.236
2425.000 2.157
2430.000 2.121
2435.000 2.047
2440.000 2.037
2445.000 1.978
2450.000 1.940
2455.000 1.908
2460.000 1.904
2465.000 1.885
2470.000 1.902
2475.000 1.840
2480.000 1.827
2485.000 1.807
2490.000 1.803
2495.000 1.780
2500.000 1.804
2505.000 1.938
2510.000 1.989
2515.000 1.915
2520.000 1.852
2525.000 1.818
2530.000 1.782
2535.000 1.772
2540.000 1.742
2545.000 1.715
2550.000 1.721
2555.000 1.698
2560.000 1.706
2565.000 1.677
2570.000 1.675
2575.000 1.676
2580.000 1.655
2585.000 1.641
2590.000 1.647
2595.000 1.641
2600.000 1.630
2605.000 1.613
2610.000 1.658
2615.000 1.610
2620.000 1.611
2625.000 1.603
2630.000 1.613
2635.000 1.634
2640.000 1.594
2645.000 1.593
2650.000 1.584
2655.000 1.612
2660.000 1.603
2665.000 1.595
2670.000 1.606
2675.000 1.599
2680.000 1.582
2685.000 1.581
2690.000 1.615
2695.000 1.622
2700.000 1.582
2705.000 1.577
2710.000 1.601
2715.000 1.579
2720.000 1.604
2725.000 1.610
2730.000 1.598
2735.000 1.602
2740.000 1.617
2745.000 1.605
2750.000 1.621
2755.000 1.638
2760.000 1.712
2765.000 1.729
2770.000 1.702
2775.000 1.686
2780.000 1.662
2785.000 1.659
2790.000 1.651
2795.000 1.623
2800.000 1.657
2805.000 1.652
2810.000 1.657
2815.000 1.647
2820.000 1.650
2825.000 1.731
2830.000 1.730
2835.000 1.730
2840.000 1.714
2845.000 1.681
2850.000 1.838
2855.000 1.850
2860.000 1.800
2865.000 1.782
2870.000 1.755
2875.000 1.760
2880.000 1.746
2885.000 1.789
2890.000 1.727
2895.000 1.766
2900.000 1.756
2905.000 1.777
2910.000 1.773
2915.000 1.788
2920.000 1.831
2925.000 1.800
2930.000 1.799
2935.000 1.812
2940.000 1.820
2945.000 1.861
2950.000 1.850
2955.000 1.913
2960.000 1.869
2965.000 1.931
2970.000 1.889
2975.000 1.910
2980.000 1.898
2985.000 1.911
2990.000 1.935
2995.000 1.930
3000.000 1.948
3005.000 1.936
3010.000 1.975
3015.000 1.991
3020.000 1.992
3025.000 2.004
3030.000 2.033
3035.000 2.054
3040.000 2.008
3045.000 2.115
3050.000 2.086
3055.000 2.111
3060.000 2.079
3065.000 2.070
3070.000 2.133
3075.000 2.121
3080.000 2.160
3085.000 2.143
3090.000 2.191
3095.000 2.210
3100.000 2.225
3105.000 2.245
3110.000 2.268
3115.000 2.297
3120.000 2.321
3125.000 2.339
3130.000 2.355
3135.000 2.404
3140.000 2.428
3145.000 2.470
3150.000 2.500
3155.000 2.524
3160.000 2.567
3165.000 2.604
3170.000 2.665
3175.000 2.712
3180.000 2.740
3185.000 2.805
3190.000 2.865
3195.000 2.880
3200.000 2.972
3205.000 3.016
3210.000 3.162
3215.000 3.194
3220.000 3.290
3225.000 3.339
3230.000 3.480
3235.000 3.640
3240.000 3.773
3245.000 3.847
3250.000 4.010
3255.000 4.114
3260.000 4.332
3265.000 4.581
3270.000 4.733
3275.000 5.000
3280.000 5.162
3285.000 5.507
3290.000 5.916
3295.000 6.171
3300.000 6.816
3305.000 7.149
3310.000 7.923
3315.000 8.385
3320.000 9.705
3325.000 11.340
3330.000 12.454
3335.000 15.102
3340.000 16.907
3345.000 21.535
3350.000 27.335
3355.000 30.762
3360.000 37.991
3365.000 43.508
3370.000 45.551
3375.000 47.270
3380.000 46.666
3385.000 40.792
3390.000 31.803
3395.000 27.678
3400.000 24.125
3405.000 18.785
3410.000 15.384
3415.000 13.137
3420.000 12.241
3425.000 11.489
3430.000 10.330
3435.000 9.548
3440.000 9.174
3445.000 8.997
3450.000 8.806
3455.000 8.711
3460.000 8.591
3465.000 8.538
3470.000 8.467
3475.000 8.559
3480.000 8.479
3485.000 8.612
3490.000 8.653
3495.000 8.786
3500.000 9.075
3505.000 9.089
3510.000 9.338
3515.000 9.707
3520.000 10.002
3525.000 10.148
3530.000 10.312
3535.000 10.898
3540.000 11.568
3545.000 11.897
3550.000 12.636
3555.000 13.930
3560.000 14.762
3565.000 15.315
3570.000 18.087
3575.000 21.511
3580.000 23.898
3585.000 30.187
3590.000 32.156
3595.000 38.222
3600.000 44.344
3605.000 46.866
3610.000 49.142
3615.000 50.605
3620.000 47.796
3625.000 38.745
3630.000 34.352
3635.000 27.084
3640.000 24.224
3645.000 19.472
3650.000 16.081
3655.000 14.944
3660.000 13.119
3665.000 12.466
3670.000 11.580
3675.000 10.872
3680.000 10.612
3685.000 10.026
3690.000 9.817
3695.000 9.205
3700.000 8.923
3705.000 8.242
3710.000 7.905
3715.000 7.825
3720.000 7.596
3725.000 7.365
3730.000 7.264
3735.000 7.076
3740.000 6.980
3745.000 6.783
3750.000 6.738
3755.000 6.537
3760.000 6.424
3765.000 6.314
3770.000 6.159
3775.000 6.029
3780.000 5.946
3785.000 5.833
3790.000 5.765
3795.000 5.637
3800.000 5.538
3805.000 5.547
3810.000 5.485
3815.000 5.448
3820.000 5.393
3825.000 5.369
3830.000 5.356
3835.000 5.364
3840.000 5.376
3845.000 5.396
3850.000 5.335
3855.000 5.429
3860.000 5.470
3865.000 5.502
3870.000 5.515
3875.000 5.532
3880.000 5.566
3885.000 5.637
3890.000 5.669
3895.000 5.767
3900.000 5.911
3905.000 5.954
3910.000 6.081
3915.000 6.163
3920.000 6.315
3925.000 6.558
3930.000 6.602
3935.000 6.801
3940.000 6.960
3945.000 7.168
3950.000 7.514
3955.000 7.670
3960.000 7.945
3965.000 8.136
3970.000 8.490
3975.000 8.722
3980.000 9.215
3985.000 9.747
3990.000 10.047
3995.000 10.851
4000.000 11.336
4005.000 12.532
4010.000 14.161
4015.000 15.250
4020.000 17.774
4025.000 21.545
4030.000 23.899
4035.000 26.285
4040.000 30.843
4045.000 33.439
4050.000 32.080
4055.000 29.057
4060.000 22.449
4065.000 19.504
4070.000 17.067
4075.000 13.564
4080.000 10.972
4085.000 9.149
4090.000 8.426
4095.000 7.375
4100.000 6.928
4105.000 6.169
4110.000 5.907
4115.000 5.290
4120.000 4.808
4125.000 4.523
4130.000 4.111
4135.000 3.895
4140.000 3.462
4145.000 3.085
4150.000 2.960
4155.000 2.681
4160.000 2.439
4165.000 2.331
4170.000 2.149
4175.000 2.056
4180.000 1.921
4185.000 1.808
4190.000 1.746
4195.000 1.665
4200.000 1.602
4205.000 1.522
4210.000 1.475
4215.000 1.454
4220.000 1.395
4225.000 1.365
4230.000 1.339
4235.000 1.315
4240.000 1.297
4245.000 1.278
4250.000 1.294
4255.000 1.279
4260.000 1.281
4265.000 1.260
4270.000 1.280
4275.000 1.276
4280.000 1.299
4285.000 1.313
4290.000 1.309
4295.000 1.326
4300.000 1.303
4305.000 1.341
4310.000 1.363
4315.000 1.393
4320.000 1.431
4325.000 1.440
4330.000 1.506
4335.000 1.593
4340.000 1.665
4345.000 1.803
4350.000 1.885
4355.000 2.129
4360.000 2.302
4365.000 2.679
4370.000 3.258
4375.000 3.643
4380.000 4.682
4385.000 6.007
4390.000 6.881
4395.000 9.228
4400.000 10.765
4405.000 14.488
4410.000 18.374
4415.000 19.962
4420.000 21.518
4425.000 22.913
4430.000 21.882
4435.000 20.174
4440.000 16.026
4445.000 12.390
4450.000 10.962
4455.000 8.704
4460.000 7.112
4465.000 6.529
4470.000 5.591
4475.000 5.270
4480.000 4.686
4485.000 4.277
4490.000 4.144
4495.000 3.893
4500.000 3.784
4505.000 3.614
4510.000 3.536
4515.000 3.396
4520.000 3.251
4525.000 3.182
4530.000 3.094
4535.000 3.004
4540.000 2.983
4545.000 2.870
4550.000 2.839
4555.000 2.794
4560.000 2.786
4565.000 2.712
4570.000 2.697
4575.000 2.658
4580.000 2.616
4585.000 2.612
4590.000 2.569
4595.000 2.533
4600.000 2.524
4605.000 2.502
4610.000 2.517
4615.000 2.509
4620.000 2.467
4625.000 2.467
4630.000 2.484
4635.000 2.477
4640.000 2.463
4645.000 2.468
4650.000 2.457
4655.000 2.487
4660.000 2.470
4665.000 2.480
4670.000 2.478
4675.000 2.503
4680.000 2.502
4685.000 2.502
4690.000 2.504
4695.000 2.562
4700.000 2.568
4705.000 2.578
4710.000 2.605
4715.000 2.617
4720.000 2.619
4725.000 2.660
4730.000 2.663
4735.000 2.720
4740.000 2.743
4745.000 2.766
4750.000 2.787
4755.000 2.795
4760.000 2.801
4765.000 2.879
4770.000 2.904
4775.000 2.908
4780.000 2.942
4785.000 2.996
4790.000 2.982
4795.000 3.027
4800.000 3.052
4805.000 3.136
4810.000 3.135
4815.000 3.184
4820.000 3.240
4825.000 3.369
4830.000 3.487
4835.000 3.601
4840.000 3.769
4845.000 3.991
4850.000 4.160
4855.000 4.458
4860.000 4.629
4865.000 5.014
4870.000 5.244
4875.000 5.259
4880.000 4.781
4885.000 4.467
4890.000 3.679
4895.000 2.985
4900.000 2.721
4905.000 2.326
4910.000 2.190
4915.000 1.982
4920.000 1.885
4925.000 1.759
4930.000 1.696
4935.000 1.665
4940.000 1.611
4945.000 1.594
4950.000 1.605
4955.000 1.583
4960.000 1.563
4965.000 1.513
4970.000 1.529
4975.000 1.488
4980.000 1.468
4985.000 1.482
4990.000 1.423
4995.000 1.430
5000.000 1.423
5005.000 1.375
5010.000 1.397
5015.000 1.376
5020.000 1.367
5025.000 1.347
5030.000 1.388
5035.000 1.341
5040.000 1.330
5045.000 1.320
5050.000 1.295
5055.000 1.290
5060.000 1.261
5065.000 1.250
5070.000 1.232
5075.000 1.240
5080.000 1.227
5085.000 1.207
5095.000 1.202
5100.000 1.169
5105.000 1.148
5110.000 1.153
5115.000 1.138
5120.000 1.124
5125.000 1.114
5130.000 1.098
5135.000 1.115
5140.000 1.099
5145.000 1.094
5150.000 1.093
5155.000 1.088
5160.000 1.122
5165.000 1.127
5170.000 1.132
5175.000 1.136
5180.000 1.116
5185.000 1.119
5190.000 1.134
5195.000 1.124
5200.000 1.132
5205.000 1.137
5210.000 1.140
5215.000 1.150
5220.000 1.146
5225.000 1.161
5230.000 1.160
5235.000 1.200
5240.000 1.201
5245.000 1.194
5250.000 1.209
5255.000 1.202
5260.000 1.213
5265.000 1.256
5270.000 1.238
5275.000 1.246
5280.000 1.256
5285.000 1.258
5290.000 1.273
5295.000 1.266
5300.000 1.282
5305.000 1.290
5310.000 1.280
5315.000 1.331
5320.000 1.337
5325.000 1.344
5330.000 1.352
5335.000 1.346
5340.000 1.345
5345.000 1.397
5350.000 1.416
5355.000 1.393
5360.000 1.383
5365.000 1.304
5370.000 1.464
5375.000 1.427
5380.000 1.428
5385.000 1.407
5390.000 1.417
5395.000 1.420
5400.000 1.415
5405.000 1.403
5410.000 1.390
5415.000 1.410
5420.000 1.423
5425.000 1.421
5430.000 1.421
5435.000 1.404
5440.000 1.418
5445.000 1.398
5450.000 1.427
5455.000 1.447
5460.000 1.469
5465.000 1.534
5470.000 1.594
5475.000 1.546
5480.000 1.545
5485.000 1.512
5490.000 1.516
5495.000 1.403
5500.000 1.479
5505.000 1.502
5510.000 1.463
5515.000 1.480
5520.000 1.499
5525.000 1.473
5530.000 1.511
5535.000 1.467
5540.000 1.517
5545.000 1.496
5550.000 1.526
5555.000 1.544
5560.000 1.491
5565.000 1.598
5570.000 1.580
5575.000 1.558
5580.000 1.562
5585.000 1.551
5590.000 1.528
5595.000 1.538
5600.000 1.512
5605.000 1.522
5610.000 1.641
5615.000 1.590
5620.000 1.569
5625.000 1.547
5630.000 1.550
5635.000 1.530
5640.000 1.517
5645.000 1.517
5650.000 1.507
5655.000 1.505
5660.000 1.518
5665.000 1.545
5670.000 1.568
5675.000 1.553
5680.000 1.555
5685.000 1.571
5690.000 1.544
5695.000 1.547
5700.000 1.541
5705.000 1.541
5710.000 1.544
5715.000 1.554
5720.000 1.558
5725.000 1.555
5730.000 1.551
5735.000 1.562
5740.000 1.581
5745.000 1.568
5750.000 1.569
5755.000 1.562
5760.000 1.530
5765.000 1.554
5770.000 1.572
5775.000 1.564
5780.000 1.548
5785.000 1.550
5790.000 1.562
5795.000 1.569
5800.000 1.594
5805.000 1.607
5810.000 1.604
5815.000 1.573
5820.000 1.567
5825.000 1.550
5830.000 1.560
5835.000 1.564
5840.000 1.562
5845.000 1.562
5850.000 1.554
5855.000 1.555
5860.000 1.561
5865.000 1.585
5870.000 1.577
5875.000 1.618
5880.000 1.681
5885.000 1.647
5890.000 1.637
5895.000 1.617
5900.000 1.598
5905.000 1.622
5910.000 1.589
5915.000 1.587
5920.000 1.610
5925.000 1.615
5930.000 1.617
5935.000 1.621
5940.000 1.609
5945.000 1.589
5950.000 1.611
5955.000 1.617
5960.000 1.584
5965.000 1.592
5970.000 1.575
5975.000 1.576
5980.000 1.590
5985.000 1.586
5990.000 1.622
5995.000 1.592
6000.000 1.602
6005.000 1.595
6010.000 1.585
6015.000 1.587
6020.000 1.583
6025.000 1.625
6030.000 1.617
6035.000 1.589
6040.000 1.620
6045.000 1.607
6050.000 1.600
6055.000 1.606
6060.000 1.618
6065.000 1.598
6070.000 1.601
6075.000 1.599
6080.000 1.592
6085.000 1.600
6090.000 1.580
6095.000 1.589
6100.000 1.584
6105.000 1.582
6110.000 1.574
6115.000 1.595
6120.000 1.584
6125.000 1.607
6130.000 1.581
6135.000 1.601
6140.000 1.591
6145.000 1.559
6150.000 1.560
6155.000 1.591
6160.000 1.593
6165.000 1.602
6170.000 1.594
6175.000 1.591
6180.000 1.578
6185.000 1.610
6190.000 1.588
6195.000 1.570
6200.000 1.574
6205.000 1.558
6210.000 1.578
6215.000 1.579
6220.000 1.571
6225.000 1.547
6230.000 1.545
6235.000 1.563
6240.000 1.572
6245.000 1.546
6250.000 1.535
6255.000 1.541
6260.000 1.543
6265.000 1.569
6270.000 1.557
6275.000 1.540
6280.000 1.580
6285.000 1.550
6290.000 1.531
6295.000 1.523
6300.000 1.545
6305.000 1.555
6310.000 1.506
6315.000 1.519
6320.000 1.510
6325.000 1.528
6330.000 1.515
6335.000 1.505
6340.000 1.559
6345.000 1.520
6350.000 1.522
6355.000 1.495
6360.000 1.525
6365.000 1.524
6370.000 1.501
6375.000 1.508
6380.000 1.528
6385.000 1.512
6390.000 1.486
6395.000 1.484
6400.000 1.475
6405.000 1.477
6410.000 1.452
6415.000 1.439
6420.000 1.461
6425.000 1.433
6430.000 1.451
6435.000 1.442
6440.000 1.438
6445.000 1.434
6450.000 1.414
6455.000 1.414
6460.000 1.408
6465.000 1.402
6470.000 1.399
6475.000 1.404
6480.000 1.409
6485.000 1.411
6490.000 1.411
6495.000 1.408
6500.000 1.404
6505.000 1.414
6510.000 1.413
6515.000 1.418
6520.000 1.478
6525.000 1.471
6530.000 1.495
6535.000 1.489
6540.000 1.549
6545.000 1.578
6550.000 1.609
6555.000 1.676
6560.000 1.741
6565.000 1.792
6570.000 1.887
6575.000 1.966
6580.000 2.115
6585.000 2.263
6590.000 2.400
6595.000 2.638
6600.000 2.753
6605.000 3.148
6610.000 3.345
6615.000 3.886
6620.000 4.624
6625.000 5.107
6630.000 6.219
6635.000 7.793
6640.000 8.814
6645.000 11.225
6650.000 12.644
6655.000 15.987
6660.000 17.917
6665.000 22.062
6670.000 26.716
6675.000 29.329
6680.000 35.182
6685.000 41.106
6690.000 43.565
6695.000 46.669
6700.000 47.120
6705.000 45.200
6710.000 40.209
6715.000 37.573
6720.000 35.202
6725.000 30.962
6730.000 27.330
6735.000 24.195
6740.000 22.809
6745.000 20.552
6750.000 19.513
6755.000 17.719
6760.000 16.325
6765.000 15.740
6770.000 14.815
6775.000 14.467
6780.000 13.950
6785.000 13.859
6790.000 13.945
6795.000 14.372
6800.000 14.725
6805.000 15.355
6810.000 15.736
6815.000 16.697
6820.000 17.709
6825.000 18.367
6830.000 19.894
6835.000 22.059
6840.000 23.405
6845.000 26.377
6850.000 28.096
6855.000 31.993
6860.000 36.514
6865.000 38.896
6870.000 43.663
6875.000 44.834
6880.000 47.285
6885.000 46.419
6890.000 40.800
6895.000 33.326
6900.000 29.912
6905.000 24.650
6910.000 20.892
6915.000 19.331
6920.000 18.132
6925.000 16.080
6930.000 14.861
6935.000 13.887
6940.000 13.467
6945.000 12.735
6950.000 12.394
6955.000 11.790
6960.000 11.566
6965.000 11.095
6970.000 10.727
6975.000 10.612
6980.000 10.245
6985.000 10.086
6990.000 9.795
6995.000 9.570
7000.000 9.515
7005.000 9.322
7010.000 9.273
7015.000 9.170
7020.000 9.158
7025.000 9.071
7030.000 9.036
7035.000 9.046
7040.000 9.075
7045.000 9.133
7050.000 9.209
7055.000 9.259
7060.000 9.358
7065.000 9.474
7070.000 9.582
7075.000 9.808
7080.000 9.948
7085.000 10.190
7090.000 10.501
7095.000 10.891
7100.000 11.113
7105.000 11.522
7110.000 11.795
7115.000 12.396
7120.000 13.073
7125.000 13.531
7130.000 14.458
7135.000 15.022
7140.000 16.541
7145.000 17.449
7150.000 19.795
7155.000 21.250
7160.000 24.868
7165.000 29.124
7170.000 33.776
7175.000 36.188
7180.000 38.475
7185.000 42.820
7190.000 45.795
7195.000 46.148
7200.000 44.621
7205.000 38.250
7210.000 34.765
7215.000 28.607
7220.000 26.094
7225.000 22.308
7230.000 20.654
7235.000 18.054
7240.000 16.150
7245.000 14.847
7250.000 14.308
7255.000 13.559
7260.000 13.220
7265.000 12.624
7270.000 12.053
7275.000 11.782
7280.000 11.516
7285.000 11.083
7290.000 10.697
7295.000 10.563
7300.000 10.329
7305.000 10.056
7310.000 9.853
7315.000 9.581
7320.000 9.404
7325.000 9.306
7330.000 9.204
7335.000 9.178
7340.000 9.107
7345.000 9.112
7350.000 9.115
7355.000 9.017
7360.000 8.892
7365.000 9.169
7370.000 9.047
7375.000 9.045
7380.000 9.029
7385.000 9.083
7390.000 9.210
7395.000 9.327
7400.000 9.361
7405.000 9.513
7410.000 9.801
7415.000 10.224
7420.000 10.787
7425.000 11.052
7430.000 11.709
7435.000 12.058
7440.000 12.764
7445.000 14.062
7450.000 14.739
7455.000 16.328
7460.000 17.325
7465.000 20.135
7470.000 21.668
7475.000 24.606
7480.000 26.095
7485.000 25.950
7490.000 23.060
7495.000 18.779
7500.000 16.768
7505.000 13.490
7510.000 12.247
7515.000 10.285
7520.000 8.865
7525.000 8.284
7530.000 7.780
7535.000 6.902
7540.000 6.159
7545.000 5.539
7550.000 5.236
7555.000 4.584
7560.000 4.320
7565.000 3.824
7570.000 3.429
7575.000 3.274
7580.000 2.978
7585.000 2.856
7590.000 2.628
7595.000 2.534
7600.000 2.372
7605.000 2.305
7610.000 2.167
7615.000 2.063
7620.000 2.032
7625.000 1.932
7630.000 1.856
7635.000 1.824
7640.000 1.770
7645.000 1.743
7650.000 1.687
7655.000 1.666
7660.000 1.648
7665.000 1.603
7670.000 1.540
7675.000 1.555
7680.000 1.551
7685.000 1.538
7690.000 1.530
7695.000 1.527
7700.000 1.533
7705.000 1.533
7710.000 1.517
7715.000 1.528
7720.000 1.522
7725.000 1.531
7730.000 1.548
7735.000 1.545
7740.000 1.548
7745.000 1.564
7750.000 1.585
7755.000 1.599
7760.000 1.608
7765.000 1.628
7770.000 1.675
7775.000 1.712
7780.000 1.770
7785.000 1.792
7790.000 1.853
7795.000 1.905
7800.000 1.990
7805.000 2.057
7810.000 2.208
7815.000 2.394
7820.000 2.524
7825.000 2.816
7830.000 3.273
7835.000 3.599
7840.000 4.394
7845.000 4.919
7850.000 6.126
7855.000 7.415
7860.000 7.887
7865.000 8.052
7870.000 7.614
7875.000 6.532
7880.000 5.363
7885.000 4.809
7890.000 4.044
7895.000 3.708
7900.000 3.219
7905.000 3.012
7910.000 2.666
7915.000 2.402
7920.000 2.288
7925.000 2.107
7930.000 2.013
7935.000 1.892
7940.000 1.795
7945.000 1.746
7950.000 1.669
7955.000 1.620
7960.000 1.568
7965.000 1.512
7970.000 1.495
7975.000 1.484
7980.000 1.457
7985.000 1.431
7990.000 1.418
7995.000 1.415
8000.000 1.392
8005.000 1.387
8010.000 1.366
8015.000 1.342
8020.000 1.337
8025.000 1.324
8030.000 1.312
8035.000 1.306
8040.000 1.323
8045.000 1.323
8050.000 1.332
8055.000 1.339
8060.000 1.320
8065.000 1.316
8070.000 1.324
8075.000 1.302
8080.000 1.305
8085.000 1.336
8090.000 1.316
8095.000 1.343
8100.000 1.324
8105.000 1.323
8110.000 1.297
8115.000 1.297
8120.000 1.289
8125.000 1.292
8130.000 1.306
8135.000 1.297
8140.000 1.303
8145.000 1.295
8150.000 1.290
8155.000 1.302
8160.000 1.311
8165.000 1.291
8170.000 1.296
8175.000 1.294
8180.000 1.300
8185.000 1.295
8190.000 1.307
8195.000 1.308
8200.000 1.297
8205.000 1.316
8210.000 1.303
8215.000 1.320
8220.000 1.303
8225.000 1.304
8230.000 1.297
8235.000 1.309
8240.000 1.303
8245.000 1.325
8250.000 1.324
8255.000 1.301
8260.000 1.301
8265.000 1.283
8270.000 1.264
8275.000 1.275
8280.000 1.265
8285.000 1.286
8290.000 1.279
8295.000 1.283
8300.000 1.286
8305.000 1.325
8310.000 1.322
8315.000 1.321
8320.000 1.330
8325.000 1.341
8330.000 1.342
8335.000 1.267
8340.000 1.316
8345.000 1.310
8350.000 1.334
8355.000 1.345
8360.000 1.346
8365.000 1.358
8370.000 1.363
8375.000 1.377
8380.000 1.391
8385.000 1.387
8390.000 1.401
8395.000 1.392
8400.000 1.390
8405.000 1.401
8410.000 1.395
8415.000 1.405
8420.000 1.419
8425.000 1.416
8430.000 1.424
8435.000 1.332
8440.000 1.403
8445.000 1.312
8450.000 1.379
8455.000 1.325
8460.000 1.349
8465.000 1.377
8470.000 1.377
8475.000 1.407
8480.000 1.405
8485.000 1.414
8490.000 1.424
8495.000 1.431
8500.000 1.454
8505.000 1.443
8510.000 1.453
8515.000 1.460
8520.000 1.461
8525.000 1.457
8530.000 1.475
8535.000 1.473
8540.000 1.455
8545.000 1.411
8550.000 1.450
8555.000 1.444
8560.000 1.445
8565.000 1.461
8570.000 1.465
8575.000 1.466
8580.000 1.482
8585.000 1.481
8590.000 1.501
8595.000 1.497
8600.000 1.488
8605.000 1.501
8610.000 1.499
8615.000 1.510
8620.000 1.505
8625.000 1.526
8630.000 1.540
8635.000 1.517
8640.000 1.525
8645.000 1.550
8650.000 1.523
8655.000 1.529
8660.000 1.519
8665.000 1.556
8670.000 1.522
8675.000 1.526
8680.000 1.535
8685.000 1.525
8690.000 1.566
8695.000 1.549
8700.000 1.535
8705.000 1.531
8710.000 1.541
8715.000 1.543
8720.000 1.550
8725.000 1.524
8730.000 1.548
8735.000 1.516
8740.000 1.512
8745.000 1.539
8750.000 1.539
8755.000 1.568
8760.000 1.561
8765.000 1.548
8770.000 1.544
8775.000 1.564
8780.000 1.554
8785.000 1.569
8790.000 1.596
8795.000 1.583
8800.000 1.600
8805.000 1.613
8810.000 1.609
8815.000 1.622
8820.000 1.622
8825.000 1.608
8830.000 1.618
8835.000 1.614
8840.000 1.614
8845.000 1.618
8850.000 1.612
8855.000 1.584
8860.000 1.472
8865.000 1.513
8870.000 1.524
8875.000 1.518
8880.000 1.512
8885.000 1.445
8890.000 1.482
8895.000 1.495
8900.000 1.525
8905.000 1.536
8910.000 1.526
8915.000 1.562
8920.000 1.571
8925.000 1.584
8930.000 1.604
8935.000 1.587
8940.000 1.624
8945.000 1.635
8950.000 1.617
8955.000 1.649
8960.000 1.635
8965.000 1.624
8970.000 1.664
8975.000 1.647
8980.000 1.650
8985.000 1.654
8990.000 1.661
8995.000 1.648
9000.000 1.665
9005.000 1.640
9010.000 1.640
9015.000 1.670
9020.000 1.650
9025.000 1.653
9030.000 1.660
9035.000 1.674
9040.000 1.686
9045.000 1.670
9050.000 1.585
9055.000 1.603
9060.000 1.610
9065.000 1.615
9070.000 1.629
9075.000 1.616
9080.000 1.608
9085.000 1.638
9090.000 1.641
9095.000 1.628
9100.000 1.636
9105.000 1.651
9110.000 1.633
9115.000 1.665
9120.000 1.649
9125.000 1.644
9130.000 1.656
9135.000 1.670
9140.000 1.667
9145.000 1.658
9150.000 1.649
9155.000 1.641
9160.000 1.655
9165.000 1.646
9170.000 1.664
9175.000 1.659
9180.000 1.652
9185.000 1.644
9190.000 1.628
9195.000 1.642
9200.000 1.637
9205.000 1.640
9210.000 1.631
9215.000 1.655
9220.000 1.658
9225.000 1.646
9230.000 1.627
9235.000 1.660
9240.000 1.655
9245.000 1.655
9250.000 1.651
9255.000 1.668
9260.000 1.639
9265.000 1.592
9270.000 1.622
9275.000 1.639
9280.000 1.599
9285.000 1.636
9290.000 1.625
9295.000 1.634
9300.000 1.629
9305.000 1.615
9310.000 1.616
9315.000 1.618
9320.000 1.633
9325.000 1.633
9330.000 1.641
9335.000 1.635
9340.000 1.623
9345.000 1.626
9350.000 1.626
9355.000 1.632
9360.000 1.624
9365.000 1.613
9370.000 1.608
9375.000 1.599
9380.000 1.594
9385.000 1.593
9390.000 1.595
9395.000 1.587
9400.000 1.603
9405.000 1.605
9410.000 1.606
9415.000 1.605
9420.000 1.613
9425.000 1.618
9430.000 1.616
9435.000 1.607
9440.000 1.612
9445.000 1.603
9450.000 1.606
9455.000 1.628
9460.000 1.623
9465.000 1.613
9470.000 1.623
9475.000 1.607
9480.000 1.599
9485.000 1.604
9490.000 1.609
9495.000 1.599
9500.000 1.610
9505.000 1.539
9510.000 1.603
9515.000 1.591
9520.000 1.587
9525.000 1.598
9530.000 1.585
9535.000 1.546
9540.000 1.560
9545.000 1.551
9550.000 1.557
9555.000 1.556
9560.000 1.554
9565.000 1.551
9570.000 1.561
9575.000 1.551
9580.000 1.552
9585.000 1.571
9590.000 1.556
9595.000 1.554
9600.000 1.560
9605.000 1.564
9610.000 1.548
9615.000 1.547
9620.000 1.553
9625.000 1.542
9630.000 1.509
9635.000 1.534
9640.000 1.553
9645.000 1.544
9650.000 1.545
9655.000 1.530
9660.000 1.543
9665.000 1.537
9670.000 1.523
9675.000 1.528
9680.000 1.546
9685.000 1.544
9690.000 1.520
9695.000 1.498
9700.000 1.466
9705.000 1.477
9710.000 1.489
9715.000 1.480
9720.000 1.473
9725.000 1.479
9730.000 1.482
9735.000 1.476
9740.000 1.444
9745.000 1.425
9750.000 1.421
9755.000 1.371
9760.000 1.350
9765.000 1.344
9770.000 1.343
9775.000 1.350
9780.000 1.355
9785.000 1.347
9790.000 1.349
9795.000 1.342
9800.000 1.331
9805.000 1.321
9810.000 1.331
9815.000 1.311
9820.000 1.283
9825.000 1.269
9830.000 1.248
9835.000 1.249
9840.000 1.208
9845.000 1.183
9850.000 1.173
9855.000 1.148
9860.000 1.138
9865.000 1.087
9870.000 1.052
9875.000 1.047
9880.000 1.003
9885.000 1.007
9890.000 0.961
9895.000 0.965
9900.000 0.947
9905.000 1.014
9910.000 1.083
9915.000 1.257
9920.000 1.634
9925.000 1.876
9930.000 2.717
9935.000 3.278
9940.000 4.745
9945.000 6.760
9950.000 7.960
9955.000 10.690
9960.000 12.150
9965.000 15.025
9970.000 16.756
9975.000 17.136
9980.000 17.105
9985.000 16.217
9990.000 14.766
9995.000 14.062
10000.000 12.776
10005.000 11.625
10010.000 11.132
10015.000 10.262
10020.000 9.921
10025.000 9.230
10030.000 8.918
10035.000 8.455
10040.000 8.021
10045.000 7.715
10050.000 7.615
10055.000 7.508
10060.000 7.313
10065.000 7.199
10070.000 7.170
10075.000 6.962
10080.000 7.053
10085.000 7.109
10090.000 7.249
10095.000 7.528
10100.000 7.691
10105.000 8.010
10110.000 8.302
10115.000 8.844
10120.000 9.558
10125.000 9.986
10130.000 10.458
10135.000 11.569
10140.000 13.006
10145.000 14.894
10150.000 16.066
10155.000 17.300
10160.000 20.173
10165.000 23.931
10170.000 27.198
10175.000 28.143
10180.000 28.191
10185.000 26.940
10190.000 22.966
10195.000 18.804
10200.000 17.011
10205.000 14.165
10210.000 13.035
10215.000 11.321
10220.000 10.070
10225.000 9.596
10230.000 9.203
10235.000 8.537
10240.000 8.016
10245.000 7.573
10250.000 7.368
10255.000 7.039
10260.000 6.881
10265.000 6.511
10270.000 6.421
10275.000 6.220
10280.000 6.097
10285.000 6.032
10290.000 5.939
10295.000 5.880
10300.000 5.766
10305.000 5.767
10310.000 5.779
10315.000 6.052
10320.000 6.127
10325.000 6.247
10330.000 6.339
10335.000 6.514
10340.000 6.781
10345.000 6.934
10350.000 7.261
10355.000 7.651
10360.000 7.874
10365.000 8.404
10370.000 8.684
10375.000 9.415
10380.000 10.334
10385.000 10.854
10390.000 11.474
10395.000 12.936
10400.000 14.743
10405.000 15.846
10410.000 18.246
10415.000 20.975
10420.000 22.294
10425.000 24.298
10430.000 24.669
10435.000 23.730
10440.000 22.494
10445.000 19.601
10450.000 16.759
10455.000 14.515
10460.000 12.822
10465.000 12.068
10470.000 11.414
10475.000 10.541
10480.000 10.198
10485.000 9.549
10490.000 8.968
10495.000 11.147
10500.000 11.092
10505.000 10.661
10510.000 9.443
10515.000 8.974
10520.000 8.169
10525.000 7.566
10530.000 7.324
10535.000 6.939
10540.000 6.840
10545.000 6.575
10550.000 6.518
10555.000 6.424
10560.000 6.439
10570.000 7.002
10575.000 6.890
10580.000 6.767
10585.000 6.768
10590.000 6.820
10595.000 6.936
10600.000 6.973
10605.000 7.097
10610.000 7.137
10615.000 7.337
10620.000 7.593
10625.000 7.750
10630.000 8.042
10635.000 8.218
10640.000 8.672
10645.000 9.270
10650.000 9.616
10655.000 10.357
10660.000 10.801
10665.000 11.764
10670.000 12.261
10675.000 13.235
10680.000 13.634
10685.000 13.898
10690.000 13.408
10695.000 12.449
10700.000 11.796
10705.000 10.439
10710.000 9.768
10715.000 8.443
10720.000 7.286
10725.000 6.785
10730.000 6.307
10735.000 5.498
10740.000 4.847
10745.000 4.542
10750.000 4.031
10755.000 3.605
10760.000 3.405
10765.000 3.090
10770.000 2.917
10775.000 2.658
10780.000 2.525
10785.000 2.293
10790.000 2.082
10795.000 1.885
10800.000 1.790
10805.000 1.645
10810.000 1.610
10815.000 1.496
10820.000 1.381
10825.000 1.340
10830.000 1.275
10835.000 1.250
10840.000 1.125
10845.000 1.112
10850.000 1.079
10855.000 1.047
10860.000 1.017
10865.000 0.997
10875.000 1.121
10880.000 1.036
10885.000 0.988
10895.000 1.094
10900.000 1.029
10905.000 0.988
10910.000 0.950
10915.000 0.902
10920.000 0.847
10925.000 0.815
10930.000 0.778
10935.000 0.736
10940.000 0.723
10945.000 0.690
10950.000 0.653
10955.000 0.644
10960.000 0.638
10965.000 0.639
10970.000 0.690
10975.000 0.784
10980.000 0.871
10985.000 1.089
10990.000 1.236
10995.000 1.563
11000.000 1.774
11005.000 1.984
11010.000 2.339
11015.000 2.391
11020.000 2.387
11025.000 2.317
11030.000 2.283
11035.000 2.155
11040.000 2.097
11045.000 2.055
11050.000 1.980
11055.000 1.958
11060.000 1.887
11065.000 1.857
11070.000 1.825
11075.000 1.803
11080.000 1.785
11085.000 1.772
11090.000 1.758
11095.000 1.726
11100.000 1.729
11105.000 1.700
11110.000 1.683
11115.000 1.670
11120.000 1.654
11125.000 1.644
11130.000 1.609
11135.000 1.609
11140.000 1.609
11145.000 1.591
11150.000 1.574
11155.000 1.584
11160.000 1.567
11165.000 1.558
11170.000 1.572
11175.000 1.560
11180.000 1.551
11185.000 1.506
11190.000 1.510
11195.000 1.520
11200.000 1.525
11205.000 1.514
11210.000 1.514
11215.000 1.510
11220.000 1.520
11225.000 1.514
11230.000 1.534
11235.000 1.539
11240.000 1.521
11245.000 1.487
11250.000 1.449
11255.000 1.495
11260.000 1.485
11265.000 1.502
11270.000 1.498
11275.000 1.488
11280.000 1.499
11285.000 1.513
11290.000 1.518
11295.000 1.522
11300.000 1.517
11305.000 1.511
11310.000 1.506
11315.000 1.501
11320.000 1.511
11325.000 1.504
11330.000 1.502
11335.000 1.514
11340.000 1.500
11345.000 1.508
11350.000 1.518
11355.000 1.507
11360.000 1.511
11365.000 1.509
11370.000 1.521
11375.000 1.528
11380.000 1.518
11385.000 1.441
11390.000 1.472
11395.000 1.462
11400.000 1.475
11405.000 1.465
11410.000 1.467
11415.000 1.461
11420.000 1.488
11425.000 1.462
11430.000 1.419
11435.000 1.434
11440.000 1.444
11445.000 1.410
11450.000 1.427
11455.000 1.442
11460.000 1.444
11465.000 1.460
11470.000 1.474
11475.000 1.462
11480.000 1.462
11485.000 1.482
11490.000 1.477
11495.000 1.482
11500.000 1.470
11505.000 1.486
11510.000 1.467
11515.000 1.465
11520.000 1.482
11525.000 1.463
11530.000 1.454
11535.000 1.465
11540.000 1.464
11545.000 1.442
11550.000 1.461
11555.000 1.469
11560.000 1.466
11565.000 1.471
11570.000 1.469
11575.000 1.457
11580.000 1.434
11585.000 1.409
11590.000 1.384
11595.000 1.394
11600.000 1.403
11605.000 1.412
11610.000 1.359
11615.000 1.348
11620.000 1.362
11625.000 1.356
11630.000 1.374
11635.000 1.377
11640.000 1.384
11645.000 1.399
11650.000 1.405
11655.000 1.423
11660.000 1.425
11665.000 1.407
11670.000 1.445
11675.000 1.442
11680.000 1.433
11685.000 1.417
11690.000 1.362
11695.000 1.342
11700.000 1.300
11705.000 1.330
11710.000 1.329
11715.000 1.370
11720.000 1.394
11725.000 1.400
11730.000 1.396
11735.000 1.384
11740.000 1.382
11745.000 1.392
11750.000 1.405
11755.000 1.410
11760.000 1.395
11765.000 1.395
11770.000 1.409
11775.000 1.415
11780.000 1.401
11785.000 1.421
11790.000 1.417
11795.000 1.394
11800.000 1.408
11805.000 1.385
11810.000 1.391
11815.000 1.398
11820.000 1.388
11825.000 1.397
11830.000 1.397
11835.000 1.408
11840.000 1.394
11845.000 1.408
11850.000 1.401
11855.000 1.415
11860.000 1.397
11865.000 1.391
11870.000 1.366
11875.000 1.317
11880.000 1.323
11885.000 1.357
11890.000 1.354
11895.000 1.381
11900.000 1.379
11905.000 1.390
11910.000 1.391
11915.000 1.401
11920.000 1.391
11925.000 1.402
11930.000 1.402
11935.000 1.402
11940.000 1.395
11945.000 1.389
11950.000 1.389
11955.000 1.385
11960.000 1.378
11965.000 1.395
11970.000 1.383
11975.000 1.375
11980.000 1.383
11985.000 1.389
11990.000 1.389
11995.000 1.388
12000.000 1.389
