105.000 0.306
110.000 0.186
115.000 1.140
120.000 1.607
125.000 2.027
130.000 2.137
135.000 2.449
140.000 2.244
145.000 2.331
150.000 2.116
155.000 2.063
160.000 2.072
165.000 2.083
170.000 2.021
175.000 1.790
180.000 1.801
185.000 1.736
190.000 1.903
195.000 1.633
200.000 2.003
205.000 2.053
210.000 2.148
215.000 2.113
220.000 2.552
225.000 2.749
230.000 2.938
235.000 3.420
240.000 3.678
245.000 4.244
250.000 4.272
255.000 5.035
260.000 5.507
265.000 5.633
270.000 6.199
275.000 6.304
280.000 7.007
285.000 7.294
290.000 7.504
295.000 8.070
300.000 8.547
305.000 8.058
310.000 13.189
315.000 12.757
320.000 12.358
325.000 12.544
330.000 13.272
335.000 14.280
340.000 15.138
345.000 16.694
350.000 17.860
355.000 20.060
360.000 22.366
365.000 22.993
370.000 25.669
375.000 27.074
380.000 29.058
385.000 30.550
390.000 35.184
395.000 35.516
400.000 37.421
405.000 39.999
410.000 45.004
415.000 46.262
420.000 49.699
425.000 51.421
430.000 53.751
435.000 56.279
440.000 57.113
445.000 58.901
450.000 59.844
455.000 61.090
460.000 62.447
465.000 62.095
470.000 63.985
475.000 63.991
480.000 64.111
485.000 63.497
490.000 62.471
495.000 60.361
500.000 57.879
505.000 52.402
510.000 47.733
515.000 45.130
520.000 39.074
525.000 36.520
530.000 32.458
535.000 25.784
540.000 25.115
545.000 21.246
550.000 19.957
555.000 17.065
560.000 14.224
565.000 12.638
570.000 12.413
575.000 11.719
580.000 9.712
585.000 8.560
590.000 7.944
595.000 7.098
600.000 6.752
605.000 6.089
610.000 5.684
615.000 6.085
620.000 5.302
625.000 5.050
630.000 4.572
635.000 3.948
640.000 3.982
645.000 3.572
650.000 3.383
655.000 3.365
660.000 3.207
665.000 2.957
670.000 2.586
675.000 2.491
680.000 2.299
685.000 2.104
690.000 2.041
695.000 1.899
700.000 1.851
705.000 1.698
710.000 1.657
715.000 1.681
720.000 1.679
725.000 1.556
730.000 1.403
735.000 1.374
740.000 1.338
745.000 1.377
750.000 1.575
755.000 1.412
760.000 1.229
765.000 1.183
770.000 1.188
775.000 1.163
780.000 1.671
785.000 3.276
790.000 2.044
795.000 1.662
800.000 1.464
805.000 1.475
810.000 1.274
815.000 1.429
820.000 1.355
825.000 1.427
830.000 1.430
835.000 1.471
840.000 1.503
845.000 1.461
850.000 1.475
855.000 1.607
860.000 1.580
865.000 1.649
870.000 1.795
875.000 1.619
880.000 2.203
885.000 2.262
890.000 2.614
895.000 2.825
900.000 2.997
905.000 3.670
910.000 4.184
915.000 5.165
920.000 6.719
925.000 7.697
930.000 8.510
935.000 9.874
940.000 11.542
945.000 12.395
950.000 11.752
955.000 8.922
960.000 7.747
965.000 6.134
970.000 5.001
975.000 4.642
980.000 4.005
985.000 3.435
990.000 3.272
995.000 2.992
1000.000 2.668
1005.000 2.431
1010.000 2.238
1015.000 2.341
1020.000 2.059
1025.000 2.055
1030.000 1.893
1035.000 1.790
1040.000 1.781
1045.000 1.678
1050.000 1.727
1055.000 1.633
1060.000 1.609
1065.000 1.525
1070.000 1.520
1075.000 1.520
1080.000 1.440
1085.000 1.438
1090.000 1.423
1095.000 1.398
1100.000 1.390
1105.000 1.366
1110.000 1.408
1115.000 1.340
1120.000 1.328
1125.000 1.341
1130.000 1.315
1135.000 1.337
1140.000 1.323
1145.000 1.338
1150.000 1.309
1155.000 1.316
1160.000 1.366
1165.000 1.339
1170.000 1.413
1175.000 1.381
1180.000 1.433
1185.000 1.440
1190.000 1.502
1195.000 1.518
1200.000 1.507
1205.000 1.596
1210.000 1.642
1215.000 1.708
1220.000 1.783
1225.000 1.783
1230.000 1.836
1235.000 1.874
1240.000 1.973
1245.000 2.111
1250.000 2.171
1255.000 2.345
1260.000 2.423
1265.000 2.799
1270.000 3.234
1275.000 3.365
1280.000 3.641
1285.000 3.860
1290.000 4.536
1295.000 5.510
1300.000 6.112
1305.000 7.641
1310.000 8.583
1315.000 10.874
1320.000 13.948
1325.000 15.761
1330.000 19.729
1335.000 21.921
1340.000 25.937
1345.000 29.017
1350.000 30.200
1355.000 30.002
1360.000 28.562
1365.000 23.883
1370.000 19.217
1375.000 17.152
1380.000 15.354
1385.000 12.487
1390.000 10.381
1395.000 8.849
1400.000 8.291
1405.000 7.331
1410.000 6.954
1415.000 6.388
1420.000 6.058
1425.000 5.910
1430.000 5.661
1435.000 5.567
1440.000 5.398
1445.000 5.319
1450.000 5.153
1455.000 5.006
1460.000 4.987
1465.000 4.836
1470.000 4.741
1475.000 4.602
1480.000 4.527
1485.000 4.451
1490.000 4.347
1495.000 4.283
1500.000 4.237
1505.000 4.138
1510.000 4.104
1515.000 4.050
1520.000 4.007
1525.000 4.000
1530.000 3.944
1535.000 3.954
1540.000 3.902
1545.000 3.875
1550.000 3.867
1555.000 3.806
1560.000 3.824
1565.000 3.830
1570.000 3.824
1575.000 3.811
1580.000 3.809
1585.000 3.817
1590.000 3.813
1595.000 3.833
1600.000 3.793
1605.000 3.802
1610.000 3.836
1615.000 3.809
1620.000 3.838
1625.000 3.835
1630.000 3.865
1635.000 3.870
1640.000 3.898
1645.000 3.899
1650.000 3.924
1655.000 3.964
1660.000 3.987
1665.000 4.067
1670.000 4.101
1675.000 4.203
1680.000 4.405
1685.000 4.510
1690.000 4.815
1695.000 5.051
1700.000 5.659
1705.000 6.469
1710.000 6.987
1715.000 8.468
1720.000 9.309
1725.000 11.961
1730.000 15.376
1735.000 17.424
1740.000 22.280
1745.000 25.110
1750.000 31.154
1755.000 37.622
1760.000 40.811
1765.000 45.624
1770.000 47.435
1775.000 49.229
1780.000 47.120
1785.000 44.080
1790.000 36.094
1795.000 31.839
1800.000 24.568
1805.000 19.567
1810.000 17.678
1815.000 14.746
1820.000 13.631
1825.000 11.849
1830.000 10.526
1835.000 10.025
1840.000 9.224
1845.000 9.015
1850.000 8.587
1855.000 8.261
1860.000 8.164
1865.000 7.975
1870.000 7.888
1875.000 7.661
1880.000 7.515
1885.000 7.414
1890.000 7.290
1895.000 7.186
1900.000 7.149
1905.000 7.091
1910.000 7.044
1915.000 6.981
1920.000 6.990
1925.000 6.925
1930.000 6.858
1935.000 6.905
1940.000 6.857
1945.000 6.917
1950.000 6.878
1955.000 6.966
1960.000 6.959
1965.000 7.023
1970.000 7.058
1975.000 7.079
1980.000 7.075
1985.000 7.159
1990.000 7.269
1995.000 7.355
2000.000 7.516
2005.000 7.560
2010.000 7.627
2015.000 7.838
2020.000 7.846
2025.000 8.040
2030.000 8.195
2035.000 8.353
2040.000 8.628
2045.000 8.734
2050.000 8.989
2055.000 9.170
2060.000 9.400
2065.000 9.763
2070.000 10.007
2075.000 10.425
2080.000 10.670
2085.000 11.186
2090.000 11.785
2095.000 12.055
2100.000 12.863
2105.000 13.382
2110.000 14.489
2115.000 15.681
2120.000 16.394
2125.000 17.191
2130.000 17.485
2135.000 17.651
2140.000 17.406
2145.000 16.984
2150.000 15.769
2155.000 15.020
2160.000 13.455
2165.000 11.840
2170.000 11.036
2175.000 9.625
2180.000 8.984
2185.000 7.842
2190.000 6.845
2195.000 6.465
2200.000 5.646
2205.000 5.290
2210.000 4.638
2215.000 4.093
2220.000 3.842
2225.000 3.365
2230.000 3.109
2235.000 2.715
2240.000 2.372
2245.000 2.249
2250.000 1.954
2255.000 1.847
2260.000 1.618
2265.000 1.448
2270.000 1.348
2275.000 1.203
2280.000 1.134
2285.000 1.015
2290.000 0.934
2295.000 0.877
2300.000 0.793
2305.000 0.752
2310.000 0.690
2315.000 0.651
2320.000 0.644
2325.000 0.604
2330.000 0.605
2335.000 0.576
2340.000 0.578
2345.000 0.579
2350.000 0.571
2355.000 0.593
2360.000 0.564
2365.000 0.558
2370.000 0.566
2375.000 0.543
2380.000 0.596
2385.000 0.607
2390.000 0.614
2395.000 0.609
2400.000 0.594
2405.000 0.612
2410.000 0.604
2415.000 0.640
2420.000 0.668
2425.000 0.675
2430.000 0.664
2435.000 0.673
2440.000 0.665
2445.000 0.672
2450.000 0.683
2455.000 0.691
2460.000 0.676
2465.000 0.738
2470.000 0.721
2475.000 0.715
2480.000 0.712
2485.000 0.771
2490.000 0.775
2495.000 0.773
2500.000 0.774
2505.000 0.794
2510.000 0.788
2515.000 0.783
2520.000 0.811
2525.000 0.791
2530.000 0.787
2535.000 0.799
2540.000 0.802
2545.000 0.820
2550.000 0.813
2555.000 0.807
2560.000 0.837
2565.000 0.816
2570.000 0.821
2575.000 0.822
2580.000 0.822
2585.000 0.828
2590.000 0.839
2595.000 0.843
2600.000 0.858
2605.000 0.846
2610.000 0.852
2615.000 0.878
2620.000 0.867
2625.000 0.919
2630.000 0.918
2635.000 0.940
2640.000 0.941
2645.000 0.923
2650.000 0.907
2655.000 0.905
2660.000 0.895
2665.000 0.910
2670.000 0.879
2675.000 0.886
2680.000 0.916
2685.000 0.893
2690.000 0.916
2695.000 0.884
2700.000 0.891
2705.000 0.884
2710.000 0.890
2715.000 0.884
2720.000 0.887
2725.000 0.883
2730.000 0.892
2735.000 0.891
2740.000 0.904
2745.000 0.888
2750.000 0.912
2755.000 0.879
2760.000 0.897
2765.000 0.882
2770.000 0.909
2775.000 0.905
2780.000 0.907
2785.000 0.890
2790.000 0.917
2795.000 0.915
2800.000 0.903
2805.000 0.901
2810.000 0.878
2815.000 0.884
2820.000 0.898
2825.000 0.911
2830.000 0.898
2835.000 0.895
2840.000 0.883
2845.000 0.887
2850.000 0.869
2855.000 0.923
2860.000 0.893
2865.000 0.875
2870.000 0.915
2875.000 0.898
2880.000 0.889
2885.000 0.899
2890.000 0.912
2895.000 0.897
2900.000 0.960
2905.000 0.965
2910.000 0.940
2915.000 0.931
2920.000 0.909
2925.000 0.918
2930.000 0.913
2935.000 0.910
2940.000 0.886
2945.000 0.916
2950.000 0.887
2955.000 0.852
2960.000 0.893
2965.000 0.896
2970.000 0.910
2975.000 1.003
2980.000 0.938
2985.000 0.936
2990.000 0.903
2995.000 0.977
3000.000 0.937
3005.000 0.971
3010.000 0.917
3015.000 0.960
3020.000 0.897
3025.000 0.835
3030.000 0.840
3035.000 0.837
3040.000 0.865
3045.000 0.832
3050.000 0.810
3055.000 0.847
3060.000 0.831
3065.000 0.815
3070.000 0.823
3075.000 0.813
3080.000 0.768
3085.000 0.767
3090.000 0.749
3095.000 0.740
3100.000 0.718
3105.000 0.740
3110.000 0.704
3115.000 0.702
3120.000 0.666
3125.000 0.628
3130.000 0.621
3135.000 0.588
3140.000 0.598
3145.000 0.616
3150.000 0.598
3155.000 0.551
3160.000 0.550
3165.000 0.511
3170.000 0.481
3175.000 0.459
3180.000 0.423
3185.000 0.380
3190.000 0.366
3195.000 0.336
3200.000 0.286
3205.000 0.270
3210.000 0.242
3215.000 0.242
3220.000 0.235
3225.000 0.225
3230.000 0.258
3235.000 0.339
3240.000 0.353
3245.000 0.466
3250.000 0.532
3255.000 0.673
3260.000 0.839
3265.000 0.957
3270.000 1.227
3275.000 1.386
3280.000 1.772
3285.000 2.340
3290.000 2.686
3295.000 3.552
3300.000 4.221
3305.000 5.537
3310.000 7.303
3315.000 8.228
3320.000 10.090
3325.000 11.146
3330.000 13.630
3335.000 16.545
3340.000 18.308
3345.000 22.620
3350.000 25.077
3355.000 30.219
3360.000 37.012
3365.000 38.835
3370.000 44.348
3375.000 45.838
3380.000 45.920
3385.000 41.398
3390.000 38.942
3395.000 34.282
3400.000 32.231
3405.000 29.107
3410.000 27.057
3415.000 26.350
3420.000 25.245
3425.000 24.807
3430.000 23.977
3435.000 24.282
3440.000 23.921
3445.000 23.177
3450.000 22.932
3455.000 22.900
3460.000 22.700
3465.000 22.675
3470.000 22.980
3475.000 23.409
3480.000 24.263
3485.000 25.368
3490.000 25.864
3495.000 27.757
3500.000 29.060
3505.000 32.576
3510.000 34.613
3515.000 38.963
3520.000 42.874
3525.000 44.399
3530.000 48.398
3535.000 49.398
3540.000 49.565
3545.000 43.609
3550.000 39.944
3555.000 30.627
3560.000 26.369
3565.000 19.377
3570.000 15.343
3575.000 14.275
3580.000 11.485
3585.000 11.236
3590.000 9.463
3595.000 8.632
3600.000 8.203
3605.000 7.620
3610.000 6.919
3615.000 6.601
3620.000 5.915
3625.000 5.849
3630.000 5.392
3635.000 5.090
3640.000 4.528
3645.000 4.159
3650.000 4.120
3655.000 3.729
3660.000 3.643
3665.000 3.436
3670.000 3.243
3675.000 3.194
3680.000 3.036
3685.000 2.975
3690.000 2.884
3695.000 2.805
3700.000 2.785
3705.000 2.746
3710.000 2.733
3715.000 2.703
3720.000 2.714
3725.000 2.704
3730.000 2.714
3735.000 2.722
3740.000 2.757
3745.000 2.809
3750.000 2.842
3755.000 2.935
3760.000 2.983
3765.000 3.125
3770.000 3.254
3775.000 3.346
3780.000 3.569
3785.000 3.693
3790.000 4.007
3795.000 4.413
3800.000 4.625
3805.000 5.095
3810.000 5.380
3815.000 5.910
3820.000 6.636
3825.000 7.053
3830.000 7.925
3835.000 8.708
3840.000 10.081
3845.000 12.015
3850.000 13.273
3855.000 16.461
3860.000 18.333
3865.000 23.162
3870.000 28.988
3875.000 32.593
3880.000 38.580
3885.000 40.887
3890.000 43.470
3895.000 42.261
3900.000 40.007
3905.000 32.041
3910.000 27.783
3915.000 21.016
3920.000 16.575
3925.000 14.958
3930.000 12.519
3935.000 11.572
3940.000 10.100
3945.000 8.965
3950.000 8.559
3955.000 8.031
3960.000 7.821
3965.000 7.445
3970.000 8.077
3975.000 7.778
3980.000 7.271
3985.000 7.073
3990.000 6.637
3995.000 6.397
4000.000 6.295
4005.000 6.033
4010.000 5.948
4015.000 9.418
4020.000 8.350
4025.000 8.315
4030.000 8.157
4035.000 7.833
4040.000 6.935
4045.000 6.302
4050.000 6.045
4055.000 5.664
4060.000 5.510
4065.000 5.366
4070.000 5.383
4075.000 5.401
4080.000 5.436
4085.000 5.456
4090.000 5.525
4095.000 5.637
4100.000 5.650
4105.000 5.791
4110.000 5.833
4115.000 5.996
4120.000 6.070
4125.000 6.251
4130.000 6.433
4135.000 6.591
4140.000 6.841
4145.000 7.020
4150.000 7.361
4155.000 7.755
4160.000 8.019
4165.000 8.677
4170.000 9.063
4175.000 9.977
4180.000 11.280
4185.000 12.143
4190.000 14.324
4195.000 15.643
4200.000 19.250
4205.000 22.838
4210.000 23.272
4215.000 22.645
4220.000 21.032
4225.000 16.197
4230.000 12.143
4235.000 10.582
4240.000 8.163
4245.000 7.248
4250.000 5.898
4255.000 4.902
4260.000 4.542
4265.000 3.902
4270.000 3.631
4275.000 3.131
4280.000 2.648
4285.000 2.441
4290.000 2.074
4295.000 1.922
4300.000 1.639
4305.000 1.410
4310.000 1.301
4315.000 1.124
4320.000 1.051
4325.000 0.904
4330.000 0.760
4335.000 0.741
4340.000 0.637
4345.000 0.603
4350.000 0.555
4355.000 0.503
4360.000 0.491
4365.000 0.447
4370.000 0.436
4375.000 0.421
4380.000 0.412
4385.000 0.398
4390.000 0.409
4395.000 0.400
4400.000 0.399
4405.000 0.404
4410.000 0.397
4415.000 0.415
4420.000 0.427
4425.000 0.445
4430.000 0.490
4435.000 0.504
4440.000 0.540
4445.000 0.556
4450.000 0.611
4455.000 0.676
4460.000 0.718
4465.000 0.814
4470.000 0.884
4475.000 1.019
4480.000 1.222
4485.000 1.315
4490.000 1.620
4495.000 1.843
4500.000 2.488
4505.000 3.684
4510.000 4.553
4515.000 7.205
4520.000 8.892
4525.000 12.450
4530.000 15.576
4535.000 16.548
4540.000 16.516
4545.000 15.605
4550.000 12.825
4555.000 10.172
4560.000 9.036
4565.000 7.211
4570.000 6.450
4575.000 5.334
4580.000 4.504
4585.000 4.180
4590.000 3.674
4595.000 3.481
4600.000 3.188
4605.000 3.026
4610.000 2.915
4615.000 2.875
4620.000 2.932
4625.000 2.772
4630.000 2.684
4635.000 2.648
4640.000 2.591
4645.000 2.544
4650.000 2.486
4655.000 2.427
4660.000 2.406
4665.000 2.356
4670.000 2.332
4675.000 2.340
4680.000 2.317
4685.000 2.298
4690.000 2.305
4695.000 2.279
4700.000 2.302
4705.000 2.263
4710.000 2.193
4715.000 2.234
4720.000 2.243
4725.000 2.233
4730.000 2.254
4735.000 2.253
4740.000 2.244
4745.000 2.265
4750.000 2.278
4755.000 2.291
4760.000 2.301
4765.000 2.283
4770.000 2.319
4775.000 2.296
4780.000 2.325
4785.000 2.320
4790.000 2.346
4795.000 2.364
4800.000 2.367
4805.000 2.344
4810.000 2.374
4815.000 2.407
4820.000 2.449
4825.000 2.461
4830.000 2.484
4835.000 2.542
4840.000 2.596
4845.000 2.656
4850.000 2.782
4855.000 2.831
4860.000 3.058
4865.000 3.275
4870.000 3.343
4875.000 3.411
4880.000 3.372
4885.000 3.094
4890.000 2.589
4895.000 2.409
4900.000 1.996
4905.000 1.869
4910.000 1.696
4915.000 1.613
4920.000 1.557
4925.000 1.510
4930.000 1.515
4935.000 1.489
4940.000 1.455
4945.000 1.470
4950.000 1.448
4955.000 1.443
4960.000 1.419
4965.000 1.419
4970.000 1.411
4975.000 1.414
4980.000 1.412
4985.000 1.418
4990.000 1.425
4995.000 1.414
5000.000 1.415
5005.000 1.385
5010.000 1.369
5015.000 1.392
5020.000 1.410
5025.000 1.409
5030.000 1.411
5035.000 1.369
5040.000 1.406
5045.000 1.404
5050.000 1.388
5055.000 1.382
5060.000 1.371
5065.000 1.378
5070.000 1.353
5075.000 1.370
5080.000 1.356
5085.000 1.344
5090.000 1.356
5095.000 1.360
5100.000 1.336
5105.000 1.344
5110.000 1.378
5115.000 1.343
5120.000 1.343
5125.000 1.338
5130.000 1.337
5135.000 1.344
5140.000 1.352
5145.000 1.341
5150.000 1.348
5155.000 1.331
5160.000 1.339
5165.000 1.348
5170.000 1.340
5175.000 1.376
5180.000 1.375
5185.000 1.362
5190.000 1.353
5195.000 1.363
5200.000 1.346
5205.000 1.399
5210.000 1.380
5215.000 1.381
5220.000 1.395
5225.000 1.426
5230.000 1.421
5235.000 1.402
5240.000 1.395
5245.000 1.421
5250.000 1.417
5255.000 1.447
5260.000 1.460
5265.000 1.451
5270.000 1.455
5275.000 1.443
5280.000 1.469
5285.000 1.437
5290.000 1.447
5295.000 1.456
5300.000 1.453
5305.000 1.479
5310.000 1.454
5315.000 1.485
5320.000 1.471
5325.000 1.470
5330.000 1.464
5335.000 1.482
5340.000 1.458
5345.000 1.492
5350.000 1.464
5355.000 1.481
5360.000 1.487
5365.000 1.497
5370.000 1.511
5375.000 1.499
5380.000 1.499
5385.000 1.494
5390.000 1.491
5395.000 1.519
5400.000 1.512
5405.000 1.539
5410.000 1.526
5415.000 1.534
5420.000 1.512
5425.000 1.524
5430.000 1.512
5435.000 1.531
5440.000 1.539
5445.000 1.531
5450.000 1.528
5455.000 1.537
5460.000 1.547
5465.000 1.560
5470.000 1.545
5475.000 1.545
5480.000 1.579
5485.000 1.554
5490.000 1.561
5495.000 1.571
5500.000 1.558
5505.000 1.567
5510.000 1.543
5515.000 1.554
5520.000 1.537
5525.000 1.992
5530.000 2.085
5535.000 2.205
5540.000 2.268
5545.000 2.013
5550.000 1.834
5555.000 1.785
5560.000 1.654
5565.000 1.638
5570.000 1.594
5575.000 1.543
5580.000 1.525
5585.000 1.563
5590.000 1.562
5595.000 1.551
5600.000 1.545
5605.000 1.541
5610.000 1.540
5615.000 1.555
5620.000 1.557
5625.000 1.571
5630.000 1.583
5635.000 1.577
5640.000 1.583
5645.000 1.589
5650.000 1.555
5655.000 1.676
5660.000 1.633
5665.000 1.600
5670.000 1.587
5675.000 1.592
5680.000 1.576
5685.000 1.588
5690.000 1.600
5695.000 1.575
5700.000 1.583
5705.000 1.585
5710.000 1.594
5715.000 1.592
5720.000 1.574
5725.000 1.593
5730.000 1.596
5735.000 1.606
5740.000 1.606
5745.000 1.601
5750.000 1.591
5755.000 1.586
5760.000 1.621
5765.000 1.632
5770.000 1.622
5775.000 1.616
5780.000 1.620
5785.000 1.633
5790.000 1.618
5795.000 1.626
5800.000 1.608
5805.000 1.612
5810.000 1.634
5815.000 1.640
5820.000 1.593
5825.000 1.618
5830.000 1.605
5835.000 1.611
5840.000 1.604
5845.000 1.605
5850.000 1.614
5855.000 1.630
5860.000 1.627
5865.000 1.620
5870.000 1.622
5875.000 1.627
5880.000 1.619
5885.000 1.632
5890.000 1.629
5895.000 1.625
5900.000 1.636
5905.000 1.620
5910.000 1.646
5915.000 1.629
5920.000 1.640
5925.000 1.643
5930.000 1.618
5935.000 1.651
5940.000 1.642
5945.000 1.626
5950.000 1.599
5955.000 1.671
5960.000 1.910
5965.000 2.345
5970.000 2.408
5975.000 2.379
5980.000 2.110
5985.000 1.896
5990.000 1.859
5995.000 1.706
6000.000 1.688
6005.000 1.639
6010.000 1.568
6015.000 1.621
6020.000 1.557
6025.000 1.536
6030.000 1.553
6035.000 1.631
6040.000 1.570
6045.000 1.575
6050.000 1.713
6055.000 1.728
6060.000 1.701
6065.000 1.692
6070.000 1.637
6075.000 1.656
6080.000 1.625
6085.000 1.601
6090.000 1.623
6095.000 1.614
6100.000 1.618
6105.000 1.603
6110.000 1.615
6115.000 1.623
6120.000 1.613
6125.000 1.608
6130.000 1.614
6135.000 1.628
6140.000 1.593
6145.000 1.600
6150.000 1.612
6155.000 1.618
6160.000 1.610
6165.000 1.620
6170.000 1.594
6175.000 1.588
6180.000 1.599
6185.000 1.601
6190.000 1.620
6195.000 1.612
6200.000 1.611
6205.000 1.592
6210.000 1.602
6215.000 1.617
6220.000 1.590
6225.000 1.613
6230.000 1.592
6235.000 1.605
6240.000 1.603
6245.000 1.585
6250.000 1.587
6255.000 1.583
6260.000 1.599
6265.000 1.603
6270.000 1.592
6275.000 1.607
6280.000 1.597
6285.000 1.596
6290.000 1.608
6295.000 1.584
6300.000 1.585
6305.000 1.548
6310.000 1.540
6315.000 1.533
6320.000 1.543
6325.000 1.447
6330.000 1.475
6335.000 1.454
6340.000 1.465
6345.000 1.482
6350.000 1.509
6355.000 1.515
6360.000 1.513
6365.000 1.498
6370.000 1.523
6375.000 1.535
6380.000 1.538
6385.000 1.537
6390.000 1.543
6395.000 1.534
6400.000 1.535
6405.000 1.536
6410.000 1.553
6415.000 1.558
6420.000 1.538
6425.000 1.567
6430.000 1.555
6435.000 1.554
6440.000 1.511
6445.000 1.522
6450.000 1.540
6455.000 1.522
6460.000 1.512
6465.000 1.511
6470.000 1.484
6475.000 1.512
6480.000 1.478
6485.000 1.501
6490.000 1.481
6495.000 1.477
6500.000 1.498
6505.000 1.487
6510.000 1.487
6515.000 1.462
6520.000 1.442
6525.000 1.454
6530.000 1.444
6535.000 1.447
6540.000 1.432
6545.000 1.410
6550.000 1.413
6555.000 1.381
6560.000 1.445
6565.000 1.441
6570.000 1.419
6575.000 1.464
6580.000 1.512
6585.000 1.549
6590.000 1.628
6595.000 1.726
6600.000 1.737
6605.000 1.853
6610.000 1.979
6615.000 2.237
6620.000 2.589
6625.000 2.832
6630.000 3.444
6635.000 3.856
6640.000 4.965
6645.000 6.713
6650.000 7.808
6655.000 10.554
6660.000 12.225
6665.000 16.131
6670.000 20.566
6675.000 23.001
6680.000 28.404
6685.000 31.300
6690.000 36.794
6695.000 39.958
6700.000 40.094
6705.000 37.951
6710.000 35.736
6715.000 31.628
6720.000 28.668
6725.000 27.444
6730.000 25.621
6735.000 24.843
6740.000 23.656
6745.000 22.771
6750.000 22.404
6755.000 22.036
6760.000 22.019
6765.000 22.377
6770.000 23.130
6775.000 23.861
6780.000 25.970
6785.000 27.141
6790.000 30.014
6795.000 31.770
6800.000 35.638
6805.000 39.621
6810.000 41.585
6815.000 45.188
6820.000 46.396
6825.000 47.393
6830.000 44.483
6835.000 40.935
6840.000 33.146
6845.000 29.439
6850.000 23.209
6855.000 18.708
6860.000 17.030
6865.000 14.527
6870.000 13.583
6875.000 12.080
6880.000 11.105
6885.000 10.766
6890.000 10.261
6895.000 10.052
6900.000 9.673
6905.000 9.418
6910.000 9.320
6915.000 9.126
6920.000 9.037
6925.000 8.917
6930.000 8.886
6935.000 8.859
6940.000 8.828
6945.000 8.886
6950.000 8.906
6955.000 9.059
6960.000 9.123
6965.000 9.315
6970.000 9.456
6975.000 9.676
6980.000 10.053
6985.000 10.258
6990.000 10.624
6995.000 10.874
7000.000 11.450
7005.000 12.157
7010.000 12.568
7015.000 13.559
7020.000 14.155
7025.000 15.705
7030.000 17.851
7035.000 19.231
7040.000 22.963
7045.000 25.250
7050.000 30.255
7055.000 35.375
7060.000 37.966
7065.000 42.526
7070.000 44.323
7075.000 45.826
7080.000 43.260
7085.000 40.115
7090.000 32.980
7095.000 29.803
7100.000 24.533
7105.000 20.655
7110.000 19.075
7115.000 16.588
7120.000 15.620
7125.000 14.250
7130.000 13.430
7135.000 13.144
7140.000 12.639
7145.000 12.385
7150.000 11.940
7155.000 11.589
7160.000 11.428
7165.000 11.199
7170.000 11.086
7175.000 10.863
7180.000 10.722
7185.000 10.659
7190.000 10.515
7195.000 10.502
7200.000 10.507
7205.000 10.496
7210.000 10.545
7215.000 10.603
7220.000 10.677
7225.000 10.904
7230.000 11.078
7235.000 11.196
7240.000 11.499
7245.000 11.681
7250.000 12.159
7255.000 12.642
7260.000 12.987
7265.000 13.696
7270.000 14.142
7275.000 15.242
7280.000 16.790
7285.000 17.772
7290.000 20.468
7295.000 22.088
7300.000 25.705
7305.000 28.960
7310.000 30.116
7315.000 30.868
7320.000 30.220
7325.000 26.531
7330.000 21.903
7335.000 19.665
7340.000 16.004
7345.000 14.596
7350.000 12.618
7355.000 11.274
7360.000 10.883
7365.000 9.726
7370.000 9.485
7375.000 8.556
7380.000 8.170
7385.000 7.601
7390.000 7.106
7395.000 6.922
7400.000 6.545
7405.000 6.392
7410.000 6.114
7415.000 5.856
7420.000 5.763
7425.000 5.588
7430.000 5.522
7435.000 5.446
7440.000 5.354
7445.000 5.319
7450.000 5.211
7455.000 5.254
7460.000 5.228
7465.000 5.293
7470.000 5.304
7475.000 5.392
7480.000 5.477
7485.000 5.603
7490.000 5.804
7495.000 5.923
7500.000 6.187
7505.000 6.363
7510.000 6.723
7515.000 7.182
7520.000 7.422
7525.000 8.192
7530.000 8.667
7535.000 9.810
7540.000 11.361
7545.000 12.280
7550.000 14.463
7555.000 15.649
7560.000 17.569
7565.000 18.101
7570.000 17.541
7575.000 15.042
7580.000 13.626
7585.000 11.072
7590.000 9.009
7595.000 8.215
7600.000 6.979
7605.000 6.515
7615.000 7.777
7620.000 6.324
7625.000 5.755
7630.000 4.896
7635.000 4.615
7640.000 3.997
7645.000 3.747
7650.000 3.356
7655.000 3.048
7660.000 2.907
7665.000 2.687
7670.000 2.604
7675.000 2.417
7680.000 2.285
7685.000 2.216
7690.000 2.114
7695.000 2.075
7700.000 2.005
7705.000 1.944
7710.000 1.926
7715.000 1.883
7720.000 1.866
7725.000 1.868
7730.000 1.802
7735.000 1.790
7740.000 1.768
7745.000 1.716
7750.000 1.692
7755.000 1.645
7760.000 1.656
7765.000 1.625
7770.000 1.644
7775.000 1.634
7780.000 1.626
7785.000 1.635
7790.000 1.621
7795.000 1.615
7800.000 1.623
7805.000 1.614
7810.000 1.629
7815.000 1.614
7820.000 1.621
7825.000 1.609
7830.000 1.594
7835.000 1.586
7840.000 1.558
7845.000 1.527
7850.000 1.431
7855.000 1.359
7860.000 1.161
7865.000 0.832
7870.000 0.645
7875.000 0.270
7880.000 0.143
7885.000 0.289
7890.000 0.499
7895.000 0.584
7900.000 0.708
7905.000 0.793
7910.000 0.829
7915.000 0.888
7920.000 0.914
7925.000 0.947
7930.000 0.973
7935.000 1.012
7940.000 1.038
7945.000 1.059
7950.000 1.055
7955.000 1.088
7960.000 1.084
7965.000 1.111
7970.000 1.111
7975.000 1.117
7980.000 1.151
7985.000 1.117
7990.000 1.148
7995.000 1.151
8000.000 1.159
8005.000 1.157
8010.000 1.082
8015.000 1.045
8020.000 1.258
8025.000 1.312
8030.000 1.283
8035.000 1.262
8040.000 1.257
8045.000 1.219
8050.000 1.214
8055.000 1.204
8060.000 1.217
8065.000 1.190
8070.000 1.201
8075.000 1.198
8080.000 1.188
8085.000 1.211
8090.000 1.223
8095.000 1.213
8100.000 1.224
8105.000 1.219
8110.000 1.232
8115.000 1.243
8120.000 1.255
8125.000 1.254
8130.000 1.267
8135.000 1.271
8140.000 1.274
8145.000 1.279
8150.000 1.290
8155.000 1.280
8160.000 1.289
8165.000 1.300
8170.000 1.293
8175.000 1.298
8180.000 1.327
8185.000 1.322
8190.000 1.319
8195.000 1.316
8200.000 1.325
8205.000 1.327
8210.000 1.336
8215.000 1.345
8220.000 1.346
8225.000 1.358
8230.000 1.356
8235.000 1.357
8240.000 1.376
8245.000 1.368
8250.000 1.371
8255.000 1.381
8260.000 1.385
8265.000 1.384
8270.000 1.392
8275.000 1.405
8280.000 1.393
8285.000 1.412
8290.000 1.413
8295.000 1.423
8300.000 1.439
8305.000 1.437
8310.000 1.437
8315.000 1.452
8320.000 1.440
8325.000 1.416
8330.000 1.452
8335.000 1.455
8340.000 1.445
8345.000 1.454
8350.000 1.451
8355.000 1.429
8360.000 1.456
8365.000 1.462
8370.000 1.466
8375.000 1.454
8380.000 1.454
8385.000 1.464
8390.000 1.470
8395.000 1.465
8400.000 1.474
8405.000 1.382
8410.000 1.372
8415.000 1.432
8420.000 1.428
8425.000 1.431
8430.000 1.423
8435.000 1.426
8440.000 1.432
8445.000 1.426
8450.000 1.436
8455.000 1.455
8460.000 1.438
8465.000 1.449
8470.000 1.451
8475.000 1.462
8480.000 1.477
8485.000 1.487
8490.000 1.495
8495.000 1.502
8500.000 1.492
8505.000 1.500
8510.000 1.502
8515.000 1.490
8520.000 1.524
8525.000 1.527
8530.000 1.531
8535.000 1.532
8540.000 1.526
8545.000 1.540
8550.000 1.540
8555.000 1.548
8560.000 1.548
8565.000 1.546
8570.000 1.538
8575.000 1.544
8580.000 1.529
8585.000 1.553
8590.000 1.546
8595.000 1.542
8600.000 1.542
8605.000 1.543
8610.000 1.568
8615.000 1.556
8620.000 1.560
8625.000 1.561
8630.000 1.562
8635.000 1.576
8640.000 1.574
8645.000 1.584
8650.000 1.581
8655.000 1.592
8660.000 1.592
8665.000 1.592
8670.000 1.590
8675.000 1.617
8680.000 1.625
8685.000 1.621
8690.000 1.625
8695.000 1.618
8700.000 1.620
8705.000 1.611
8710.000 1.541
8715.000 1.576
8720.000 1.582
8725.000 1.597
8730.000 1.584
8735.000 1.597
8740.000 1.607
8745.000 1.614
8750.000 1.623
8755.000 1.647
8760.000 1.628
8765.000 1.620
8770.000 1.631
8775.000 1.634
8780.000 1.607
8785.000 1.650
8790.000 1.643
8795.000 1.618
8800.000 1.625
8805.000 1.604
8810.000 1.617
8815.000 1.627
8820.000 1.611
8825.000 1.613
8830.000 1.638
8835.000 1.650
8840.000 1.659
8845.000 1.669
8850.000 1.649
8855.000 1.656
8860.000 1.677
8865.000 1.628
8870.000 1.671
8875.000 1.639
8880.000 1.626
8885.000 1.641
8890.000 1.637
8895.000 1.639
8900.000 1.618
8905.000 1.620
8910.000 1.622
8915.000 1.603
8920.000 1.589
8925.000 1.609
8930.000 1.657
8935.000 1.623
8940.000 1.633
8945.000 1.618
8950.000 1.645
8955.000 1.635
8960.000 1.641
8965.000 1.670
8970.000 1.649
8975.000 1.658
8980.000 1.664
8985.000 1.642
8990.000 1.644
8995.000 1.637
9000.000 1.651
9005.000 1.639
9010.000 1.622
9015.000 1.640
9020.000 1.656
9025.000 1.643
9030.000 1.650
9035.000 1.640
9040.000 1.648
9045.000 1.632
9050.000 1.654
9055.000 1.646
9060.000 1.645
9065.000 1.656
9070.000 1.657
9075.000 1.635
9080.000 1.622
9085.000 1.628
9090.000 1.638
9095.000 1.643
9100.000 1.629
9105.000 1.670
9110.000 1.661
9115.000 1.661
9120.000 1.637
9125.000 1.648
9130.000 1.657
9135.000 1.668
9140.000 1.647
9145.000 1.609
9150.000 1.562
9155.000 1.921
9160.000 1.989
9165.000 1.929
9170.000 1.857
9175.000 1.742
9180.000 1.680
9185.000 1.601
9190.000 1.546
9195.000 1.530
9200.000 1.511
9205.000 1.531
9210.000 1.549
9215.000 1.566
9220.000 1.587
9225.000 1.572
9230.000 1.583
9235.000 1.593
9240.000 1.602
9245.000 1.606
9250.000 1.635
9255.000 1.636
9260.000 1.627
9265.000 1.646
9270.000 1.642
9275.000 1.645
9280.000 1.648
9285.000 1.649
9290.000 1.640
9295.000 1.645
9300.000 1.623
9305.000 1.633
9310.000 1.643
9315.000 1.661
9320.000 1.655
9325.000 1.648
9330.000 1.643
9335.000 1.644
9340.000 1.640
9345.000 1.649
9350.000 1.641
9355.000 1.641
9360.000 1.636
9365.000 1.630
9370.000 1.636
9375.000 1.632
9380.000 1.632
9385.000 1.644
9390.000 1.637
9395.000 1.636
9400.000 1.647
9405.000 1.647
9410.000 1.625
9415.000 1.594
9420.000 1.573
9425.000 1.544
9430.000 1.552
9435.000 1.571
9440.000 1.575
9445.000 1.590
9450.000 1.599
9455.000 1.604
9460.000 1.608
9465.000 1.621
9470.000 1.611
9475.000 1.602
9480.000 1.620
9485.000 1.628
9490.000 1.631
9495.000 1.612
9500.000 1.635
9505.000 1.658
9510.000 1.599
9515.000 1.540
9520.000 1.525
9525.000 1.564
9530.000 1.591
9535.000 1.569
9540.000 1.574
9545.000 1.581
9550.000 1.591
9555.000 1.591
9560.000 1.608
9565.000 1.569
9570.000 1.587
9575.000 1.587
9580.000 1.613
9585.000 1.611
9590.000 1.634
9595.000 1.623
9600.000 1.618
9605.000 1.632
9610.000 1.641
9615.000 1.588
9620.000 1.613
9625.000 1.617
9630.000 1.608
9635.000 1.623
9640.000 1.630
9645.000 1.641
9650.000 1.658
9655.000 1.647
9660.000 1.644
9665.000 1.641
9670.000 1.657
9675.000 1.668
9680.000 1.677
9685.000 1.652
9690.000 1.679
9695.000 1.662
9700.000 1.679
9705.000 1.684
9710.000 1.680
9715.000 1.683
9720.000 1.677
9725.000 1.664
9730.000 1.653
9735.000 1.689
9740.000 1.682
9745.000 1.699
9750.000 1.711
9755.000 1.724
9760.000 1.720
9765.000 1.722
9770.000 1.667
9775.000 1.665
9780.000 1.651
9785.000 1.682
9790.000 1.684
9795.000 1.696
9800.000 1.730
9805.000 1.726
9810.000 1.761
9815.000 1.790
9820.000 1.806
9825.000 1.806
9830.000 1.808
9835.000 1.855
9840.000 1.878
9845.000 1.912
9850.000 1.952
9855.000 1.968
9860.000 2.015
9865.000 2.013
9870.000 2.071
9875.000 2.113
9880.000 2.203
9885.000 2.247
9890.000 2.318
9895.000 2.417
9900.000 2.539
9905.000 2.625
9910.000 2.823
9915.000 2.948
9920.000 3.258
9925.000 3.645
9930.000 3.916
9935.000 4.590
9940.000 5.091
9945.000 6.271
9950.000 7.905
9955.000 8.786
9960.000 10.436
9965.000 10.936
9970.000 10.875
9975.000 9.362
9980.000 8.485
9985.000 6.909
9990.000 6.257
9995.000 5.292
10000.000 4.626
10005.000 4.378
10010.000 4.028
10015.000 3.931
10020.000 3.784
10025.000 3.777
10030.000 3.773
10035.000 3.813
10040.000 3.850
10045.000 4.022
10050.000 4.114
10055.000 4.358
10060.000 4.737
10065.000 4.909
10070.000 5.515
10075.000 5.894
10080.000 6.905
10085.000 8.307
10090.000 9.186
10095.000 11.565
10100.000 12.965
10105.000 16.246
10110.000 19.626
10115.000 21.100
10120.000 23.049
10125.000 23.292
10130.000 21.982
10135.000 18.860
10140.000 17.278
10145.000 14.455
10150.000 13.270
10155.000 11.352
10160.000 9.970
10165.000 9.422
10170.000 8.583
10175.000 8.273
10180.000 7.805
10185.000 7.684
10190.000 7.510
10195.000 7.428
10200.000 7.406
10205.000 7.349
10210.000 7.337
10215.000 7.350
10220.000 7.377
10225.000 7.399
10230.000 7.546
10235.000 7.708
10240.000 7.804
10245.000 8.027
10250.000 8.151
10255.000 8.457
10260.000 8.589
10265.000 9.019
10270.000 9.510
10275.000 9.770
10280.000 10.420
10285.000 11.244
10290.000 11.731
10295.000 12.901
10300.000 13.593
10305.000 15.222
10310.000 16.598
10315.000 17.686
10320.000 19.445
10325.000 20.343
10330.000 21.607
10335.000 20.369
10340.000 19.208
10345.000 17.924
10350.000 15.436
10355.000 13.480
10360.000 12.712
10365.000 11.462
10370.000 10.484
10375.000 10.073
10380.000 9.352
10385.000 9.018
10390.000 8.484
10395.000 8.035
10400.000 7.822
10405.000 7.511
10410.000 7.278
10415.000 7.156
10420.000 6.973
10425.000 6.907
10430.000 6.814
10435.000 6.772
10440.000 6.786
10445.000 6.770
10450.000 6.848
10455.000 6.975
10460.000 7.191
10465.000 7.303
10470.000 7.611
10475.000 7.808
10480.000 8.260
10485.000 8.830
10490.000 9.168
10495.000 9.964
10500.000 10.449
10505.000 11.601
10510.000 12.980
10515.000 13.751
10520.000 15.190
10525.000 15.771
10530.000 16.294
10535.000 15.620
10540.000 14.932
10545.000 13.345
10550.000 12.515
10555.000 11.182
10560.000 10.063
10565.000 9.557
10570.000 8.740
10575.000 8.406
10580.000 7.789
10585.000 7.323
10590.000 7.080
10595.000 6.705
10600.000 6.559
10605.000 6.193
10610.000 5.928
10615.000 5.800
10620.000 5.610
10625.000 5.530
10630.000 5.432
10635.000 5.372
10640.000 5.292
10645.000 5.212
10650.000 5.194
10655.000 5.174
10660.000 5.169
10665.000 5.187
10670.000 5.211
10675.000 5.229
10680.000 5.309
10685.000 5.378
10690.000 5.439
10695.000 5.556
10700.000 5.637
10705.000 5.763
10710.000 5.863
10715.000 6.084
10720.000 6.352
10725.000 6.526
10730.000 6.852
10735.000 7.056
10740.000 7.433
10745.000 7.656
10750.000 8.075
10755.000 8.303
10760.000 8.317
10765.000 8.077
10770.000 7.442
10775.000 7.037
10780.000 6.152
10785.000 5.713
10790.000 4.851
10795.000 4.166
10800.000 3.857
10805.000 3.326
10810.000 3.105
10815.000 2.637
10820.000 2.327
10825.000 2.200
10830.000 1.959
10835.000 1.851
10840.000 1.681
10845.000 1.524
10850.000 1.474
10855.000 1.367
10860.000 1.315
10865.000 1.232
10870.000 1.180
10875.000 1.144
10880.000 1.093
10885.000 1.079
10890.000 1.031
10895.000 0.989
10900.000 0.974
10905.000 0.944
10910.000 0.923
10915.000 0.889
10920.000 0.874
10925.000 0.850
10930.000 0.824
10935.000 0.799
10940.000 0.766
10945.000 0.737
10950.000 0.694
10955.000 0.615
10960.000 0.579
10965.000 0.490
10970.000 0.371
10975.000 0.294
10980.000 0.208
10985.000 0.040
10990.000 0.254
10995.000 0.544
11000.000 0.709
11005.000 0.859
11010.000 1.166
11015.000 1.385
11020.000 1.549
11025.000 1.580
11030.000 1.638
11035.000 1.656
11040.000 1.644
11045.000 1.626
11050.000 1.644
11055.000 1.642
11060.000 1.622
11065.000 1.615
11070.000 1.596
11075.000 1.591
11080.000 1.581
11085.000 1.584
11090.000 1.565
11095.000 1.574
11100.000 1.552
11105.000 1.554
11110.000 1.576
11115.000 1.558
11120.000 1.571
11125.000 1.571
11130.000 1.550
11135.000 1.549
11140.000 1.545
11145.000 1.536
11150.000 1.535
11155.000 1.533
11160.000 1.537
11165.000 1.557
11170.000 1.558
11175.000 1.564
11180.000 1.548
11185.000 1.558
11195.000 1.566
11200.000 1.557
11205.000 1.560
11210.000 1.557
11215.000 1.579
11220.000 1.573
11225.000 1.542
11230.000 1.536
11235.000 1.541
11240.000 1.539
11245.000 1.542
11250.000 1.551
11255.000 1.537
11260.000 1.528
11265.000 1.536
11270.000 1.513
11275.000 1.523
11280.000 1.518
11285.000 1.509
11290.000 1.509
11295.000 1.517
11300.000 1.529
11305.000 1.522
11310.000 1.523
11315.000 1.533
11320.000 1.516
11325.000 1.540
11330.000 1.522
11335.000 1.523
11340.000 1.537
11345.000 1.525
11350.000 1.510
11355.000 1.511
11360.000 1.515
11365.000 1.521
11370.000 1.512
11375.000 1.511
11380.000 1.524
11385.000 1.512
11390.000 1.493
11395.000 1.506
11400.000 1.506
11405.000 1.496
11410.000 1.516
11415.000 1.511
11420.000 1.489
11425.000 1.507
11430.000 1.487
11435.000 1.481
11440.000 1.487
11445.000 1.482
11450.000 1.462
11455.000 1.477
11460.000 1.491
11465.000 1.493
11470.000 1.479
11475.000 1.470
11480.000 1.487
11485.000 1.482
11490.000 1.480
11495.000 1.493
11500.000 1.480
11505.000 1.474
11510.000 1.492
11515.000 1.482
11520.000 1.463
11525.000 1.469
11530.000 1.444
11535.000 1.429
11540.000 1.457
11545.000 1.447
11550.000 1.450
11555.000 1.444
11560.000 1.451
11565.000 1.455
11570.000 1.465
11575.000 1.469
11580.000 1.463
11585.000 1.468
11590.000 1.467
11595.000 1.469
11600.000 1.459
11605.000 1.463
11610.000 1.446
11615.000 1.428
11620.000 1.350
11625.000 1.376
11630.000 1.372
11635.000 1.376
11640.000 1.391
11645.000 1.416
11650.000 1.404
11655.000 1.427
11660.000 1.429
11665.000 1.434
11670.000 1.453
11675.000 1.437
11680.000 1.431
11685.000 1.435
11690.000 1.427
11695.000 1.427
11700.000 1.444
11705.000 1.435
11710.000 1.416
11715.000 1.432
11720.000 1.433
11725.000 1.440
11730.000 1.432
11735.000 1.442
11740.000 1.435
11745.000 1.446
11750.000 1.430
11755.000 1.425
11760.000 1.440
11765.000 1.445
11770.000 1.449
11775.000 1.448
11780.000 1.443
11785.000 1.445
11790.000 1.452
11795.000 1.457
11800.000 1.441
11805.000 1.450
11810.000 1.462
11815.000 1.450
11820.000 1.457
11825.000 1.455
11830.000 1.437
11835.000 1.454
11840.000 1.430
11845.000 1.452
11850.000 1.446
11855.000 1.445
11860.000 1.423
11865.000 1.420
11870.000 1.425
11875.000 1.425
11880.000 1.436
11885.000 1.425
11890.000 1.426
11895.000 1.425
11900.000 1.434
11905.000 1.426
11910.000 1.422
11915.000 1.393
11920.000 1.397
11925.000 1.352
11930.000 1.365
11935.000 1.360
11940.000 1.374
11945.000 1.393
11950.000 1.383
11955.000 1.402
11960.000 1.365
11965.000 1.366
11970.000 1.348
11975.000 1.371
11980.000 1.374
11985.000 1.392
11990.000 1.393
11995.000 1.381
12000.000 1.405
