105.000 0.320
110.000 0.363
115.000 0.609
120.000 0.758
125.000 0.848
130.000 0.853
135.000 0.860
140.000 0.851
145.000 0.851
150.000 0.920
155.000 0.845
160.000 0.849
165.000 0.808
170.000 0.830
175.000 0.817
180.000 0.902
185.000 0.850
190.000 0.881
195.000 0.924
200.000 0.987
205.000 1.020
210.000 1.113
215.000 1.157
220.000 1.425
225.000 1.412
230.000 1.478
235.000 1.592
240.000 1.626
245.000 1.810
250.000 2.000
255.000 2.120
260.000 2.535
265.000 2.748
270.000 2.775
275.000 3.408
280.000 3.780
285.000 4.114
290.000 4.586
295.000 5.459
300.000 6.883
305.000 7.122
310.000 8.763
315.000 9.230
320.000 11.279
325.000 12.874
330.000 13.725
335.000 15.659
340.000 16.425
345.000 18.383
350.000 20.142
355.000 22.505
360.000 25.440
365.000 27.395
370.000 31.668
375.000 34.009
380.000 39.134
385.000 43.827
390.000 45.844
395.000 49.134
400.000 49.997
405.000 53.119
410.000 55.179
415.000 55.450
420.000 57.072
425.000 57.188
430.000 57.416
435.000 56.948
440.000 56.490
445.000 54.903
450.000 53.535
455.000 50.705
460.000 47.364
465.000 46.462
470.000 42.868
475.000 41.624
480.000 37.326
485.000 33.544
490.000 31.147
495.000 27.477
500.000 25.741
505.000 22.687
510.000 19.986
515.000 18.787
520.000 16.314
525.000 15.298
530.000 13.354
535.000 11.631
540.000 11.012
545.000 9.708
550.000 9.082
555.000 7.954
560.000 7.288
565.000 6.774
570.000 6.218
575.000 5.697
580.000 5.496
585.000 5.290
590.000 5.052
595.000 4.764
600.000 4.449
605.000 4.390
610.000 4.143
615.000 4.087
620.000 3.848
625.000 3.588
630.000 3.480
635.000 3.252
640.000 3.129
645.000 3.006
650.000 3.023
655.000 2.867
660.000 2.732
665.000 2.729
670.000 2.681
675.000 2.687
680.000 2.644
685.000 2.688
690.000 2.630
695.000 2.623
700.000 2.706
705.000 2.739
710.000 2.758
715.000 2.837
720.000 3.065
725.000 3.068
730.000 3.317
735.000 3.567
740.000 3.675
745.000 3.929
750.000 4.060
755.000 4.279
760.000 4.708
765.000 4.944
770.000 5.528
775.000 5.892
780.000 6.561
785.000 7.326
790.000 7.648
795.000 8.292
800.000 8.616
805.000 8.622
810.000 8.272
815.000 7.985
825.000 8.319
830.000 7.189
835.000 6.682
840.000 5.755
845.000 5.344
850.000 4.916
855.000 4.466
860.000 4.265
865.000 3.903
870.000 3.699
875.000 3.595
880.000 3.403
885.000 3.329
890.000 3.134
895.000 3.083
900.000 3.321
905.000 3.050
910.000 2.956
915.000 2.707
920.000 2.488
925.000 2.522
930.000 2.294
935.000 2.289
940.000 2.371
945.000 2.581
950.000 3.160
955.000 2.681
960.000 2.652
965.000 2.353
970.000 2.247
975.000 2.075
980.000 2.908
985.000 2.657
990.000 2.367
995.000 2.238
1000.000 2.194
1005.000 2.005
1010.000 1.972
1015.000 1.846
1020.000 1.663
1025.000 1.658
1030.000 1.660
1035.000 1.717
1040.000 1.817
1045.000 1.750
1050.000 1.806
1055.000 1.735
1060.000 1.780
1065.000 1.688
1070.000 1.630
1075.000 1.721
1080.000 1.737
1085.000 1.741
1090.000 1.760
1095.000 1.922
1100.000 1.973
1105.000 2.192
1110.000 2.356
1115.000 2.484
1120.000 2.640
1125.000 2.871
1130.000 3.059
1135.000 3.774
1140.000 4.424
1145.000 5.243
1150.000 5.802
1155.000 7.377
1160.000 8.369
1165.000 10.408
1170.000 11.313
1175.000 12.401
1180.000 11.882
1185.000 11.236
1190.000 9.613
1195.000 8.008
1200.000 7.329
1205.000 6.967
1210.000 5.971
1215.000 5.211
1220.000 5.350
1225.000 4.907
1230.000 4.655
1235.000 4.884
1240.000 4.432
1245.000 4.220
1250.000 4.061
1255.000 4.145
1260.000 4.205
1265.000 3.797
1270.000 3.705
1275.000 3.489
1280.000 3.359
1285.000 3.316
1290.000 3.266
1295.000 3.264
1300.000 3.237
1305.000 3.231
1310.000 3.493
1315.000 4.320
1320.000 4.204
1325.000 4.133
1330.000 4.073
1335.000 3.998
1340.000 3.722
1345.000 3.586
1350.000 3.447
1355.000 3.378
1360.000 3.622
1365.000 3.825
1370.000 3.719
1375.000 3.650
1380.000 3.958
1385.000 3.865
1390.000 3.780
1395.000 3.762
1400.000 3.827
1405.000 3.970
1410.000 4.006
1415.000 4.162
1420.000 4.176
1425.000 4.246
1430.000 4.650
1435.000 4.728
1440.000 4.886
1445.000 4.981
1450.000 5.245
1455.000 5.546
1460.000 5.649
1465.000 6.024
1470.000 6.267
1475.000 6.981
1480.000 7.952
1485.000 8.438
1490.000 9.678
1495.000 10.625
1500.000 12.496
1505.000 14.688
1510.000 15.819
1515.000 17.721
1520.000 18.286
1525.000 17.723
1530.000 15.260
1535.000 13.844
1540.000 11.056
1545.000 9.984
1550.000 8.140
1555.000 6.825
1560.000 6.345
1565.000 5.550
1570.000 5.268
1575.000 4.716
1580.000 4.356
1585.000 4.183
1590.000 3.868
1595.000 3.685
1600.000 3.641
1605.000 3.369
1610.000 3.190
1615.000 3.147
1620.000 3.352
1625.000 3.628
1630.000 3.161
1635.000 2.997
1640.000 2.692
1645.000 2.945
1650.000 2.787
1655.000 2.647
1660.000 2.385
1665.000 2.153
1670.000 2.062
1675.000 1.928
1680.000 2.197
1685.000 2.370
1690.000 2.283
1695.000 1.985
1700.000 1.833
1705.000 1.748
1710.000 1.878
1715.000 1.959
1720.000 1.993
1725.000 2.220
1730.000 2.694
1735.000 2.779
1740.000 3.271
1745.000 3.595
1750.000 4.001
1755.000 4.114
1760.000 4.388
1765.000 5.252
1770.000 5.728
1775.000 6.457
1780.000 7.101
1785.000 7.351
1790.000 7.651
1795.000 8.161
1800.000 8.773
1805.000 9.167
1810.000 10.233
1815.000 11.599
1820.000 12.273
1825.000 14.208
1830.000 15.307
1835.000 18.055
1840.000 21.362
1845.000 23.202
1850.000 27.147
1855.000 29.553
1860.000 34.390
1865.000 38.508
1870.000 40.023
1875.000 41.852
1880.000 42.274
1885.000 40.993
1890.000 38.909
1895.000 33.672
1900.000 27.351
1905.000 24.241
1910.000 19.461
1915.000 17.841
1920.000 14.808
1925.000 12.703
1930.000 11.818
1935.000 10.675
1940.000 10.125
1945.000 9.306
1950.000 8.713
1955.000 8.470
1960.000 8.099
1965.000 7.987
1970.000 7.821
1975.000 7.727
1980.000 7.712
1985.000 7.386
1990.000 7.169
1995.000 6.861
2000.000 6.673
2005.000 6.635
2010.000 6.537
2015.000 6.622
2020.000 6.351
2025.000 6.181
2030.000 6.218
2035.000 6.168
2040.000 6.059
2045.000 6.093
2050.000 5.978
2055.000 5.893
2060.000 5.861
2065.000 5.825
2070.000 5.877
2075.000 6.189
2080.000 6.164
2085.000 6.248
2090.000 6.569
2095.000 6.616
2100.000 6.721
2105.000 6.851
2110.000 7.080
2115.000 7.234
2120.000 7.646
2125.000 8.181
2130.000 8.476
2135.000 9.085
2140.000 9.745
2145.000 9.913
2150.000 10.192
2155.000 10.359
2160.000 9.845
2165.000 9.519
2170.000 8.845
2175.000 8.707
2180.000 7.477
2185.000 6.509
2190.000 5.736
2195.000 5.396
2200.000 5.062
2205.000 4.553
2210.000 4.127
2215.000 3.784
2220.000 3.593
2225.000 3.238
2230.000 3.093
2235.000 2.795
2240.000 2.584
2245.000 2.473
2250.000 2.375
2255.000 2.250
2260.000 2.108
2265.000 2.007
2270.000 1.955
2275.000 1.855
2280.000 1.818
2285.000 1.791
2290.000 1.808
2295.000 1.759
2300.000 1.693
2305.000 1.647
2310.000 1.680
2315.000 1.615
2320.000 1.616
2325.000 1.643
2330.000 1.629
2335.000 1.552
2340.000 1.477
2345.000 1.474
2350.000 1.432
2355.000 1.437
2360.000 1.374
2365.000 1.371
2370.000 1.368
2375.000 1.352
2380.000 1.339
2385.000 1.360
2390.000 1.318
2395.000 1.331
2400.000 1.307
2405.000 1.295
2410.000 1.291
2415.000 1.294
2420.000 1.282
2425.000 1.288
2430.000 1.268
2435.000 1.260
2440.000 1.278
2445.000 1.269
2450.000 1.251
2455.000 1.264
2460.000 1.254
2465.000 1.239
2470.000 1.256
2475.000 1.236
2480.000 1.235
2485.000 1.248
2490.000 1.246
2495.000 1.237
2500.000 1.255
2505.000 1.247
2510.000 1.314
2515.000 1.319
2520.000 1.297
2525.000 1.273
2530.000 1.251
2535.000 1.258
2540.000 1.250
2545.000 1.268
2550.000 1.252
2555.000 1.266
2560.000 1.246
2565.000 1.250
2570.000 1.254
2575.000 1.236
2580.000 1.244
2585.000 1.226
2590.000 1.226
2595.000 1.251
2600.000 1.261
2605.000 1.236
2610.000 1.234
2615.000 1.245
2620.000 1.252
2625.000 1.275
2630.000 1.233
2635.000 1.257
2640.000 1.235
2645.000 1.223
2650.000 1.249
2655.000 1.232
2660.000 1.256
2665.000 1.254
2670.000 1.262
2675.000 1.283
2680.000 1.254
2685.000 1.213
2690.000 1.233
2695.000 1.233
2700.000 1.252
2705.000 1.233
2710.000 1.234
2715.000 1.250
2720.000 1.242
2725.000 1.286
2730.000 1.294
2735.000 1.319
2740.000 1.362
2745.000 1.364
2750.000 1.376
2755.000 1.332
2760.000 1.326
2765.000 1.313
2770.000 1.277
2775.000 1.309
2780.000 1.282
2785.000 1.274
2790.000 1.270
2795.000 1.270
2800.000 1.290
2805.000 1.278
2810.000 1.275
2815.000 1.285
2820.000 1.295
2825.000 1.324
2830.000 1.292
2835.000 1.290
2840.000 1.301
2845.000 1.286
2850.000 1.269
2855.000 1.312
2860.000 1.300
2865.000 1.301
2870.000 1.282
2875.000 1.297
2880.000 1.301
2885.000 1.356
2890.000 1.369
2895.000 1.366
2900.000 1.404
2905.000 1.397
2910.000 1.383
2915.000 1.360
2920.000 1.344
2925.000 1.444
2930.000 1.403
2935.000 1.467
2940.000 1.457
2945.000 1.422
2950.000 1.363
2955.000 1.394
2960.000 1.392
2965.000 1.433
2970.000 1.399
2975.000 1.428
2980.000 1.463
2985.000 1.487
2990.000 1.465
2995.000 1.468
3000.000 1.440
3005.000 1.419
3010.000 1.460
3015.000 1.450
3020.000 1.442
3025.000 1.454
3030.000 1.420
3035.000 1.439
3040.000 1.464
3045.000 1.473
3050.000 1.470
3055.000 1.499
3060.000 1.500
3065.000 1.492
3070.000 1.531
3075.000 1.542
3080.000 1.507
3085.000 1.529
3090.000 1.572
3095.000 1.552
3100.000 1.585
3105.000 1.569
3110.000 1.613
3115.000 1.677
3120.000 1.693
3125.000 1.691
3130.000 1.745
3135.000 1.865
3140.000 1.867
3145.000 1.890
3150.000 1.885
3155.000 1.882
3160.000 1.880
3165.000 1.894
3170.000 1.942
3175.000 1.946
3180.000 1.983
3185.000 1.984
3190.000 1.985
3195.000 2.046
3200.000 2.034
3205.000 2.080
3210.000 2.147
3215.000 2.211
3220.000 2.253
3225.000 2.263
3230.000 2.332
3235.000 2.390
3240.000 2.414
3245.000 2.529
3250.000 2.577
3255.000 2.677
3260.000 2.796
3265.000 2.874
3270.000 3.030
3275.000 3.144
3280.000 3.247
3285.000 3.498
3290.000 3.671
3295.000 3.868
3300.000 4.184
3305.000 4.581
3310.000 4.830
3315.000 5.381
3320.000 5.759
3325.000 6.769
3330.000 8.228
3335.000 9.230
3340.000 11.711
3345.000 15.459
3350.000 17.775
3355.000 23.320
3360.000 26.117
3365.000 31.803
3370.000 33.980
3375.000 36.574
3380.000 35.834
3385.000 33.415
3390.000 27.063
3395.000 21.760
3400.000 19.659
3405.000 16.418
3410.000 15.179
3415.000 13.357
3420.000 12.212
3425.000 11.813
3430.000 11.288
3435.000 11.185
3440.000 11.376
3445.000 12.015
3450.000 12.484
3455.000 13.573
3460.000 14.270
3465.000 16.071
3470.000 18.546
3475.000 20.286
3480.000 24.710
3485.000 27.363
3490.000 31.964
3495.000 34.595
3500.000 35.173
3505.000 32.671
3510.000 30.086
3515.000 24.642
3520.000 19.240
3525.000 17.703
3530.000 14.610
3535.000 13.870
3540.000 12.443
3545.000 11.419
3550.000 10.576
3555.000 10.201
3560.000 10.121
3565.000 9.423
3570.000 9.323
3575.000 9.143
3580.000 8.123
3585.000 8.752
3590.000 8.484
3595.000 7.864
3600.000 8.354
3605.000 8.167
3610.000 7.779
3615.000 7.526
3620.000 7.378
3625.000 7.151
3630.000 7.493
3635.000 7.439
3640.000 7.431
3645.000 7.202
3650.000 7.293
3660.000 7.418
3665.000 7.472
3670.000 7.507
3675.000 7.657
3680.000 7.826
3685.000 8.000
3690.000 8.181
3695.000 8.375
3700.000 8.682
3705.000 8.964
3710.000 9.167
3715.000 9.712
3720.000 10.018
3725.000 10.720
3730.000 11.592
3735.000 12.169
3740.000 13.678
3745.000 14.615
3750.000 17.063
3755.000 20.416
3760.000 22.438
3765.000 27.140
3770.000 29.115
3775.000 31.113
3780.000 30.558
3785.000 25.901
3790.000 19.839
3795.000 17.330
3800.000 13.504
3805.000 12.071
3810.000 9.860
3815.000 8.326
3820.000 7.756
3825.000 6.853
3830.000 6.495
3835.000 5.881
3840.000 5.603
3845.000 5.109
3850.000 4.728
3855.000 4.556
3860.000 4.215
3865.000 3.979
3870.000 3.819
3875.000 3.476
3880.000 3.312
3885.000 3.062
3890.000 2.906
3895.000 2.824
3900.000 2.656
3905.000 2.599
3910.000 2.520
3915.000 2.441
3920.000 2.410
3925.000 2.378
3935.000 3.176
3945.000 2.505
3955.000 2.737
3960.000 2.793
3965.000 3.010
3970.000 3.140
3975.000 3.369
3980.000 3.512
3985.000 3.684
3990.000 3.944
3995.000 4.120
4000.000 4.727
4005.000 5.008
4010.000 5.194
4015.000 5.861
4020.000 6.308
4025.000 7.381
4030.000 8.665
4035.000 9.672
4040.000 10.797
4045.000 13.775
4050.000 17.580
4055.000 19.784
4060.000 24.308
4065.000 28.222
4070.000 29.282
4075.000 29.619
4080.000 28.592
4085.000 23.919
4090.000 18.795
4095.000 16.728
4100.000 13.292
4105.000 12.023
4110.000 9.980
4115.000 8.585
4120.000 8.043
4125.000 7.170
4130.000 6.871
4135.000 6.447
4140.000 6.130
4145.000 6.014
4150.000 5.775
4155.000 5.683
4160.000 5.493
4165.000 5.335
4170.000 5.247
4175.000 5.133
4180.000 5.135
4185.000 5.033
4190.000 4.981
4195.000 4.947
4200.000 4.882
4205.000 4.880
4210.000 4.832
4215.000 4.830
4220.000 4.835
4225.000 4.854
4230.000 4.870
4235.000 4.929
4240.000 4.952
4245.000 5.003
4250.000 5.133
4255.000 5.185
4260.000 5.343
4265.000 5.577
4270.000 5.652
4275.000 5.882
4280.000 6.040
4285.000 6.352
4290.000 6.723
4295.000 6.941
4300.000 7.451
4305.000 7.776
4310.000 8.522
4315.000 9.491
4320.000 10.019
4325.000 10.972
4330.000 11.247
4335.000 10.987
4340.000 10.429
4345.000 8.561
4350.000 6.781
4355.000 6.006
4360.000 4.737
4365.000 3.830
4370.000 3.429
4375.000 3.147
4380.000 2.603
4385.000 2.152
4390.000 1.780
4395.000 1.609
4400.000 1.323
4405.000 1.205
4410.000 1.027
4415.000 0.875
4420.000 0.815
4425.000 0.709
4430.000 0.662
4435.000 0.589
4440.000 0.521
4445.000 0.504
4450.000 0.450
4455.000 0.442
4460.000 0.422
4465.000 0.396
4470.000 0.387
4475.000 0.383
4480.000 0.384
4485.000 0.373
4490.000 0.365
4495.000 0.361
4500.000 0.375
4505.000 0.353
4510.000 0.372
4515.000 0.367
4520.000 0.376
4525.000 0.377
4530.000 0.391
4535.000 0.421
4540.000 0.459
4545.000 0.498
4550.000 0.593
4555.000 0.624
4560.000 0.775
4565.000 1.006
4570.000 1.150
4575.000 1.657
4580.000 2.078
4585.000 3.309
4590.000 4.239
4595.000 6.551
4600.000 7.726
4605.000 9.641
4610.000 10.218
4615.000 9.399
4620.000 8.703
4625.000 7.975
4630.000 6.604
4635.000 5.463
4640.000 4.934
4645.000 4.178
4650.000 3.879
4655.000 3.407
4660.000 3.035
4665.000 2.903
4670.000 2.651
4675.000 2.506
4680.000 2.445
4685.000 2.391
4690.000 2.405
4695.000 2.409
4700.000 2.422
4705.000 2.419
4710.000 2.288
4715.000 2.248
4720.000 2.180
4725.000 2.148
4730.000 2.178
4735.000 2.129
4740.000 2.161
4745.000 2.106
4750.000 2.123
4755.000 2.072
4760.000 2.077
4765.000 2.083
4770.000 2.081
4775.000 2.023
4780.000 2.064
4785.000 2.031
4790.000 2.019
4795.000 2.026
4800.000 2.039
4805.000 2.049
4810.000 2.036
4815.000 2.029
4820.000 2.048
4825.000 2.067
4830.000 2.069
4835.000 2.095
4840.000 2.143
4845.000 2.152
4850.000 2.224
4855.000 2.262
4860.000 2.328
4865.000 2.364
4870.000 2.414
4875.000 2.451
4880.000 2.386
4885.000 2.203
4890.000 2.096
4895.000 1.850
4900.000 1.670
4905.000 1.617
4910.000 1.523
4915.000 1.497
4920.000 1.468
4925.000 1.469
4930.000 1.467
4935.000 1.442
4940.000 1.451
4945.000 1.440
4950.000 1.466
4955.000 1.475
4960.000 1.421
4965.000 1.475
4970.000 1.457
4975.000 1.458
4980.000 1.436
4985.000 1.456
4990.000 1.459
4995.000 1.460
5000.000 1.444
5005.000 1.460
5010.000 1.474
5015.000 1.487
5020.000 1.418
5025.000 1.429
5030.000 1.443
5035.000 1.457
5040.000 1.455
5045.000 1.458
5050.000 1.446
5055.000 1.444
5060.000 1.449
5065.000 1.473
5070.000 1.432
5075.000 1.450
5080.000 1.442
5085.000 1.461
5090.000 1.449
5095.000 1.436
5100.000 1.442
5105.000 1.425
5110.000 1.459
5115.000 1.480
5120.000 1.463
5125.000 1.437
5130.000 1.443
5135.000 1.461
5140.000 1.473
5145.000 1.454
5150.000 1.423
5155.000 1.447
5160.000 1.437
5165.000 1.460
5170.000 1.473
5175.000 1.467
5180.000 1.482
5185.000 1.471
5190.000 1.449
5195.000 1.477
5200.000 1.490
5205.000 1.498
5210.000 1.470
5215.000 1.472
5220.000 1.495
5225.000 1.459
5230.000 1.483
5235.000 1.472
5240.000 1.484
5245.000 1.490
5250.000 1.484
5255.000 1.500
5260.000 1.506
5265.000 1.488
5270.000 1.501
5275.000 1.505
5280.000 1.507
5285.000 1.482
5290.000 1.499
5295.000 1.517
5300.000 1.556
5305.000 1.538
5310.000 1.540
5315.000 1.522
5320.000 1.534
5325.000 1.507
5330.000 1.515
5335.000 1.526
5340.000 1.518
5345.000 1.513
5350.000 1.510
5355.000 1.515
5360.000 1.517
5365.000 1.520
5370.000 1.517
5375.000 1.544
5380.000 1.541
5385.000 1.541
5390.000 1.530
5395.000 1.528
5400.000 1.511
5405.000 1.546
5410.000 1.753
5415.000 1.788
5420.000 1.720
5425.000 1.679
5430.000 1.638
5435.000 1.603
5440.000 1.589
5445.000 1.576
5450.000 1.607
5455.000 1.577
5460.000 1.577
5465.000 1.561
5470.000 1.564
5475.000 1.568
5480.000 1.558
5485.000 1.567
5490.000 1.554
5495.000 1.567
5500.000 1.566
5505.000 1.549
5510.000 1.543
5515.000 1.539
5520.000 1.535
5525.000 1.554
5530.000 1.556
5535.000 1.555
5540.000 1.556
5545.000 1.549
5550.000 1.549
5555.000 1.547
5560.000 1.553
5565.000 1.518
5570.000 1.548
5575.000 1.568
5580.000 1.606
5585.000 1.618
5590.000 1.583
5595.000 1.573
5600.000 1.583
5605.000 1.556
5610.000 1.588
5615.000 1.580
5620.000 1.598
5625.000 1.597
5630.000 1.577
5635.000 1.598
5640.000 1.564
5645.000 1.586
5650.000 1.666
5655.000 1.751
5660.000 1.741
5665.000 1.666
5670.000 1.623
5675.000 1.649
5680.000 1.617
5685.000 1.631
5690.000 1.622
5695.000 1.623
5700.000 1.609
5705.000 1.616
5710.000 1.599
5715.000 1.624
5720.000 1.610
5725.000 1.594
5730.000 1.600
5735.000 1.612
5740.000 1.605
5745.000 1.628
5750.000 1.641
5755.000 1.634
5760.000 1.645
5765.000 1.628
5770.000 1.607
5775.000 1.624
5780.000 1.623
5785.000 1.627
5790.000 1.632
5795.000 1.645
5800.000 1.648
5805.000 1.635
5810.000 1.635
5815.000 1.625
5820.000 1.621
5825.000 1.644
5830.000 1.652
5835.000 1.631
5840.000 1.624
5845.000 1.655
5850.000 1.636
5855.000 1.655
5860.000 1.621
5865.000 1.658
5870.000 1.630
5875.000 1.659
5880.000 1.637
5885.000 1.645
5890.000 1.618
5895.000 1.636
5900.000 1.624
5905.000 1.642
5910.000 1.662
5915.000 1.682
5920.000 1.668
5925.000 1.665
5930.000 1.640
5935.000 1.663
5940.000 1.661
5945.000 1.654
5950.000 1.649
5955.000 1.642
5960.000 1.666
5965.000 1.656
5970.000 1.663
5975.000 1.663
5980.000 1.654
5985.000 1.660
5990.000 1.692
5995.000 1.723
6000.000 1.686
6005.000 1.667
6010.000 1.666
6015.000 1.675
6020.000 1.705
6025.000 1.699
6030.000 1.678
6035.000 1.716
6040.000 1.721
6045.000 1.708
6050.000 1.684
6055.000 1.666
6060.000 1.663
6065.000 1.718
6070.000 1.709
6075.000 1.692
6080.000 1.694
6085.000 1.691
6090.000 1.713
6095.000 1.705
6100.000 1.682
6105.000 1.709
6110.000 1.686
6115.000 1.702
6120.000 1.685
6125.000 1.714
6130.000 1.709
6135.000 1.713
6140.000 1.697
6145.000 1.700
6150.000 1.688
6155.000 1.688
6160.000 1.691
6165.000 1.729
6170.000 1.722
6175.000 1.699
6180.000 1.719
6185.000 1.725
6190.000 1.736
6195.000 1.722
6200.000 1.711
6205.000 1.708
6210.000 1.706
6215.000 1.705
6220.000 1.740
6225.000 1.734
6230.000 1.709
6235.000 1.712
6240.000 1.726
6245.000 1.721
6250.000 1.710
6255.000 1.709
6260.000 1.712
6265.000 1.703
6270.000 1.720
6275.000 1.725
6280.000 1.726
6285.000 1.708
6290.000 1.713
6295.000 1.714
6300.000 1.733
6305.000 1.716
6310.000 1.741
6315.000 1.723
6320.000 1.747
6325.000 1.741
6330.000 1.738
6335.000 1.748
6340.000 1.731
6345.000 1.719
6350.000 1.733
6355.000 1.732
6360.000 1.703
6365.000 1.690
6370.000 1.737
6375.000 1.725
6380.000 1.701
6385.000 1.729
6390.000 1.707
6395.000 1.692
6400.000 1.697
6405.000 1.712
6410.000 1.695
6415.000 1.695
6420.000 1.691
6425.000 1.679
6430.000 1.682
6435.000 1.697
6440.000 1.671
6445.000 1.684
6450.000 1.681
6455.000 1.661
6460.000 1.681
6465.000 1.670
6470.000 1.651
6475.000 1.654
6480.000 1.693
6485.000 1.686
6490.000 1.671
6495.000 1.638
6500.000 1.657
6505.000 1.655
6510.000 1.653
6515.000 1.646
6520.000 1.644
6525.000 1.665
6530.000 1.633
6535.000 1.633
6540.000 1.626
6545.000 1.646
6550.000 1.634
6555.000 1.606
6560.000 1.602
6565.000 1.612
6570.000 1.614
6575.000 1.616
6580.000 1.627
6585.000 1.611
6590.000 1.632
6595.000 1.627
6600.000 1.682
6605.000 1.753
6610.000 1.804
6615.000 1.936
6620.000 2.012
6625.000 2.206
6630.000 2.347
6635.000 2.710
6640.000 3.327
6645.000 3.766
6650.000 5.152
6655.000 7.374
6660.000 8.860
6665.000 12.456
6670.000 14.613
6675.000 19.254
6680.000 24.253
6685.000 26.872
6690.000 31.390
6695.000 32.935
6700.000 33.630
6705.000 31.727
6710.000 30.357
6715.000 28.111
6720.000 27.270
6725.000 25.999
6730.000 25.533
6735.000 25.182
6740.000 25.381
6745.000 25.654
6750.000 26.815
6755.000 27.751
6760.000 29.604
6765.000 32.272
6770.000 33.851
6775.000 37.457
6780.000 39.300
6785.000 42.477
6790.000 44.358
6795.000 44.443
6800.000 42.361
6805.000 39.525
6810.000 32.309
6815.000 25.414
6820.000 22.533
6825.000 18.200
6830.000 16.595
6835.000 14.178
6840.000 12.402
6845.000 11.720
6850.000 10.648
6855.000 10.251
6860.000 9.780
6865.000 9.559
6870.000 9.533
6875.000 9.490
6880.000 9.509
6885.000 9.588
6890.000 9.720
6895.000 9.869
6900.000 10.086
6905.000 10.295
6910.000 10.725
6915.000 11.267
6920.000 11.546
6925.000 12.261
6930.000 12.670
6935.000 13.747
6940.000 14.418
6945.000 16.160
6950.000 18.745
6955.000 20.455
6960.000 25.005
6965.000 30.747
6970.000 33.639
6975.000 39.126
6980.000 41.417
6985.000 44.519
6990.000 43.649
6995.000 42.972
7000.000 35.871
7005.000 32.228
7010.000 25.960
7015.000 23.410
7020.000 19.238
7025.000 16.548
7030.000 15.448
7035.000 13.942
7040.000 13.107
7045.000 12.842
7050.000 12.336
7055.000 12.147
7060.000 11.832
7065.000 11.531
7070.000 11.365
7075.000 11.186
7080.000 11.117
7085.000 10.949
7090.000 10.916
7095.000 10.879
7100.000 10.887
7105.000 10.935
7110.000 11.041
7115.000 11.236
7120.000 11.367
7125.000 11.669
7130.000 11.780
7135.000 12.199
7140.000 12.634
7145.000 12.913
7150.000 13.661
7155.000 14.060
7160.000 15.127
7165.000 16.518
7170.000 17.427
7175.000 19.867
7180.000 21.464
7185.000 25.300
7190.000 29.403
7195.000 31.225
7200.000 33.774
7205.000 34.144
7210.000 32.624
7215.000 30.254
7220.000 25.353
7225.000 20.601
7230.000 18.579
7235.000 15.579
7240.000 13.483
7245.000 12.812
7250.000 12.302
7255.000 11.418
7260.000 10.677
7265.000 10.140
7270.000 9.930
7275.000 9.465
7280.000 9.263
7285.000 8.968
7290.000 8.749
7295.000 8.669
7300.000 8.625
7305.000 8.501
7310.000 8.488
7315.000 8.504
7320.000 8.605
7325.000 8.767
7330.000 8.881
7335.000 9.158
7340.000 9.357
7345.000 9.799
7350.000 10.290
7355.000 10.114
7360.000 10.929
7365.000 10.944
7370.000 12.303
7375.000 13.847
7380.000 14.923
7385.000 17.335
7390.000 18.589
7395.000 22.332
7400.000 25.841
7405.000 26.968
7410.000 27.396
7415.000 26.162
7420.000 22.366
7425.000 18.196
7430.000 16.409
7435.000 13.480
7440.000 12.394
7445.000 10.701
7450.000 9.591
7455.000 9.139
7460.000 8.499
7465.000 8.171
7470.000 7.598
7475.000 7.160
7480.000 6.925
7485.000 6.584
7490.000 6.412
7495.000 6.127
7500.000 5.882
7505.000 5.783
7510.000 5.620
7515.000 5.539
7520.000 5.407
7525.000 5.336
7530.000 5.271
7535.000 5.216
7540.000 5.196
7545.000 5.188
7550.000 5.191
7555.000 5.199
7560.000 5.268
7565.000 5.323
7570.000 5.415
7575.000 5.599
7580.000 5.673
7585.000 5.925
7590.000 6.058
7595.000 6.365
7600.000 6.610
7605.000 6.721
7610.000 6.736
7615.000 6.575
7620.000 5.943
7625.000 4.942
7630.000 4.404
7635.000 3.429
7640.000 3.018
7645.000 2.201
7650.000 1.997
7655.000 1.655
7660.000 1.434
7665.000 1.340
7670.000 1.251
7675.000 1.170
7680.000 1.138
7685.000 1.125
7690.000 1.089
7695.000 1.051
7700.000 1.048
7705.000 1.037
7710.000 1.053
7715.000 1.065
7720.000 1.064
7725.000 1.085
7730.000 1.086
7735.000 1.095
7740.000 1.095
7745.000 1.107
7750.000 1.130
7755.000 1.136
7760.000 1.158
7765.000 1.163
7770.000 1.154
7775.000 1.163
7780.000 1.170
7785.000 1.183
7790.000 1.189
7795.000 1.198
7800.000 1.235
7805.000 1.241
7810.000 1.255
7815.000 1.289
7820.000 1.332
7825.000 1.376
7830.000 1.422
7835.000 1.498
7840.000 1.562
7845.000 1.699
7850.000 1.785
7855.000 1.984
7860.000 2.201
7865.000 2.299
7870.000 2.395
7875.000 2.294
7880.000 2.195
7885.000 2.015
7890.000 1.926
7895.000 1.786
7900.000 1.683
7905.000 1.624
7910.000 1.530
7915.000 1.497
7920.000 1.462
7925.000 1.441
7930.000 1.416
7935.000 1.380
7940.000 1.389
7945.000 1.376
7950.000 1.366
7955.000 1.364
7960.000 1.343
7965.000 1.356
7970.000 1.344
7975.000 1.354
7980.000 1.341
7985.000 1.339
7990.000 1.347
7995.000 1.338
8000.000 1.342
8005.000 1.332
8010.000 1.338
8015.000 1.326
8020.000 1.336
8025.000 1.345
8030.000 1.372
8035.000 1.357
8040.000 1.258
8045.000 1.140
8050.000 1.336
8055.000 1.395
8060.000 1.407
8065.000 1.438
8070.000 1.404
8075.000 1.380
8080.000 1.373
8085.000 1.354
8090.000 1.337
8095.000 1.334
8100.000 1.333
8105.000 1.336
8110.000 1.349
8115.000 1.347
8120.000 1.353
8125.000 1.366
8130.000 1.371
8135.000 1.387
8140.000 1.386
8145.000 1.402
8150.000 1.406
8155.000 1.410
8160.000 1.384
8165.000 1.396
8170.000 1.385
8175.000 1.403
8180.000 1.402
8185.000 1.399
8190.000 1.431
8195.000 1.408
8200.000 1.410
8205.000 1.452
8210.000 1.430
8215.000 1.458
8220.000 1.457
8225.000 1.451
8230.000 1.444
8235.000 1.474
8240.000 1.479
8245.000 1.428
8250.000 1.432
8255.000 1.443
8260.000 1.449
8265.000 1.446
8270.000 1.473
8275.000 1.477
8280.000 1.485
8285.000 1.482
8290.000 1.503
8295.000 1.512
8300.000 1.528
8305.000 1.501
8310.000 1.522
8315.000 1.519
8320.000 1.545
8325.000 1.530
8330.000 1.530
8335.000 1.557
8340.000 1.527
8345.000 1.529
8350.000 1.534
8355.000 1.514
8360.000 1.552
8365.000 1.546
8370.000 1.527
8375.000 1.534
8380.000 1.551
8385.000 1.542
8390.000 1.537
8395.000 1.556
8400.000 1.549
8405.000 1.545
8410.000 1.569
8415.000 1.564
8420.000 1.548
8425.000 1.543
8430.000 1.565
8435.000 1.570
8440.000 1.572
8445.000 1.582
8450.000 1.570
8455.000 1.579
8460.000 1.589
8465.000 1.595
8470.000 1.598
8475.000 1.588
8480.000 1.582
8485.000 1.603
8490.000 1.609
8495.000 1.616
8500.000 1.593
8505.000 1.601
8510.000 1.613
8515.000 1.641
8520.000 1.629
8525.000 1.619
8530.000 1.636
8535.000 1.645
8540.000 1.639
8545.000 1.643
8550.000 1.646
8555.000 1.649
8560.000 1.651
8565.000 1.642
8570.000 1.647
8575.000 1.661
8580.000 1.662
8585.000 1.666
8590.000 1.654
8595.000 1.671
8600.000 1.684
8605.000 1.685
8610.000 1.693
8615.000 1.678
8620.000 1.687
8625.000 1.678
8630.000 1.689
8635.000 1.709
8640.000 1.698
8645.000 1.697
8650.000 1.726
8655.000 1.709
8660.000 1.718
8665.000 1.705
8670.000 1.716
8675.000 1.700
8680.000 1.712
8685.000 1.700
8690.000 1.745
8695.000 1.699
8700.000 1.708
8705.000 1.683
8710.000 1.695
8715.000 1.710
8720.000 1.688
8725.000 1.706
8730.000 1.725
8735.000 1.717
8740.000 1.703
8745.000 1.691
8750.000 1.701
8755.000 1.705
8760.000 1.692
8765.000 1.704
8770.000 1.714
8775.000 1.718
8780.000 1.753
8785.000 1.737
8790.000 1.743
8795.000 1.767
8800.000 1.760
8805.000 1.744
8810.000 1.723
8815.000 1.685
8820.000 1.673
8825.000 1.651
8830.000 1.653
8835.000 1.681
8840.000 1.686
8845.000 1.683
8850.000 1.697
8855.000 1.731
8860.000 1.745
8865.000 1.747
8870.000 1.740
8875.000 1.752
8880.000 1.747
8885.000 1.760
8890.000 1.748
8895.000 1.768
8900.000 1.715
8905.000 1.728
8910.000 1.708
8915.000 1.671
8920.000 1.681
8925.000 1.676
8930.000 1.678
8935.000 1.667
8940.000 1.674
8945.000 1.692
8950.000 1.684
8955.000 1.670
8960.000 1.733
8965.000 1.712
8970.000 1.710
8975.000 1.701
8980.000 1.702
8985.000 1.711
8990.000 1.682
8995.000 1.689
9000.000 1.707
9005.000 1.716
9010.000 1.689
9015.000 1.620
9020.000 1.564
9025.000 1.546
9030.000 1.443
9035.000 1.501
9040.000 1.544
9045.000 1.544
9050.000 1.584
9055.000 1.605
9060.000 1.615
9065.000 1.639
9070.000 1.648
9075.000 1.645
9080.000 1.670
9085.000 1.684
9090.000 1.670
9095.000 1.724
9100.000 1.718
9105.000 1.741
9110.000 1.705
9115.000 1.681
9120.000 1.661
9125.000 1.646
9130.000 1.648
9135.000 1.652
9140.000 1.660
9145.000 1.659
9150.000 1.672
9155.000 1.696
9160.000 1.701
9165.000 1.672
9170.000 1.689
9175.000 1.678
9180.000 1.693
9185.000 1.690
9190.000 1.701
9195.000 1.687
9200.000 1.714
9205.000 1.733
9210.000 1.720
9215.000 1.705
9220.000 1.713
9225.000 1.705
9230.000 1.722
9235.000 1.720
9240.000 1.698
9245.000 1.718
9250.000 1.704
9255.000 1.709
9260.000 1.712
9265.000 1.717
9270.000 1.733
9275.000 1.728
9280.000 1.722
9285.000 1.708
9290.000 1.711
9295.000 1.708
9300.000 1.701
9305.000 1.722
9310.000 1.713
9315.000 1.699
9320.000 1.696
9325.000 1.701
9330.000 1.707
9335.000 1.689
9340.000 1.686
9345.000 1.699
9350.000 1.680
9355.000 1.692
9360.000 1.695
9365.000 1.686
9370.000 1.687
9375.000 1.692
9380.000 1.714
9385.000 1.685
9390.000 1.672
9395.000 1.671
9400.000 1.681
9405.000 1.684
9410.000 1.678
9415.000 1.671
9420.000 1.684
9425.000 1.688
9430.000 1.679
9435.000 1.672
9440.000 1.677
9445.000 1.670
9450.000 1.682
9455.000 1.695
9460.000 1.685
9465.000 1.669
9470.000 1.654
9475.000 1.665
9480.000 1.677
9485.000 1.671
9490.000 1.654
9495.000 1.667
9500.000 1.675
9505.000 1.684
9510.000 1.668
9515.000 1.661
9520.000 1.667
9525.000 1.667
9530.000 1.667
9535.000 1.686
9540.000 1.684
9545.000 1.684
9550.000 1.663
9555.000 1.670
9560.000 1.669
9565.000 1.677
9570.000 1.669
9575.000 1.631
9580.000 1.633
9585.000 1.533
9590.000 1.526
9595.000 1.544
9600.000 1.576
9605.000 1.575
9610.000 1.577
9615.000 1.567
9620.000 1.590
9625.000 1.534
9630.000 1.527
9635.000 1.515
9640.000 1.546
9645.000 1.569
9650.000 1.585
9655.000 1.576
9660.000 1.611
9665.000 1.600
9670.000 1.548
9675.000 1.571
9680.000 1.582
9685.000 1.473
9690.000 1.514
9695.000 1.521
9700.000 1.535
9705.000 1.528
9710.000 1.530
9715.000 1.574
9720.000 1.576
9725.000 1.577
9730.000 1.520
9735.000 1.569
9740.000 1.576
9745.000 1.579
9750.000 1.554
9755.000 1.573
9760.000 1.566
9765.000 1.541
9770.000 1.506
9775.000 1.511
9780.000 1.556
9785.000 1.550
9790.000 1.582
9795.000 1.554
9800.000 1.549
9805.000 1.554
9810.000 1.567
9815.000 1.556
9820.000 1.550
9825.000 1.551
9830.000 1.553
9835.000 1.563
9840.000 1.556
9845.000 1.541
9850.000 1.490
9855.000 1.490
9860.000 1.493
9865.000 1.458
9870.000 1.451
9875.000 1.409
9880.000 1.381
9885.000 1.338
9890.000 1.293
9895.000 1.271
9900.000 1.194
9905.000 1.153
9910.000 1.056
9915.000 0.904
9920.000 0.832
9925.000 0.739
9930.000 0.500
9935.000 0.198
9940.000 0.291
9945.000 0.750
9950.000 2.138
9955.000 3.050
9960.000 5.196
9965.000 7.203
9970.000 7.926
9975.000 8.434
9980.000 8.915
9985.000 8.987
9990.000 8.982
9995.000 8.958
10000.000 8.916
10005.000 8.967
10010.000 9.094
10015.000 9.162
10020.000 9.287
10025.000 9.543
10030.000 9.979
10035.000 10.615
10040.000 10.986
10045.000 11.875
10050.000 13.077
10055.000 13.763
10060.000 15.384
10065.000 16.361
10070.000 18.351
10075.000 20.486
10080.000 21.345
10085.000 22.476
10090.000 22.464
10095.000 21.066
10100.000 18.276
10105.000 16.813
10110.000 14.208
10115.000 13.151
10120.000 11.375
10125.000 10.070
10130.000 9.545
10135.000 8.701
10140.000 8.430
10145.000 7.853
10150.000 7.406
10155.000 7.218
10160.000 6.931
10165.000 6.798
10170.000 6.618
10175.000 6.542
10180.000 6.545
10185.000 6.597
10190.000 6.767
10195.000 7.131
10200.000 7.643
10205.000 8.007
10210.000 8.846
10215.000 9.279
10220.000 10.514
10225.000 12.207
10230.000 13.282
10235.000 15.721
10240.000 17.043
10245.000 19.655
10250.000 21.710
10255.000 22.308
10260.000 22.232
10265.000 21.456
10270.000 18.839
10275.000 17.426
10280.000 14.852
10285.000 12.775
10290.000 11.810
10295.000 10.505
10300.000 9.974
10305.000 9.181
10310.000 8.552
10315.000 8.315
10320.000 8.049
10325.000 8.094
10330.000 8.159
10335.000 8.194
10340.000 8.191
10345.000 8.280
10350.000 8.476
10355.000 8.581
10360.000 8.825
10365.000 8.968
10370.000 9.306
10375.000 9.740
10380.000 9.978
10385.000 10.592
10390.000 10.939
10395.000 11.754
10400.000 12.776
10405.000 13.387
10410.000 14.719
10415.000 15.446
10420.000 16.859
10425.000 17.846
10430.000 18.030
10435.000 17.874
10440.000 16.765
10445.000 15.116
10450.000 13.522
10455.000 12.788
10460.000 11.378
10465.000 10.757
10470.000 9.660
10475.000 8.748
10480.000 8.379
10485.000 7.713
10490.000 7.427
10495.000 6.900
10500.000 6.470
10505.000 6.305
10510.000 6.022
10515.000 5.883
10520.000 5.677
10525.000 5.550
10530.000 5.477
10535.000 5.419
10540.000 5.409
10545.000 5.404
10550.000 5.492
10555.000 5.582
10560.000 5.743
10565.000 5.833
10570.000 6.080
10575.000 6.239
10580.000 6.662
10585.000 7.160
10590.000 7.421
10595.000 8.022
10600.000 8.355
10605.000 8.988
10610.000 9.447
10615.000 9.510
10620.000 9.323
10625.000 9.138
10630.000 8.629
10635.000 7.951
10640.000 7.645
10645.000 7.039
10650.000 6.734
10655.000 6.250
10660.000 5.814
10665.000 5.619
10670.000 5.277
10675.000 5.124
10680.000 4.867
10685.000 4.680
10690.000 4.615
10695.000 4.489
10700.000 4.375
10705.000 4.305
10710.000 4.289
10715.000 4.278
10720.000 4.273
10725.000 4.290
10730.000 4.317
10735.000 4.385
10740.000 4.393
10745.000 4.486
10750.000 4.511
10755.000 4.618
10760.000 4.762
10765.000 4.748
10770.000 4.918
10775.000 5.016
10780.000 5.239
10785.000 5.489
10790.000 5.584
10795.000 5.689
10800.000 5.682
10805.000 5.541
10810.000 5.134
10815.000 4.878
10820.000 4.290
10825.000 3.963
10830.000 3.407
10835.000 2.848
10840.000 2.554
10845.000 2.299
10850.000 2.144
10855.000 1.901
10860.000 1.698
10865.000 1.616
10870.000 1.471
10875.000 1.424
10880.000 1.338
10885.000 1.259
10890.000 1.224
10895.000 1.180
10900.000 1.153
10905.000 1.115
10910.000 1.087
10915.000 1.073
10920.000 1.047
10925.000 1.036
10930.000 1.018
10935.000 0.993
10940.000 0.961
10945.000 0.947
10950.000 0.924
10955.000 0.879
10960.000 0.831
10965.000 0.803
10970.000 0.741
10975.000 0.715
10980.000 0.654
10985.000 0.624
10990.000 0.623
10995.000 0.721
11000.000 0.790
11005.000 0.954
11010.000 1.051
11015.000 1.222
11020.000 1.287
11025.000 1.387
11030.000 1.443
11035.000 1.486
11040.000 1.521
11045.000 1.512
11050.000 1.547
11055.000 1.518
11060.000 1.521
11065.000 1.529
11070.000 1.541
11075.000 1.543
11080.000 1.552
11085.000 1.568
11090.000 1.578
11095.000 1.577
11100.000 1.592
11105.000 1.577
11110.000 1.569
11115.000 1.569
11120.000 1.565
11125.000 1.567
11130.000 1.542
11135.000 1.538
11140.000 1.540
11145.000 1.542
11150.000 1.533
11155.000 1.542
11160.000 1.552
11165.000 1.546
11170.000 1.551
11175.000 1.538
11180.000 1.553
11185.000 1.553
11190.000 1.554
11195.000 1.561
11200.000 1.542
11205.000 1.564
11210.000 1.577
11215.000 1.565
11220.000 1.548
11225.000 1.553
11230.000 1.553
11235.000 1.545
11240.000 1.552
11245.000 1.539
11250.000 1.545
11255.000 1.550
11260.000 1.539
11265.000 1.560
11270.000 1.554
11275.000 1.555
11280.000 1.545
11285.000 1.549
11290.000 1.538
11295.000 1.540
11300.000 1.531
11305.000 1.532
11310.000 1.524
11315.000 1.536
11320.000 1.515
11325.000 1.522
11330.000 1.530
11335.000 1.515
11340.000 1.524
11345.000 1.526
11350.000 1.537
11355.000 1.545
11360.000 1.539
11365.000 1.540
11370.000 1.521
11375.000 1.523
11380.000 1.527
11385.000 1.537
11390.000 1.566
11395.000 1.531
11400.000 1.560
11405.000 1.533
11410.000 1.514
11415.000 1.513
11420.000 1.513
11425.000 1.513
11430.000 1.504
11435.000 1.490
11440.000 1.477
11445.000 1.487
11450.000 1.501
11455.000 1.513
11460.000 1.501
11465.000 1.516
11470.000 1.513
11475.000 1.511
11480.000 1.501
11485.000 1.510
11490.000 1.499
11495.000 1.510
11500.000 1.498
11505.000 1.492
11510.000 1.497
11515.000 1.490
11520.000 1.508
11525.000 1.493
11530.000 1.511
11535.000 1.508
11540.000 1.501
11545.000 1.491
11550.000 1.503
11555.000 1.508
11560.000 1.503
11565.000 1.503
11570.000 1.482
11575.000 1.503
11580.000 1.493
11585.000 1.504
11590.000 1.490
11595.000 1.491
11600.000 1.493
11605.000 1.488
11610.000 1.491
11615.000 1.493
11620.000 1.488
11625.000 1.485
11630.000 1.480
11635.000 1.485
11640.000 1.478
11645.000 1.483
11650.000 1.479
11655.000 1.497
11660.000 1.501
11665.000 1.474
11670.000 1.440
11675.000 1.444
11680.000 1.462
11685.000 1.450
11690.000 1.460
11695.000 1.467
11700.000 1.477
11705.000 1.449
11710.000 1.464
11715.000 1.475
11720.000 1.444
11725.000 1.451
11730.000 1.453
11735.000 1.433
11740.000 1.449
11745.000 1.460
11750.000 1.446
11755.000 1.458
11760.000 1.465
11765.000 1.439
11770.000 1.440
11775.000 1.447
11780.000 1.449
11785.000 1.430
11790.000 1.458
11795.000 1.451
11800.000 1.448
11805.000 1.436
11810.000 1.450
11815.000 1.441
11820.000 1.441
11825.000 1.446
11830.000 1.463
11835.000 1.432
11840.000 1.437
11845.000 1.439
11850.000 1.438
11855.000 1.426
11860.000 1.439
11865.000 1.440
11870.000 1.448
11875.000 1.447
11880.000 1.426
11885.000 1.441
11890.000 1.459
11895.000 1.459
11900.000 1.450
11905.000 1.455
11910.000 1.429
11915.000 1.435
11920.000 1.438
11925.000 1.433
11930.000 1.428
11935.000 1.441
11940.000 1.442
11945.000 1.442
11950.000 1.433
11955.000 1.442
11960.000 1.434
11965.000 1.439
11970.000 1.450
11975.000 1.447
11980.000 1.448
11985.000 1.448
11990.000 1.433
11995.000 1.450
12000.000 1.441
