105.000 0.046
110.000 0.205
115.000 0.577
120.000 0.586
125.000 0.613
130.000 0.735
140.000 0.678
145.000 0.711
150.000 0.745
155.000 0.679
160.000 0.642
165.000 0.687
170.000 0.753
175.000 0.771
180.000 0.874
185.000 0.853
190.000 0.895
195.000 1.019
200.000 1.242
205.000 1.169
210.000 1.935
215.000 2.070
220.000 2.391
225.000 2.453
230.000 2.483
235.000 2.690
245.000 4.016
250.000 4.198
255.000 4.636
260.000 6.044
265.000 7.010
270.000 9.465
275.000 12.136
280.000 13.569
285.000 16.661
290.000 18.014
295.000 21.200
300.000 24.898
305.000 26.441
310.000 29.236
315.000 30.630
320.000 32.657
325.000 33.740
330.000 33.560
335.000 33.339
340.000 32.505
345.000 31.423
350.000 30.064
355.000 29.161
360.000 27.940
365.000 27.825
370.000 27.237
375.000 26.900
380.000 26.895
385.000 26.880
390.000 27.145
395.000 27.548
400.000 28.182
405.000 28.500
410.000 29.046
415.000 29.249
420.000 29.414
425.000 29.515
430.000 29.392
435.000 28.476
440.000 27.958
445.000 26.649
450.000 25.060
455.000 24.310
460.000 22.606
465.000 22.019
470.000 20.518
475.000 19.875
480.000 18.809
485.000 18.097
490.000 17.596
495.000 17.138
500.000 16.248
505.000 15.657
510.000 14.780
515.000 14.315
520.000 13.594
525.000 13.413
530.000 12.854
535.000 12.497
540.000 12.197
545.000 12.025
550.000 12.010
555.000 12.277
560.000 13.166
565.000 13.269
570.000 13.864
575.000 15.030
580.000 15.849
585.000 16.936
590.000 18.194
595.000 19.984
600.000 24.273
605.000 24.658
610.000 30.579
615.000 32.205
620.000 32.644
625.000 30.396
630.000 26.879
635.000 20.702
640.000 18.135
645.000 14.668
650.000 13.277
655.000 11.231
660.000 9.995
665.000 9.196
670.000 8.236
675.000 7.726
680.000 7.263
685.000 6.765
690.000 6.260
695.000 5.941
700.000 5.881
705.000 5.619
710.000 5.307
715.000 5.102
720.000 4.850
725.000 4.517
730.000 4.373
735.000 4.102
740.000 4.003
745.000 3.787
750.000 3.757
755.000 3.634
760.000 3.477
765.000 3.424
770.000 3.321
775.000 3.263
780.000 3.213
785.000 3.168
790.000 3.167
795.000 3.113
800.000 3.123
805.000 3.099
810.000 3.122
815.000 3.203
820.000 3.308
825.000 3.354
830.000 3.398
835.000 3.480
840.000 3.618
845.000 3.794
850.000 4.025
855.000 4.114
860.000 4.275
865.000 4.351
870.000 4.602
875.000 4.734
880.000 5.109
885.000 5.677
890.000 5.946
895.000 6.792
900.000 7.236
905.000 8.499
910.000 9.168
915.000 9.793
920.000 9.048
925.000 8.185
930.000 6.339
935.000 4.712
940.000 4.100
945.000 3.269
950.000 2.959
955.000 2.374
960.000 2.112
965.000 1.865
970.000 1.695
975.000 1.588
980.000 1.405
985.000 1.224
990.000 1.301
995.000 1.175
1000.000 1.196
1005.000 1.245
1010.000 1.290
1015.000 1.220
1020.000 1.170
1025.000 1.163
1030.000 1.155
1035.000 1.188
1040.000 1.126
1045.000 1.102
1050.000 1.080
1055.000 1.149
1060.000 1.145
1065.000 1.088
1070.000 1.147
1075.000 1.190
1080.000 1.169
1085.000 1.166
1090.000 1.223
1095.000 1.251
1100.000 1.254
1105.000 1.308
1110.000 1.362
1115.000 1.367
1120.000 1.439
1125.000 1.464
1130.000 1.543
1135.000 1.721
1140.000 1.727
1145.000 1.863
1150.000 1.957
1155.000 2.205
1160.000 2.535
1165.000 2.725
1170.000 3.358
1175.000 3.828
1180.000 5.105
1185.000 7.183
1190.000 8.335
1195.000 10.090
1200.000 10.500
1205.000 9.060
1210.000 6.776
1215.000 5.791
1220.000 4.355
1225.000 3.851
1230.000 3.051
1235.000 2.533
1240.000 2.332
1245.000 2.165
1250.000 1.900
1255.000 1.666
1260.000 1.540
1265.000 1.486
1270.000 1.368
1275.000 1.347
1280.000 1.274
1285.000 1.200
1290.000 1.212
1295.000 1.161
1300.000 1.149
1305.000 1.156
1310.000 1.115
1315.000 1.130
1320.000 1.126
1325.000 1.134
1330.000 1.181
1335.000 1.203
1340.000 1.211
1345.000 1.244
1350.000 1.300
1355.000 1.354
1360.000 1.452
1365.000 1.477
1370.000 1.531
1375.000 1.647
1380.000 1.776
1385.000 1.979
1390.000 2.087
1395.000 2.251
1400.000 2.595
1405.000 3.015
1410.000 3.272
1415.000 3.896
1420.000 4.817
1425.000 5.471
1430.000 7.087
1435.000 8.284
1440.000 10.939
1445.000 14.363
1450.000 16.407
1455.000 20.701
1460.000 22.825
1465.000 26.413
1470.000 27.485
1475.000 27.222
1480.000 22.792
1485.000 20.054
1490.000 15.312
1495.000 11.898
1500.000 10.564
1505.000 8.449
1510.000 7.653
1515.000 6.444
1520.000 5.621
1525.000 5.268
1530.000 4.766
1535.000 4.564
1540.000 4.301
1545.000 4.110
1550.000 3.974
1555.000 3.794
1560.000 3.701
1565.000 3.570
1570.000 3.447
1575.000 3.388
1580.000 3.295
1585.000 3.262
1590.000 3.198
1595.000 3.135
1600.000 3.120
1605.000 3.038
1610.000 3.035
1615.000 3.015
1620.000 2.985
1625.000 2.996
1630.000 2.966
1635.000 2.968
1640.000 3.183
1645.000 3.157
1650.000 3.159
1655.000 3.144
1660.000 3.761
1665.000 3.759
1670.000 3.696
1675.000 3.895
1680.000 4.010
1685.000 4.074
1690.000 4.270
1695.000 4.461
1700.000 5.109
1705.000 6.187
1710.000 7.130
1715.000 9.653
1720.000 11.384
1725.000 15.939
1730.000 21.697
1735.000 24.818
1740.000 30.650
1745.000 33.588
1750.000 32.929
1755.000 26.436
1760.000 22.652
1765.000 16.748
1770.000 14.541
1775.000 11.250
1780.000 9.084
1785.000 8.305
1790.000 7.070
1795.000 6.653
1800.000 5.905
1805.000 5.497
1810.000 5.304
1815.000 5.041
1820.000 4.900
1825.000 4.814
1830.000 4.954
1835.000 4.863
1840.000 4.739
1845.000 4.649
1850.000 4.638
1855.000 4.856
1860.000 4.992
1865.000 4.941
1870.000 4.924
1875.000 4.945
1880.000 4.984
1885.000 5.108
1890.000 5.317
1895.000 5.408
1900.000 5.606
1905.000 5.752
1910.000 6.089
1915.000 6.403
1920.000 6.950
1925.000 7.143
1930.000 7.422
1935.000 8.173
1940.000 8.994
1945.000 10.166
1950.000 10.897
1955.000 12.776
1960.000 13.891
1965.000 16.818
1970.000 20.773
1975.000 23.135
1980.000 25.835
1985.000 31.239
1990.000 34.755
1995.000 35.304
2000.000 32.929
2005.000 26.421
2010.000 22.990
2015.000 17.535
2020.000 15.470
2025.000 12.516
2030.000 10.453
2035.000 9.576
2040.000 8.296
2045.000 8.089
2050.000 7.375
2055.000 6.749
2060.000 6.506
2065.000 6.715
2070.000 6.655
2075.000 6.277
2080.000 5.785
2085.000 5.586
2090.000 5.250
2095.000 5.122
2100.000 4.938
2105.000 5.166
2110.000 5.222
2115.000 5.115
2120.000 5.035
2125.000 4.961
2130.000 4.979
2135.000 5.075
2140.000 5.188
2145.000 5.346
2150.000 5.691
2155.000 5.883
2160.000 5.950
2165.000 5.936
2170.000 5.875
2175.000 5.391
2180.000 4.841
2185.000 4.508
2190.000 3.895
2195.000 3.627
2200.000 3.091
2205.000 2.654
2210.000 2.499
2215.000 2.205
2220.000 2.088
2225.000 1.887
2230.000 1.728
2235.000 1.661
2240.000 1.563
2245.000 1.506
2250.000 1.442
2255.000 1.389
2260.000 1.354
2265.000 1.283
2270.000 1.273
2275.000 1.233
2280.000 1.178
2285.000 1.182
2290.000 1.186
2295.000 1.137
2300.000 1.120
2305.000 1.086
2310.000 1.084
2315.000 1.082
2320.000 1.074
2325.000 1.067
2330.000 1.059
2335.000 1.045
2340.000 1.055
2345.000 1.034
2350.000 1.020
2355.000 1.024
2360.000 1.018
2365.000 1.019
2370.000 1.017
2375.000 1.015
2380.000 1.028
2385.000 1.016
2390.000 1.002
2395.000 1.021
2400.000 1.019
2405.000 1.015
2410.000 1.003
2415.000 1.009
2420.000 0.994
2425.000 0.999
2430.000 0.978
2435.000 0.999
2440.000 1.008
2445.000 1.001
2450.000 1.001
2455.000 0.973
2460.000 0.993
2465.000 0.993
2470.000 1.001
2475.000 0.991
2480.000 1.011
2485.000 0.997
2490.000 1.015
2495.000 1.014
2500.000 1.008
2505.000 1.011
2510.000 1.009
2515.000 1.002
2520.000 1.020
2525.000 1.011
2530.000 1.020
2535.000 1.033
2540.000 1.013
2545.000 1.027
2550.000 1.021
2555.000 1.020
2560.000 1.058
2565.000 1.035
2570.000 1.028
2575.000 1.033
2580.000 1.038
2585.000 1.028
2590.000 1.042
2595.000 1.048
2600.000 1.039
2605.000 1.077
2610.000 1.045
2615.000 1.052
2620.000 1.048
2625.000 1.050
2630.000 1.049
2635.000 1.065
2640.000 1.056
2645.000 1.056
2650.000 1.061
2655.000 1.060
2660.000 1.041
2665.000 1.048
2670.000 1.057
2675.000 1.056
2680.000 1.073
2685.000 1.060
2690.000 1.074
2695.000 1.053
2700.000 1.055
2705.000 1.065
2710.000 1.056
2715.000 1.062
2720.000 1.071
2725.000 1.066
2730.000 1.064
2735.000 1.079
2740.000 1.083
2745.000 1.062
2750.000 1.056
2755.000 1.062
2760.000 1.058
2765.000 1.083
2770.000 1.098
2775.000 1.074
2780.000 1.082
2785.000 1.069
2790.000 1.093
2795.000 1.076
2800.000 1.075
2805.000 1.087
2810.000 1.085
2815.000 1.094
2820.000 1.074
2825.000 1.073
2830.000 1.087
2835.000 1.080
2840.000 1.098
2845.000 1.088
2850.000 1.102
2855.000 1.081
2860.000 1.102
2865.000 1.107
2870.000 1.128
2875.000 1.095
2880.000 1.093
2885.000 1.101
2890.000 1.084
2895.000 1.111
2900.000 1.110
2905.000 1.100
2910.000 1.093
2915.000 1.099
2920.000 1.113
2925.000 1.124
2930.000 1.121
2935.000 1.111
2940.000 1.110
2945.000 1.103
2950.000 1.136
2955.000 1.157
2960.000 1.128
2965.000 1.163
2970.000 1.146
2975.000 1.160
2980.000 1.180
2985.000 1.149
2990.000 1.197
2995.000 1.124
3000.000 1.127
3005.000 1.102
3010.000 1.178
3015.000 1.139
3020.000 1.137
3025.000 1.138
3030.000 1.166
3035.000 1.161
3040.000 1.251
3045.000 1.197
3050.000 1.243
3055.000 1.234
3060.000 1.191
3065.000 1.172
3070.000 1.215
3075.000 1.160
3080.000 1.220
3085.000 1.245
3090.000 1.217
3095.000 1.225
3100.000 1.218
3105.000 1.248
3110.000 1.227
3115.000 1.247
3120.000 1.250
3125.000 1.295
3130.000 1.279
3135.000 1.316
3140.000 1.309
3145.000 1.284
3150.000 1.254
3155.000 1.361
3160.000 1.318
3165.000 1.308
3170.000 1.353
3175.000 1.385
3180.000 1.384
3185.000 1.416
3190.000 1.409
3195.000 1.432
3200.000 1.432
3205.000 1.450
3210.000 1.452
3215.000 1.489
3220.000 1.531
3225.000 1.578
3230.000 1.585
3235.000 1.599
3240.000 1.665
3245.000 1.709
3250.000 1.773
3255.000 1.776
3260.000 1.873
3265.000 1.891
3270.000 1.968
3275.000 2.087
3280.000 2.133
3285.000 2.200
3290.000 2.356
3295.000 2.490
3300.000 2.757
3305.000 2.882
3310.000 3.195
3315.000 3.407
3320.000 3.982
3325.000 4.862
3330.000 5.511
3335.000 7.354
3340.000 8.668
3345.000 12.375
3350.000 17.554
3355.000 20.492
3360.000 26.784
3365.000 29.918
3370.000 34.569
3375.000 35.324
3380.000 34.125
3385.000 29.751
3390.000 27.976
3395.000 25.486
3400.000 24.460
3405.000 24.560
3410.000 26.036
3415.000 27.131
3420.000 30.575
3425.000 32.601
3430.000 37.477
3435.000 39.839
3440.000 43.910
3445.000 45.904
3450.000 43.573
3455.000 39.613
3460.000 30.095
3465.000 25.782
3470.000 19.297
3475.000 15.418
3480.000 13.900
3485.000 11.845
3490.000 10.941
3495.000 9.631
3500.000 9.305
3505.000 8.731
3510.000 8.459
3515.000 8.192
3520.000 8.317
3525.000 7.925
3530.000 8.281
3535.000 7.976
3540.000 8.062
3545.000 8.481
3550.000 9.023
3555.000 9.324
3560.000 9.321
3565.000 9.879
3570.000 9.749
3575.000 10.128
3580.000 10.904
3585.000 12.260
3590.000 12.218
3595.000 15.003
3600.000 16.132
3605.000 19.974
3610.000 26.007
3615.000 29.090
3620.000 34.184
3625.000 35.529
3630.000 32.475
3635.000 23.812
3640.000 19.638
3645.000 14.261
3650.000 12.251
3655.000 9.497
3660.000 7.738
3665.000 7.037
3670.000 5.977
3675.000 5.647
3680.000 5.045
3685.000 4.657
3690.000 4.408
3695.000 3.997
3700.000 3.759
3705.000 3.414
3710.000 3.135
3715.000 3.030
3720.000 2.847
3725.000 2.777
3730.000 2.639
3735.000 2.572
3740.000 2.585
3745.000 2.560
3750.000 2.565
3755.000 2.597
3760.000 2.697
3765.000 2.773
3770.000 2.933
3775.000 3.050
3780.000 3.394
3785.000 3.805
3790.000 4.042
3795.000 4.507
3800.000 4.842
3805.000 5.726
3810.000 6.869
3815.000 7.630
3820.000 9.698
3825.000 11.070
3830.000 15.012
3835.000 20.117
3840.000 22.971
3845.000 28.936
3850.000 31.539
3855.000 35.015
3860.000 34.757
3865.000 31.994
3870.000 24.315
3875.000 20.949
3880.000 15.810
3885.000 12.309
3890.000 11.083
3895.000 9.210
3900.000 8.525
3905.000 7.437
3910.000 6.640
3915.000 6.315
3920.000 5.924
3925.000 5.818
3930.000 5.669
3935.000 5.524
3940.000 5.443
3945.000 5.293
3950.000 5.295
3955.000 5.241
3960.000 5.193
3965.000 5.186
3970.000 5.184
3975.000 5.187
3980.000 5.190
3985.000 5.260
3990.000 5.331
3995.000 5.375
4000.000 5.526
4005.000 5.593
4010.000 5.860
4015.000 5.971
4020.000 6.262
4025.000 6.401
4030.000 6.753
4035.000 7.380
4040.000 7.718
4045.000 8.515
4050.000 9.070
4055.000 10.613
4060.000 12.886
4065.000 14.247
4070.000 17.177
4075.000 18.730
4080.000 19.778
4085.000 19.057
4090.000 15.282
4095.000 11.359
4100.000 9.771
4105.000 7.392
4110.000 6.533
4115.000 5.256
4120.000 4.424
4125.000 4.100
4130.000 3.590
4135.000 3.443
4140.000 2.970
4145.000 2.594
4150.000 2.490
4155.000 2.238
4160.000 2.128
4165.000 1.926
4170.000 1.676
4175.000 1.684
4180.000 1.588
4185.000 1.582
4190.000 1.529
4195.000 1.489
4200.000 1.562
4205.000 1.602
4210.000 1.660
4215.000 1.773
4220.000 1.977
4225.000 2.096
4230.000 2.378
4235.000 2.580
4240.000 3.059
4245.000 3.343
4250.000 4.047
4255.000 5.289
4260.000 6.122
4265.000 8.386
4270.000 9.839
4275.000 13.486
4280.000 17.267
4285.000 18.822
4290.000 20.310
4295.000 19.919
4300.000 16.704
4305.000 12.830
4310.000 11.136
4315.000 8.477
4320.000 7.508
4325.000 6.081
4330.000 5.086
4335.000 4.698
4340.000 4.135
4345.000 3.746
4350.000 3.610
4355.000 3.464
4360.000 3.377
4365.000 3.259
4370.000 3.168
4375.000 3.133
4380.000 3.079
4385.000 3.039
4390.000 3.024
4395.000 3.029
4400.000 2.990
4405.000 3.007
4410.000 3.009
4415.000 3.053
4420.000 3.096
4425.000 3.152
4430.000 3.213
4435.000 3.271
4440.000 3.384
4445.000 3.568
4450.000 3.679
4455.000 3.872
4460.000 4.056
4465.000 4.409
4470.000 4.855
4475.000 5.138
4480.000 5.828
4485.000 6.159
4490.000 6.588
4495.000 6.208
4500.000 5.660
4505.000 4.266
4510.000 3.644
4515.000 2.713
4520.000 2.089
4525.000 1.842
4530.000 1.477
4535.000 1.336
4540.000 1.094
4545.000 0.920
4550.000 0.851
4555.000 0.756
4560.000 0.732
4565.000 0.663
4570.000 0.634
4575.000 0.605
4580.000 0.591
4585.000 0.578
4590.000 0.541
4595.000 0.522
4600.000 0.519
4605.000 0.495
4610.000 0.484
4615.000 0.443
4620.000 0.395
4625.000 0.374
4630.000 0.336
4635.000 0.314
4640.000 0.284
4645.000 0.349
4650.000 0.421
4655.000 0.683
4660.000 0.921
4665.000 1.709
4670.000 2.449
4675.000 3.674
4680.000 4.058
4685.000 4.172
4690.000 3.792
4695.000 3.660
4700.000 3.312
4705.000 3.004
4710.000 2.868
4715.000 2.701
4720.000 2.595
4725.000 2.390
4730.000 2.283
4735.000 2.129
4740.000 1.959
4745.000 1.901
4750.000 1.771
4755.000 1.713
4760.000 1.676
4765.000 1.645
4770.000 1.629
4775.000 1.592
4780.000 1.591
4785.000 1.566
4790.000 1.539
4795.000 1.549
4800.000 1.542
4805.000 1.538
4810.000 1.525
4815.000 1.538
4820.000 1.531
4825.000 1.528
4830.000 1.517
4835.000 1.543
4840.000 1.550
4845.000 1.538
4850.000 1.567
4855.000 1.530
4860.000 1.547
4865.000 1.585
4870.000 1.608
4875.000 1.618
4880.000 1.608
4885.000 1.569
4890.000 1.485
4895.000 1.448
4900.000 1.389
4905.000 1.357
4910.000 1.396
4915.000 1.346
4920.000 1.342
4925.000 1.343
4930.000 1.381
4935.000 1.376
4940.000 1.343
4945.000 1.353
4950.000 1.313
4955.000 1.312
4960.000 1.325
4965.000 1.332
4970.000 1.334
4975.000 1.352
4980.000 1.340
4985.000 1.359
4990.000 1.363
4995.000 1.342
5000.000 1.366
5005.000 1.381
5010.000 1.364
5015.000 1.357
5020.000 1.357
5025.000 1.376
5030.000 1.372
5035.000 1.386
5040.000 1.371
5045.000 1.407
5050.000 1.354
5055.000 1.375
5060.000 1.419
5065.000 1.369
5070.000 1.371
5075.000 1.398
5080.000 1.400
5085.000 1.423
5090.000 1.405
5095.000 1.379
5100.000 1.417
5105.000 1.412
5110.000 1.384
5115.000 1.391
5120.000 1.416
5125.000 1.406
5130.000 1.432
5135.000 1.423
5140.000 1.473
5145.000 1.426
5150.000 1.399
5155.000 1.410
5160.000 1.375
5165.000 1.366
5170.000 1.402
5175.000 1.398
5180.000 1.417
5185.000 1.396
5190.000 1.403
5195.000 1.410
5200.000 1.398
5205.000 1.414
5210.000 1.399
5215.000 1.431
5220.000 1.423
5225.000 1.429
5230.000 1.424
5235.000 1.448
5240.000 1.442
5245.000 1.439
5250.000 1.455
5255.000 1.430
5260.000 1.465
5265.000 1.447
5270.000 1.441
5275.000 1.442
5280.000 1.433
5285.000 1.442
5290.000 1.455
5295.000 1.432
5300.000 1.450
5305.000 1.441
5310.000 1.464
5315.000 1.460
5320.000 1.465
5325.000 1.460
5330.000 1.471
5335.000 1.442
5340.000 1.452
5345.000 1.446
5350.000 1.470
5355.000 1.484
5360.000 1.485
5365.000 1.472
5370.000 1.464
5375.000 1.460
5380.000 1.481
5385.000 1.476
5390.000 1.482
5395.000 1.471
5400.000 1.482
5405.000 1.473
5410.000 1.477
5415.000 1.490
5420.000 1.485
5425.000 1.487
5430.000 1.481
5435.000 1.475
5440.000 1.498
5445.000 1.503
5450.000 1.487
5455.000 1.485
5460.000 1.491
5465.000 1.508
5470.000 1.499
5475.000 1.498
5480.000 1.489
5485.000 1.511
5490.000 1.505
5495.000 1.500
5500.000 1.493
5505.000 1.521
5510.000 1.504
5515.000 1.512
5520.000 1.514
5525.000 1.496
5530.000 1.490
5535.000 1.474
5540.000 1.457
5545.000 1.464
5550.000 1.487
5555.000 1.472
5560.000 1.445
5565.000 1.491
5570.000 1.512
5575.000 1.520
5580.000 1.524
5585.000 1.510
5590.000 1.496
5595.000 1.473
5600.000 1.493
5605.000 1.506
5610.000 1.498
5615.000 1.500
5620.000 1.502
5625.000 1.527
5630.000 1.521
5635.000 1.501
5640.000 1.514
5645.000 1.531
5650.000 1.549
5655.000 1.550
5660.000 1.528
5665.000 1.535
5670.000 1.518
5675.000 1.543
5680.000 1.519
5685.000 1.550
5690.000 1.551
5695.000 1.536
5700.000 1.554
5705.000 1.561
5710.000 1.557
5715.000 1.546
5720.000 1.572
5725.000 1.560
5730.000 1.560
5735.000 1.578
5740.000 1.566
5745.000 1.574
5750.000 1.573
5755.000 1.597
5760.000 1.569
5765.000 1.558
5770.000 1.568
5775.000 1.575
5780.000 1.593
5785.000 1.573
5790.000 1.569
5795.000 1.562
5800.000 1.603
5805.000 1.600
5810.000 1.592
5815.000 1.576
5820.000 1.568
5825.000 1.575
5830.000 1.589
5835.000 1.593
5840.000 1.574
5845.000 1.602
5850.000 1.600
5855.000 1.613
5860.000 1.590
5865.000 1.595
5870.000 1.586
5875.000 1.585
5880.000 1.595
5885.000 1.604
5890.000 1.603
5895.000 1.640
5900.000 1.614
5905.000 1.623
5910.000 1.633
5915.000 1.629
5920.000 1.607
5925.000 1.609
5930.000 1.643
5935.000 1.646
5940.000 1.657
5945.000 1.640
5950.000 1.633
5955.000 1.631
5960.000 1.624
5965.000 1.654
5970.000 1.634
5975.000 1.656
5980.000 1.679
5985.000 1.630
5990.000 1.660
5995.000 1.663
6000.000 1.717
6005.000 1.674
6010.000 1.641
6015.000 1.677
6020.000 1.683
6025.000 1.656
6030.000 1.671
6035.000 1.678
6040.000 1.675
6045.000 1.677
6050.000 1.640
6055.000 1.680
6060.000 1.692
6065.000 1.710
6070.000 1.710
6075.000 1.692
6080.000 1.678
6085.000 1.692
6090.000 1.677
6095.000 1.704
6100.000 1.676
6105.000 1.657
6110.000 1.696
6115.000 1.712
6120.000 1.701
6125.000 1.711
6130.000 1.737
6135.000 1.710
6140.000 1.704
6145.000 1.714
6150.000 1.708
6155.000 1.694
6160.000 1.741
6165.000 1.722
6170.000 1.732
6175.000 1.725
6180.000 1.748
6185.000 1.711
6190.000 1.737
6195.000 1.739
6200.000 1.738
6205.000 1.736
6210.000 1.720
6215.000 1.669
6220.000 1.677
6225.000 1.696
6230.000 1.675
6235.000 1.681
6240.000 1.652
6245.000 1.695
6250.000 1.671
6255.000 1.673
6260.000 1.681
6265.000 1.724
6270.000 1.710
6275.000 1.735
6280.000 1.729
6285.000 1.734
6290.000 1.725
6295.000 1.729
6300.000 1.733
6305.000 1.738
6310.000 1.697
6315.000 1.719
6320.000 1.733
6325.000 1.732
6330.000 1.748
6335.000 1.734
6340.000 1.730
6345.000 1.742
6350.000 1.745
6355.000 1.754
6360.000 1.745
6365.000 1.738
6370.000 1.740
6375.000 1.737
6380.000 1.746
6385.000 1.749
6390.000 1.747
6395.000 1.726
6400.000 1.759
6405.000 1.742
6410.000 1.723
6415.000 1.754
6420.000 1.730
6425.000 1.759
6430.000 1.725
6435.000 1.730
6440.000 1.736
6445.000 1.775
6450.000 1.751
6455.000 1.759
6460.000 1.762
6465.000 1.754
6470.000 1.744
6475.000 1.725
6480.000 1.725
6485.000 1.740
6490.000 1.751
6495.000 1.753
6500.000 1.729
6505.000 1.704
6510.000 1.694
6515.000 1.703
6520.000 1.686
6525.000 1.661
6530.000 1.668
6535.000 1.647
6540.000 1.656
6545.000 1.651
6550.000 1.658
6555.000 1.650
6560.000 1.669
6565.000 1.681
6570.000 1.650
6575.000 1.680
6580.000 1.690
6585.000 1.702
6590.000 1.691
6595.000 1.668
6600.000 1.696
6605.000 1.685
6610.000 1.701
6615.000 1.723
6620.000 1.707
6625.000 1.753
6630.000 1.819
6635.000 1.911
6640.000 1.949
6645.000 2.065
6650.000 2.310
6655.000 2.872
6660.000 3.914
6665.000 4.793
6670.000 7.604
6675.000 9.531
6680.000 14.314
6685.000 19.040
6690.000 21.155
6695.000 23.079
6700.000 25.295
6705.000 25.310
6710.000 24.562
6715.000 24.417
6720.000 24.673
6725.000 25.028
6730.000 26.494
6735.000 28.699
6740.000 30.239
6745.000 33.742
6750.000 36.081
6755.000 39.571
6760.000 40.629
6765.000 39.923
6770.000 37.228
6775.000 30.449
6780.000 24.653
6785.000 22.274
6790.000 18.500
6795.000 15.798
6800.000 14.782
6805.000 13.206
6810.000 12.648
6815.000 11.959
6820.000 11.616
6825.000 11.628
6830.000 12.030
6835.000 12.435
6840.000 13.862
6845.000 14.837
6850.000 17.548
6855.000 21.588
6860.000 24.488
6865.000 31.398
6870.000 34.782
6875.000 40.009
6880.000 41.650
6885.000 40.605
6890.000 33.813
6895.000 26.120
6900.000 22.938
6905.000 18.263
6910.000 16.622
6915.000 14.250
6920.000 13.382
6925.000 12.010
6930.000 11.245
6935.000 11.054
6940.000 10.742
6945.000 10.653
6950.000 10.508
6955.000 10.476
6960.000 10.540
6965.000 10.636
6970.000 10.673
6975.000 10.934
6980.000 11.335
6985.000 11.562
6990.000 12.119
6995.000 12.406
7000.000 13.294
7005.000 14.565
7010.000 15.355
7015.000 17.600
7020.000 20.947
7025.000 23.268
7030.000 28.686
7035.000 31.325
7040.000 35.219
7045.000 35.376
7050.000 33.440
7055.000 27.058
7060.000 23.796
7065.000 18.508
7070.000 15.059
7075.000 13.842
7080.000 11.988
7085.000 11.376
7090.000 10.535
7095.000 9.916
7100.000 9.699
7105.000 9.425
7110.000 9.305
7115.000 9.161
7120.000 9.152
7125.000 9.193
7130.000 9.259
7135.000 9.355
7140.000 9.653
7145.000 10.071
7150.000 10.294
7155.000 10.901
7160.000 11.256
7165.000 12.205
7170.000 13.547
7175.000 14.438
7180.000 16.832
7185.000 18.327
7190.000 22.429
7195.000 28.028
7200.000 31.029
7205.000 36.029
7210.000 37.419
7215.000 37.835
7220.000 33.512
7225.000 30.135
7230.000 23.689
7235.000 21.002
7240.000 17.084
7245.000 14.528
7250.000 13.592
7255.000 12.086
7260.000 11.589
7265.000 10.908
7270.000 10.464
7275.000 10.305
7280.000 10.027
7285.000 9.933
7290.000 9.793
7295.000 9.795
7300.000 9.805
7305.000 9.890
7310.000 10.023
7315.000 10.267
7320.000 10.645
7325.000 10.909
7330.000 11.581
7335.000 11.950
7340.000 12.887
7345.000 13.591
7350.000 15.168
7355.000 17.130
7360.000 18.636
7365.000 20.069
7370.000 20.294
7375.000 19.096
7380.000 16.117
7385.000 14.528
7390.000 11.903
7395.000 10.926
7400.000 9.340
7405.000 8.148
7410.000 7.640
7415.000 6.901
7420.000 6.611
7425.000 6.085
7430.000 5.707
7435.000 5.594
7440.000 5.368
7445.000 5.302
7450.000 5.181
7455.000 5.168
7460.000 5.168
7465.000 5.232
7470.000 5.348
7475.000 5.558
7480.000 5.851
7485.000 6.061
7490.000 6.480
7495.000 6.784
7500.000 7.573
7505.000 8.788
7510.000 9.577
7515.000 11.560
7520.000 12.738
7525.000 15.099
7530.000 16.568
7535.000 16.520
7540.000 14.627
7545.000 13.285
7550.000 10.624
7555.000 8.502
7560.000 7.729
7565.000 6.504
7570.000 6.022
7575.000 5.422
7580.000 4.943
7585.000 4.758
7590.000 4.442
7595.000 4.289
7600.000 4.071
7605.000 3.989
7610.000 3.804
7615.000 3.566
7620.000 3.518
7625.000 3.369
7630.000 3.230
7635.000 3.072
7640.000 2.867
7645.000 2.862
7650.000 2.660
7655.000 2.425
7660.000 2.250
7665.000 2.048
7670.000 1.546
7675.000 0.991
7680.000 0.579
7685.000 0.463
7690.000 0.494
7695.000 0.551
7700.000 0.700
7705.000 0.799
7710.000 0.848
7715.000 0.922
7720.000 0.947
7725.000 0.994
7730.000 1.028
7735.000 1.052
7740.000 1.069
7745.000 1.101
7750.000 1.126
7755.000 1.134
7760.000 1.148
7765.000 1.176
7770.000 1.164
7775.000 1.195
7780.000 1.199
7785.000 1.202
7790.000 1.219
7795.000 1.234
7800.000 1.237
7805.000 1.251
7810.000 1.249
7815.000 1.266
7820.000 1.254
7825.000 1.271
7830.000 1.300
7835.000 1.306
7840.000 1.327
7845.000 1.355
7850.000 1.397
7855.000 1.439
7860.000 1.481
7865.000 1.531
7870.000 1.532
7875.000 1.518
7880.000 1.483
7885.000 1.465
7890.000 1.400
7895.000 1.415
7900.000 1.403
7905.000 1.374
7910.000 1.366
7915.000 1.359
7920.000 1.357
7925.000 1.332
7930.000 1.346
7935.000 1.346
7940.000 1.343
7945.000 1.330
7950.000 1.330
7955.000 1.342
7960.000 1.338
7965.000 1.345
7970.000 1.353
7975.000 1.366
7980.000 1.330
7985.000 1.349
7990.000 1.344
7995.000 1.348
8000.000 1.348
8005.000 1.356
8010.000 1.365
8015.000 1.366
8020.000 1.359
8025.000 1.359
8030.000 1.378
8035.000 1.352
8040.000 1.376
8045.000 1.377
8050.000 1.381
8055.000 1.377
8060.000 1.377
8065.000 1.385
8070.000 1.387
8075.000 1.390
8080.000 1.383
8085.000 1.412
8090.000 1.408
8095.000 1.415
8100.000 1.412
8105.000 1.408
8110.000 1.417
8115.000 1.412
8120.000 1.419
8125.000 1.440
8130.000 1.444
8135.000 1.445
8140.000 1.471
8145.000 1.483
8150.000 1.478
8155.000 1.488
8160.000 1.476
8165.000 1.495
8170.000 1.484
8175.000 1.508
8180.000 1.512
8185.000 1.516
8190.000 1.506
8195.000 1.535
8200.000 1.522
8205.000 1.536
8210.000 1.534
8215.000 1.543
8220.000 1.533
8225.000 1.538
8230.000 1.549
8235.000 1.540
8240.000 1.554
8245.000 1.536
8250.000 1.549
8255.000 1.567
8260.000 1.560
8265.000 1.551
8270.000 1.542
8275.000 1.545
8280.000 1.564
8285.000 1.563
8290.000 1.563
8295.000 1.568
8300.000 1.586
8305.000 1.573
8310.000 1.572
8315.000 1.570
8320.000 1.577
8325.000 1.596
8330.000 1.603
8335.000 1.587
8340.000 1.603
8345.000 1.596
8350.000 1.593
8355.000 1.595
8360.000 1.592
8365.000 1.622
8370.000 1.633
8375.000 1.613
8380.000 1.619
8385.000 1.608
8390.000 1.612
8395.000 1.635
8400.000 1.645
8405.000 1.629
8410.000 1.643
8415.000 1.636
8420.000 1.667
8425.000 1.656
8430.000 1.663
8435.000 1.659
8440.000 1.655
8445.000 1.658
8450.000 1.669
8455.000 1.677
8460.000 1.670
8465.000 1.700
8470.000 1.693
8475.000 1.683
8480.000 1.691
8485.000 1.682
8490.000 1.692
8495.000 1.688
8500.000 1.706
8505.000 1.708
8510.000 1.720
8515.000 1.688
8520.000 1.703
8525.000 1.702
8530.000 1.718
8535.000 1.716
8540.000 1.730
8545.000 1.728
8550.000 1.739
8555.000 1.720
8560.000 1.725
8565.000 1.725
8570.000 1.726
8575.000 1.718
8580.000 1.714
8585.000 1.715
8590.000 1.717
8595.000 1.722
8600.000 1.730
8605.000 1.717
8610.000 1.727
8615.000 1.716
8620.000 1.728
8625.000 1.744
8630.000 1.722
8635.000 1.724
8640.000 1.725
8645.000 1.731
8650.000 1.732
8655.000 1.744
8660.000 1.725
8665.000 1.706
8670.000 1.734
8675.000 1.728
8680.000 1.728
8685.000 1.712
8690.000 1.717
8695.000 1.722
8700.000 1.710
8705.000 1.740
8710.000 1.721
8715.000 1.727
8720.000 1.709
8725.000 1.707
8730.000 1.727
8735.000 1.689
8740.000 1.712
8745.000 1.722
8750.000 1.698
8755.000 1.721
8760.000 1.708
8765.000 1.705
8770.000 1.716
8775.000 1.722
8780.000 1.728
8785.000 1.723
8790.000 1.727
8795.000 1.718
8800.000 1.701
8805.000 1.718
8810.000 1.700
8815.000 1.688
8820.000 1.715
8825.000 1.717
8830.000 1.691
8835.000 1.717
8840.000 1.730
8845.000 1.736
8850.000 1.719
8855.000 1.710
8860.000 1.720
8865.000 1.717
8870.000 1.723
8875.000 1.712
8880.000 1.723
8885.000 1.704
8890.000 1.716
8895.000 1.719
8900.000 1.729
8905.000 1.716
8910.000 1.729
8915.000 1.744
8920.000 1.752
8925.000 1.745
8930.000 1.744
8935.000 1.737
8940.000 1.713
8945.000 1.722
8950.000 1.715
8955.000 1.730
8960.000 1.728
8965.000 1.756
8970.000 1.738
8975.000 1.769
8980.000 1.714
8985.000 1.717
8990.000 1.728
8995.000 1.732
9000.000 1.738
9005.000 1.737
9010.000 1.719
9015.000 1.730
9020.000 1.731
9025.000 1.724
9030.000 1.739
9035.000 1.706
9040.000 1.733
9045.000 1.706
9050.000 1.735
9055.000 1.726
9060.000 1.751
9065.000 1.722
9070.000 1.717
9075.000 1.728
9080.000 1.728
9085.000 1.731
9090.000 1.725
9095.000 1.714
9100.000 1.733
9105.000 1.738
9110.000 1.749
9115.000 1.735
9120.000 1.754
9125.000 1.733
9130.000 1.728
9135.000 1.699
9140.000 1.714
9145.000 1.734
9150.000 1.709
9155.000 1.729
9160.000 1.732
9165.000 1.716
9170.000 1.698
9175.000 1.724
9180.000 1.715
9185.000 1.731
9190.000 1.739
9195.000 1.722
9200.000 1.725
9205.000 1.734
9210.000 1.716
9215.000 1.709
9220.000 1.701
9225.000 1.672
9230.000 1.679
9235.000 1.667
9240.000 1.671
9245.000 1.687
9250.000 1.697
9255.000 1.700
9260.000 1.709
9265.000 1.708
9270.000 1.684
9275.000 1.678
9285.000 1.752
9290.000 1.718
9295.000 1.731
9300.000 1.719
9305.000 1.703
9310.000 1.718
9315.000 1.718
9320.000 1.718
9325.000 1.704
9330.000 1.685
9335.000 1.711
9340.000 1.702
9345.000 1.696
9350.000 1.674
9355.000 1.698
9360.000 1.695
9365.000 1.683
9370.000 1.693
9375.000 1.680
9385.000 1.750
9390.000 1.700
9395.000 1.728
9400.000 1.725
9405.000 1.696
9410.000 1.686
9415.000 1.711
9420.000 1.698
9425.000 1.704
9430.000 1.703
9435.000 1.715
9440.000 1.705
9445.000 1.696
9450.000 1.702
9455.000 1.678
9460.000 1.692
9465.000 1.664
9470.000 1.693
9475.000 1.690
9480.000 1.700
9485.000 1.678
9490.000 1.657
9495.000 1.696
9500.000 1.690
9505.000 1.710
9510.000 1.686
9515.000 1.702
9520.000 1.683
9525.000 1.689
9530.000 1.676
9535.000 1.676
9540.000 1.686
9545.000 1.684
9550.000 1.683
9555.000 1.670
9560.000 1.675
9565.000 1.657
9570.000 1.677
9580.000 1.699
9585.000 1.695
9590.000 1.688
9595.000 1.669
9600.000 1.705
9605.000 1.693
9610.000 1.691
9615.000 1.687
9620.000 1.699
9625.000 1.676
9630.000 1.663
9635.000 1.666
9640.000 1.677
9645.000 1.672
9650.000 1.676
9655.000 1.671
9660.000 1.657
9665.000 1.653
9670.000 1.663
9675.000 1.680
9680.000 1.671
9685.000 1.671
9690.000 1.675
9695.000 1.670
9700.000 1.664
9705.000 1.677
9710.000 1.665
9715.000 1.658
9720.000 1.668
9725.000 1.692
9730.000 1.664
9735.000 1.684
9740.000 1.677
9745.000 1.682
9750.000 1.680
9755.000 1.691
9760.000 1.681
9765.000 1.681
9770.000 1.677
9775.000 1.656
9780.000 1.679
9785.000 1.680
9790.000 1.669
9795.000 1.658
9800.000 1.654
9805.000 1.662
9810.000 1.654
9815.000 1.639
9820.000 1.644
9825.000 1.649
9830.000 1.640
9835.000 1.640
9840.000 1.620
9845.000 1.630
9850.000 1.642
9855.000 1.614
9860.000 1.621
9865.000 1.623
9870.000 1.608
9875.000 1.606
9880.000 1.600
9885.000 1.594
9890.000 1.582
9895.000 1.533
9900.000 1.538
9905.000 1.495
9910.000 1.478
9915.000 1.443
9920.000 1.367
9925.000 1.327
9930.000 1.230
9935.000 1.169
9940.000 1.030
9945.000 0.859
9950.000 0.808
9955.000 0.917
9960.000 1.188
9965.000 2.328
9970.000 3.671
9975.000 4.228
9980.000 4.961
9985.000 5.189
9990.000 5.494
9995.000 5.716
10000.000 5.892
10005.000 6.226
10010.000 6.449
10015.000 6.994
10020.000 7.698
10025.000 8.218
10030.000 9.381
10035.000 10.183
10040.000 11.719
10045.000 13.747
10050.000 14.624
10055.000 15.495
10060.000 15.183
10065.000 13.500
10070.000 11.207
10075.000 10.098
10080.000 8.278
10085.000 7.550
10090.000 6.405
10095.000 5.675
10100.000 5.375
10105.000 5.038
10110.000 4.954
10115.000 4.906
10120.000 5.092
10125.000 5.236
10130.000 5.947
10135.000 6.489
10140.000 8.022
10145.000 10.218
10150.000 11.522
10155.000 13.788
10160.000 15.055
10165.000 16.244
10170.000 14.969
10175.000 13.900
10180.000 11.652
10185.000 10.785
10190.000 9.325
10195.000 8.303
10200.000 7.891
10205.000 7.375
10210.000 7.207
10215.000 7.058
10220.000 7.056
10225.000 7.089
10230.000 7.138
10235.000 7.278
10240.000 7.543
10245.000 7.897
10250.000 8.126
10255.000 8.663
10260.000 8.968
10265.000 9.806
10270.000 10.269
10275.000 11.532
10280.000 13.125
10285.000 13.991
10290.000 15.630
10295.000 16.606
10300.000 16.571
10305.000 15.222
10310.000 14.217
10315.000 12.114
10320.000 11.188
10325.000 9.978
10330.000 9.437
10335.000 8.524
10340.000 7.810
10345.000 7.239
10350.000 7.005
10355.000 6.699
10360.000 6.575
10365.000 6.431
10370.000 6.360
10375.000 6.374
10380.000 6.472
10385.000 6.532
10390.000 6.826
10395.000 7.234
10400.000 7.487
10405.000 8.178
10410.000 8.608
10415.000 9.790
10420.000 11.379
10425.000 12.317
10430.000 14.034
10435.000 14.740
10440.000 15.407
10445.000 14.654
10450.000 13.927
10455.000 12.250
10460.000 11.467
10465.000 10.144
10470.000 9.261
10475.000 8.885
10480.000 8.387
10485.000 8.193
10490.000 7.875
10495.000 7.745
10500.000 7.540
10505.000 7.489
10510.000 7.470
10515.000 7.499
10520.000 7.543
10525.000 7.710
10530.000 7.964
10535.000 8.129
10540.000 8.504
10545.000 8.727
10550.000 9.266
10555.000 9.957
10560.000 10.305
10565.000 10.645
10570.000 11.203
10575.000 11.362
10580.000 11.286
10585.000 10.807
10590.000 9.921
10595.000 9.394
10600.000 8.230
10605.000 7.113
10610.000 6.604
10615.000 5.767
10620.000 5.401
10625.000 4.790
10630.000 4.317
10635.000 3.920
10640.000 3.752
10645.000 3.603
10650.000 3.251
10655.000 3.064
10660.000 2.986
10665.000 2.892
10670.000 2.830
10675.000 2.792
10680.000 2.817
10685.000 2.811
10690.000 2.878
10695.000 2.943
10700.000 3.097
10705.000 3.385
10710.000 3.544
10715.000 4.031
10720.000 4.297
10725.000 4.813
10730.000 5.074
10735.000 5.070
10740.000 4.804
10745.000 4.638
10750.000 4.261
10755.000 3.981
10760.000 3.881
10765.000 3.673
10770.000 3.602
10775.000 3.478
10780.000 3.423
10785.000 3.325
10790.000 3.290
10795.000 3.252
10800.000 3.270
10805.000 3.269
10810.000 3.317
10815.000 3.330
10820.000 3.398
10825.000 3.508
10830.000 3.629
10835.000 3.682
10840.000 3.715
10845.000 3.693
10850.000 3.491
10855.000 3.149
10860.000 2.946
10865.000 2.741
10870.000 2.325
10875.000 2.039
10880.000 1.904
10885.000 1.745
10890.000 1.671
10895.000 1.579
10900.000 1.528
10905.000 1.475
10910.000 1.448
10915.000 1.433
10920.000 1.420
10925.000 1.407
10930.000 1.421
10935.000 1.415
10940.000 1.426
10945.000 1.409
10950.000 1.378
10955.000 1.358
10960.000 1.358
10965.000 1.331
10970.000 1.319
10975.000 1.288
10980.000 1.266
10985.000 1.265
10990.000 1.275
10995.000 1.271
11000.000 1.336
11005.000 1.404
11010.000 1.455
11015.000 1.525
11020.000 1.536
11025.000 1.552
11030.000 1.569
11035.000 1.589
11040.000 1.625
11045.000 1.635
11050.000 1.615
11055.000 1.579
11060.000 1.600
11065.000 1.573
11070.000 1.556
11075.000 1.569
11080.000 1.579
11085.000 1.578
11090.000 1.572
11095.000 1.577
11100.000 1.574
11105.000 1.566
11110.000 1.564
11115.000 1.555
11120.000 1.565
11125.000 1.545
11130.000 1.541
11135.000 1.546
11140.000 1.539
11145.000 1.541
11150.000 1.527
11155.000 1.545
11160.000 1.548
11165.000 1.549
11170.000 1.556
11175.000 1.546
11180.000 1.550
11185.000 1.540
11190.000 1.553
11195.000 1.554
11200.000 1.536
11205.000 1.551
11210.000 1.545
11215.000 1.539
11220.000 1.538
11225.000 1.531
11230.000 1.545
11235.000 1.531
11240.000 1.530
11245.000 1.545
11250.000 1.529
11255.000 1.537
11260.000 1.523
11265.000 1.523
11270.000 1.532
11275.000 1.517
11280.000 1.518
11285.000 1.496
11290.000 1.528
11295.000 1.535
11300.000 1.529
11305.000 1.519
11310.000 1.513
11315.000 1.518
11320.000 1.506
11325.000 1.529
11330.000 1.524
11335.000 1.529
11340.000 1.530
11345.000 1.541
11350.000 1.547
11355.000 1.528
11360.000 1.542
11365.000 1.525
11370.000 1.524
11375.000 1.533
11380.000 1.532
11385.000 1.537
11390.000 1.518
11395.000 1.542
11400.000 1.534
11405.000 1.532
11410.000 1.514
11415.000 1.528
11420.000 1.536
11425.000 1.517
11430.000 1.505
11435.000 1.516
11440.000 1.515
11445.000 1.512
11450.000 1.512
11455.000 1.504
11460.000 1.509
11465.000 1.512
11470.000 1.490
11475.000 1.503
11480.000 1.510
11485.000 1.493
11490.000 1.492
11495.000 1.502
11500.000 1.515
11505.000 1.495
11510.000 1.497
11515.000 1.488
11520.000 1.504
11525.000 1.502
11530.000 1.493
11535.000 1.507
11540.000 1.503
11545.000 1.498
11550.000 1.495
11555.000 1.501
11560.000 1.506
11565.000 1.495
11570.000 1.504
11575.000 1.482
11580.000 1.496
11585.000 1.514
11590.000 1.484
11595.000 1.493
11600.000 1.482
11605.000 1.491
11610.000 1.484
11615.000 1.470
11620.000 1.493
11625.000 1.483
11630.000 1.491
11635.000 1.486
11640.000 1.488
11645.000 1.497
11650.000 1.485
11655.000 1.506
11660.000 1.487
11665.000 1.473
11670.000 1.478
11675.000 1.461
11680.000 1.468
11685.000 1.482
11690.000 1.484
11695.000 1.486
11700.000 1.472
11705.000 1.485
11710.000 1.494
11715.000 1.500
11720.000 1.498
11725.000 1.472
11730.000 1.468
11735.000 1.475
11740.000 1.465
11745.000 1.461
11750.000 1.469
11755.000 1.471
11760.000 1.479
11765.000 1.475
11770.000 1.478
11775.000 1.470
11780.000 1.459
11785.000 1.446
11790.000 1.460
11795.000 1.470
11800.000 1.446
11805.000 1.452
11810.000 1.468
11815.000 1.474
11820.000 1.451
11825.000 1.446
11830.000 1.450
11835.000 1.450
11840.000 1.443
11845.000 1.475
11850.000 1.460
11855.000 1.470
11860.000 1.461
11865.000 1.467
11870.000 1.452
11875.000 1.462
11880.000 1.448
11885.000 1.446
11890.000 1.445
11895.000 1.453
11900.000 1.439
11905.000 1.463
11910.000 1.449
11915.000 1.448
11920.000 1.367
11925.000 1.400
11930.000 1.384
11935.000 1.384
11940.000 1.409
11945.000 1.403
11950.000 1.396
11955.000 1.394
11960.000 1.390
11965.000 1.413
11970.000 1.418
11975.000 1.412
11980.000 1.416
11985.000 1.421
11995.000 1.580
12000.000 1.531
