105.000 0.120
110.000 0.280
115.000 0.782
120.000 0.727
125.000 0.843
130.000 0.883
135.000 0.690
140.000 0.983
145.000 0.697
150.000 0.776
155.000 0.775
160.000 0.843
165.000 1.047
170.000 1.324
175.000 2.075
180.000 3.101
185.000 2.571
190.000 3.567
195.000 3.973
200.000 5.146
205.000 5.547
210.000 7.168
215.000 12.332
220.000 9.392
225.000 14.489
230.000 17.102
235.000 17.323
240.000 19.399
245.000 21.194
250.000 19.945
255.000 21.603
260.000 23.474
265.000 24.231
270.000 24.205
275.000 25.125
280.000 25.555
285.000 23.817
290.000 23.974
295.000 24.948
300.000 23.931
305.000 23.612
310.000 23.088
315.000 23.440
320.000 23.085
325.000 22.998
330.000 22.866
335.000 22.924
340.000 23.087
345.000 23.438
350.000 23.849
355.000 24.564
360.000 25.068
365.000 25.861
370.000 25.926
375.000 26.966
380.000 28.040
385.000 28.494
390.000 29.737
395.000 30.286
400.000 31.514
405.000 32.962
410.000 33.484
415.000 35.093
420.000 35.883
425.000 37.616
430.000 39.452
435.000 40.633
440.000 42.344
445.000 43.470
450.000 45.656
455.000 48.142
460.000 49.229
465.000 51.409
470.000 52.481
475.000 54.277
480.000 55.912
485.000 56.535
490.000 57.363
495.000 57.435
500.000 55.688
505.000 51.242
510.000 47.936
515.000 39.970
520.000 36.370
525.000 29.614
530.000 24.920
535.000 22.716
540.000 19.238
545.000 17.710
550.000 15.117
555.000 13.221
560.000 12.412
565.000 11.170
570.000 10.636
575.000 9.741
580.000 8.888
585.000 8.559
590.000 8.016
595.000 7.831
600.000 7.346
605.000 6.977
610.000 6.894
615.000 6.510
620.000 6.393
625.000 6.096
630.000 5.870
635.000 5.721
640.000 5.534
645.000 5.532
650.000 5.376
655.000 5.366
660.000 5.338
665.000 5.398
670.000 5.391
675.000 5.547
680.000 5.743
685.000 5.855
690.000 6.245
695.000 6.455
700.000 7.075
705.000 7.683
710.000 8.728
715.000 9.817
720.000 10.291
725.000 10.873
730.000 10.330
735.000 8.719
740.000 6.830
745.000 6.007
750.000 4.687
755.000 4.207
760.000 3.276
765.000 2.581
770.000 2.265
775.000 1.828
780.000 1.671
785.000 1.371
790.000 1.170
795.000 1.077
800.000 0.927
805.000 0.876
810.000 0.824
815.000 0.766
820.000 0.739
825.000 0.687
830.000 0.661
835.000 0.622
840.000 0.569
845.000 0.544
850.000 0.522
855.000 0.493
860.000 0.520
865.000 0.501
870.000 0.479
875.000 0.513
880.000 0.475
885.000 0.479
890.000 0.498
895.000 0.524
900.000 0.538
905.000 0.568
910.000 0.579
915.000 0.637
920.000 0.691
925.000 0.782
930.000 0.852
935.000 1.097
940.000 1.424
945.000 1.651
950.000 2.252
955.000 2.663
960.000 3.376
965.000 3.362
970.000 3.190
975.000 2.611
980.000 2.302
985.000 2.057
990.000 1.801
995.000 1.653
1000.000 1.517
1005.000 1.461
1010.000 1.321
1015.000 1.242
1020.000 1.329
1025.000 1.181
1030.000 1.217
1035.000 1.144
1040.000 1.073
1045.000 1.035
1050.000 1.068
1055.000 1.095
1060.000 1.075
1065.000 1.175
1070.000 1.180
1075.000 1.100
1080.000 1.066
1085.000 1.033
1090.000 1.061
1095.000 1.061
1100.000 1.063
1105.000 1.088
1110.000 1.022
1115.000 1.037
1120.000 1.089
1125.000 1.074
1130.000 1.116
1135.000 1.139
1140.000 1.202
1145.000 1.310
1150.000 1.321
1155.000 1.418
1160.000 1.566
1165.000 1.811
1170.000 1.984
1175.000 2.493
1180.000 2.898
1185.000 4.101
1190.000 6.147
1195.000 7.455
1200.000 9.986
1205.000 10.802
1210.000 10.870
1215.000 9.096
1220.000 7.962
1225.000 6.250
1230.000 5.572
1235.000 4.511
1240.000 3.778
1245.000 3.484
1250.000 3.078
1255.000 2.917
1260.000 2.651
1265.000 2.491
1270.000 2.418
1275.000 2.338
1280.000 2.286
1285.000 2.225
1290.000 2.165
1295.000 2.174
1300.000 2.150
1305.000 2.172
1310.000 2.166
1315.000 2.263
1320.000 2.374
1325.000 2.414
1330.000 2.386
1335.000 3.836
1340.000 3.612
1345.000 3.363
1350.000 3.170
1355.000 3.141
1360.000 3.141
1365.000 3.198
1370.000 3.299
1375.000 3.531
1380.000 3.723
1385.000 4.254
1390.000 4.629
1395.000 5.509
1400.000 6.871
1405.000 7.978
1410.000 10.553
1415.000 12.254
1420.000 15.591
1425.000 16.922
1430.000 16.182
1435.000 12.159
1440.000 10.090
1445.000 7.053
1450.000 5.291
1455.000 4.633
1460.000 3.756
1465.000 3.430
1470.000 2.886
1475.000 2.547
1480.000 2.444
1485.000 2.236
1490.000 2.125
1495.000 2.056
1500.000 1.992
1505.000 1.957
1510.000 1.928
1515.000 1.950
1520.000 1.954
1525.000 2.448
1530.000 2.743
1535.000 3.034
1540.000 2.928
1545.000 2.789
1550.000 2.709
1555.000 2.686
1560.000 2.727
1565.000 2.747
1570.000 2.842
1575.000 2.943
1580.000 3.023
1585.000 3.188
1590.000 3.358
1595.000 3.700
1600.000 4.283
1605.000 4.627
1610.000 5.605
1615.000 6.205
1620.000 7.797
1625.000 10.059
1630.000 11.529
1635.000 15.055
1640.000 16.925
1645.000 20.023
1650.000 20.751
1655.000 19.099
1660.000 15.651
1665.000 13.343
1670.000 9.565
1675.000 7.227
1680.000 6.401
1685.000 5.284
1690.000 4.873
1695.000 4.331
1700.000 3.972
1705.000 3.906
1710.000 3.810
1715.000 3.837
1720.000 3.869
1725.000 3.921
1730.000 3.936
1735.000 4.037
1740.000 4.089
1745.000 4.223
1750.000 4.327
1755.000 4.360
1760.000 4.497
1765.000 4.603
1770.000 4.787
1775.000 4.935
1780.000 5.054
1785.000 5.206
1790.000 5.392
1795.000 5.677
1800.000 6.011
1805.000 6.224
1810.000 6.818
1815.000 7.132
1820.000 8.011
1825.000 9.458
1830.000 10.293
1835.000 12.860
1840.000 14.522
1845.000 18.969
1850.000 24.642
1855.000 27.646
1860.000 31.686
1865.000 32.045
1870.000 27.691
1875.000 20.052
1880.000 16.991
1885.000 12.693
1890.000 11.149
1895.000 8.876
1900.000 8.110
1905.000 6.913
1910.000 6.088
1915.000 5.811
1920.000 5.460
1925.000 5.320
1930.000 5.143
1935.000 5.035
1940.000 4.945
1945.000 4.903
1950.000 4.867
1955.000 4.900
1960.000 4.921
1965.000 4.966
1970.000 5.052
1975.000 5.114
1980.000 5.304
1985.000 5.456
1990.000 5.634
1995.000 5.918
2000.000 6.113
2005.000 6.617
2010.000 7.213
2015.000 7.644
2020.000 8.965
2025.000 9.892
2030.000 12.175
2035.000 15.631
2040.000 17.842
2045.000 22.212
2050.000 23.706
2055.000 23.228
2060.000 17.217
2065.000 14.134
2070.000 9.732
2075.000 8.218
2080.000 6.117
2085.000 4.698
2090.000 4.215
2095.000 3.401
2100.000 3.132
2105.000 2.666
2110.000 2.239
2115.000 2.060
2120.000 1.762
2125.000 1.652
2130.000 1.419
2135.000 1.256
2140.000 1.177
2145.000 1.055
2150.000 1.005
2155.000 0.923
2160.000 0.826
2165.000 0.791
2170.000 0.741
2175.000 0.730
2180.000 0.703
2185.000 0.653
2190.000 0.667
2195.000 0.621
2200.000 0.611
2205.000 0.613
2210.000 0.586
2215.000 0.559
2220.000 0.561
2225.000 0.569
2230.000 0.557
2235.000 0.562
2240.000 0.555
2245.000 0.551
2250.000 0.549
2255.000 0.551
2260.000 0.525
2265.000 0.571
2270.000 0.566
2275.000 0.522
2280.000 0.550
2285.000 0.544
2290.000 0.529
2295.000 0.543
2300.000 0.548
2305.000 0.542
2310.000 0.552
2315.000 0.543
2320.000 0.547
2325.000 0.557
2330.000 0.538
2335.000 0.545
2340.000 0.541
2345.000 0.545
2350.000 0.546
2355.000 0.527
2360.000 0.543
2365.000 0.522
2370.000 0.525
2375.000 0.527
2380.000 0.535
2385.000 0.511
2390.000 0.513
2395.000 0.504
2400.000 0.490
2405.000 0.479
2410.000 0.477
2415.000 0.477
2420.000 0.460
2425.000 0.442
2430.000 0.433
2435.000 0.417
2440.000 0.407
2445.000 0.385
2450.000 0.358
2455.000 0.346
2460.000 0.324
2465.000 0.309
2470.000 0.261
2475.000 0.248
2480.000 0.203
2485.000 0.152
2490.000 0.122
2495.000 0.064
2500.000 0.048
2505.000 0.055
2510.000 0.081
2515.000 0.177
2520.000 0.293
2525.000 0.374
2530.000 0.531
2535.000 0.630
2540.000 0.910
2545.000 1.305
2550.000 1.596
2555.000 2.535
2560.000 3.247
2565.000 5.614
2570.000 8.783
2575.000 10.474
2580.000 14.525
2585.000 17.068
2590.000 22.508
2595.000 26.323
2600.000 26.959
2605.000 25.172
2610.000 23.365
2615.000 20.246
2620.000 17.760
2625.000 17.046
2630.000 15.583
2635.000 14.970
2640.000 14.666
2645.000 14.316
2650.000 14.040
2655.000 13.765
2660.000 13.937
2665.000 14.047
2670.000 14.219
2675.000 14.771
2680.000 15.302
2685.000 15.829
2690.000 16.985
2695.000 18.488
2700.000 19.527
2705.000 21.648
2710.000 24.130
2715.000 27.650
2720.000 30.886
2725.000 32.282
2730.000 32.637
2735.000 31.239
2740.000 24.991
2745.000 19.045
2750.000 16.781
2755.000 13.587
2760.000 12.194
2765.000 9.435
2770.000 7.410
2775.000 6.681
2780.000 5.501
2785.000 5.008
2790.000 4.629
2795.000 4.336
2800.000 3.941
2805.000 3.901
2810.000 3.768
2815.000 3.650
2820.000 3.618
2825.000 3.629
2830.000 3.666
2835.000 3.710
2840.000 3.865
2845.000 3.945
2850.000 4.306
2855.000 4.709
2860.000 5.006
2865.000 6.177
2870.000 6.915
2875.000 8.420
2880.000 11.010
2885.000 12.797
2890.000 17.126
2895.000 19.495
2900.000 24.246
2905.000 26.535
2910.000 26.461
2915.000 22.312
2920.000 19.521
2925.000 14.537
2930.000 11.006
2935.000 9.779
2940.000 7.913
2945.000 7.279
2950.000 6.228
2955.000 5.547
2960.000 5.491
2965.000 5.246
2970.000 5.130
2975.000 4.859
2980.000 4.686
2985.000 4.658
2990.000 4.599
2995.000 4.544
3000.000 4.442
3005.000 4.672
3010.000 4.678
3015.000 4.674
3020.000 4.680
3025.000 4.795
3030.000 4.802
3035.000 4.953
3040.000 5.214
3045.000 5.333
3050.000 5.839
3055.000 6.601
3060.000 7.038
3065.000 8.039
3070.000 8.777
3075.000 10.842
3080.000 13.403
3085.000 14.384
3090.000 14.359
3095.000 13.018
3100.000 9.529
3105.000 6.514
3110.000 5.449
3115.000 3.990
3120.000 3.432
3125.000 2.688
3130.000 2.180
3135.000 1.955
3140.000 1.705
3145.000 1.571
3150.000 1.315
3155.000 1.105
3160.000 1.026
3165.000 0.901
3170.000 0.857
3175.000 0.804
3180.000 0.770
3185.000 0.780
3190.000 0.766
3195.000 0.793
3200.000 0.841
3205.000 0.948
3210.000 1.032
3215.000 1.308
3220.000 1.534
3225.000 2.163
3230.000 3.368
3235.000 4.407
3240.000 7.163
3245.000 8.677
3250.000 10.501
3255.000 9.538
3260.000 8.259
3265.000 5.941
3270.000 5.091
3275.000 3.902
3280.000 3.124
3285.000 2.905
3290.000 2.471
3295.000 2.308
3300.000 1.988
3305.000 1.795
3310.000 1.737
3315.000 1.595
3320.000 1.585
3325.000 1.489
3330.000 1.426
3335.000 1.413
3340.000 1.354
3345.000 1.343
3350.000 1.340
3355.000 1.340
3360.000 1.365
3365.000 1.294
3370.000 1.302
3375.000 1.269
3380.000 1.239
3385.000 1.255
3390.000 1.238
3395.000 1.250
3400.000 1.217
3405.000 1.225
3410.000 1.218
3415.000 1.192
3420.000 1.226
3425.000 1.213
3430.000 1.199
3435.000 1.251
3440.000 1.253
3445.000 1.250
3450.000 1.234
3455.000 1.253
3460.000 1.218
3465.000 1.247
3470.000 1.263
3475.000 1.288
3480.000 1.137
3485.000 1.233
3490.000 1.118
3495.000 1.105
3500.000 1.337
3505.000 1.268
3510.000 1.342
3515.000 1.044
3520.000 1.291
3525.000 1.394
3530.000 1.386
3535.000 1.124
3540.000 0.960
3545.000 1.517
3550.000 0.999
3555.000 0.993
3560.000 0.897
3565.000 1.734
3570.000 1.546
3575.000 1.453
3580.000 1.730
3585.000 1.109
3590.000 1.101
3595.000 1.258
3600.000 1.318
3605.000 1.205
3610.000 1.355
3615.000 1.130
3620.000 1.173
3625.000 1.145
3630.000 1.214
3635.000 1.189
3640.000 1.206
3645.000 1.231
3650.000 1.279
3655.000 1.271
3660.000 1.254
3665.000 1.280
3670.000 1.243
3675.000 1.274
3680.000 1.286
3685.000 1.266
3690.000 1.265
3695.000 1.265
3700.000 1.286
3705.000 1.328
3710.000 1.377
3715.000 1.373
3720.000 1.360
3725.000 1.368
3730.000 1.339
3735.000 1.372
3740.000 1.392
3745.000 1.396
3750.000 1.411
3755.000 1.435
3760.000 1.439
3765.000 1.467
3770.000 1.506
3775.000 1.522
3780.000 1.560
3785.000 1.630
3790.000 1.699
3795.000 1.692
3800.000 1.772
3805.000 1.814
3810.000 1.893
3815.000 1.971
3820.000 2.036
3825.000 2.158
3830.000 2.241
3835.000 2.403
3840.000 2.590
3845.000 2.715
3850.000 2.973
3855.000 3.054
3860.000 3.191
3865.000 3.141
3870.000 3.028
3875.000 2.726
3880.000 2.526
3885.000 2.176
3890.000 1.845
3895.000 1.738
3900.000 1.587
3905.000 1.526
3910.000 1.443
3915.000 1.405
3920.000 1.442
3925.000 1.557
3930.000 1.600
3935.000 1.814
3940.000 2.126
3945.000 2.330
3950.000 3.036
3955.000 3.554
3960.000 4.935
3965.000 7.199
3970.000 8.779
3975.000 12.447
3980.000 14.259
3985.000 18.562
3990.000 20.435
3995.000 21.554
4000.000 19.243
4005.000 17.285
4010.000 13.541
4015.000 11.961
4020.000 9.489
4025.000 7.672
4030.000 6.987
4035.000 6.041
4040.000 5.657
4045.000 5.017
4050.000 4.494
4055.000 4.313
4060.000 4.098
4065.000 4.069
4070.000 4.005
4075.000 4.048
4080.000 4.057
4085.000 4.136
4090.000 4.204
4095.000 4.367
4100.000 4.610
4105.000 4.818
4110.000 5.148
4115.000 5.331
4120.000 5.829
4125.000 6.645
4130.000 7.211
4135.000 8.685
4140.000 9.563
4145.000 11.468
4150.000 12.275
4155.000 11.636
4160.000 8.958
4165.000 7.514
4170.000 5.228
4175.000 3.802
4180.000 3.281
4185.000 2.561
4190.000 2.300
4195.000 1.898
4200.000 1.572
4205.000 1.467
4210.000 1.240
4215.000 1.167
4220.000 0.996
4225.000 0.898
4230.000 0.823
4235.000 0.768
4240.000 0.728
4245.000 0.717
4250.000 0.720
4255.000 0.713
4260.000 0.755
4265.000 0.798
4270.000 0.924
4275.000 1.087
4280.000 1.218
4285.000 1.541
4290.000 1.805
4295.000 2.603
4300.000 3.681
4305.000 4.374
4310.000 6.360
4315.000 7.662
4320.000 10.531
4325.000 13.174
4330.000 13.975
4335.000 13.974
4340.000 12.979
4345.000 10.362
4350.000 8.134
4355.000 7.147
4360.000 5.729
4365.000 5.159
4370.000 4.262
4375.000 3.608
4380.000 3.403
4385.000 3.032
4390.000 2.923
4395.000 2.726
4400.000 2.604
4405.000 2.613
4410.000 2.595
4415.000 2.578
4420.000 2.607
4425.000 2.528
4430.000 2.556
4435.000 2.584
4440.000 2.614
4445.000 2.717
4450.000 2.836
4455.000 2.892
4460.000 3.109
4465.000 3.209
4470.000 3.445
4475.000 3.829
4480.000 3.981
4485.000 3.972
4490.000 3.773
4495.000 2.975
4500.000 2.018
4505.000 1.674
4510.000 1.231
4515.000 1.142
4520.000 0.979
4525.000 0.903
4530.000 0.940
4535.000 0.943
4540.000 0.955
4545.000 0.959
4550.000 0.986
4555.000 1.014
4560.000 1.041
4565.000 1.036
4570.000 1.063
4575.000 1.101
4580.000 1.096
4585.000 1.114
4590.000 1.112
4595.000 1.128
4600.000 1.136
4605.000 1.126
4610.000 1.134
4615.000 1.161
4620.000 1.170
4625.000 1.184
4630.000 1.167
4635.000 1.158
4640.000 1.187
4645.000 1.186
4650.000 1.158
4655.000 1.170
4660.000 1.173
4665.000 1.178
4670.000 1.181
4675.000 1.206
4680.000 1.198
4685.000 1.151
4690.000 1.190
4695.000 1.174
4700.000 1.177
4705.000 1.159
4710.000 1.191
4715.000 1.161
4720.000 1.184
4725.000 1.192
4730.000 1.163
4735.000 1.173
4740.000 1.165
4745.000 1.148
4750.000 1.155
4755.000 1.154
4760.000 1.154
4765.000 1.146
4770.000 1.157
4775.000 1.159
4780.000 1.161
4785.000 1.142
4790.000 1.164
4795.000 1.173
4800.000 1.148
4805.000 1.144
4810.000 1.152
4815.000 1.140
4820.000 1.156
4825.000 1.133
4830.000 1.119
4835.000 1.087
4840.000 1.097
4845.000 1.090
4850.000 1.055
4855.000 1.069
4860.000 1.063
4865.000 1.056
4870.000 1.048
4875.000 1.047
4880.000 0.966
4885.000 0.925
4890.000 0.898
4895.000 0.819
4900.000 0.781
4905.000 0.699
4910.000 0.576
4915.000 0.495
4920.000 0.329
4925.000 0.313
4930.000 0.579
4935.000 1.777
4940.000 3.006
4945.000 5.495
4950.000 6.631
4955.000 7.973
4960.000 8.197
4965.000 8.132
4970.000 7.767
4975.000 7.640
4980.000 7.428
4985.000 7.283
4990.000 7.263
4995.000 7.246
5000.000 7.221
5005.000 7.361
5010.000 7.526
5015.000 7.614
5020.000 7.948
5025.000 8.130
5030.000 8.693
5035.000 9.342
5040.000 9.764
5045.000 10.794
5050.000 11.471
5055.000 13.189
5060.000 15.231
5065.000 16.432
5070.000 19.440
5075.000 21.204
5080.000 25.201
5085.000 29.257
5090.000 31.264
5095.000 33.537
5100.000 33.063
5105.000 28.882
5110.000 23.401
5115.000 20.953
5120.000 16.849
5125.000 15.102
5130.000 12.204
5135.000 10.018
5140.000 9.168
5145.000 7.829
5150.000 7.291
5155.000 6.471
5160.000 5.974
5165.000 5.822
5170.000 5.685
5175.000 5.629
5180.000 5.635
5185.000 5.755
5190.000 6.102
5195.000 6.689
5200.000 7.129
5205.000 8.285
5210.000 9.186
5215.000 11.496
5220.000 15.124
5225.000 17.525
5230.000 22.951
5235.000 25.665
5240.000 29.573
5245.000 29.185
5250.000 26.612
5255.000 20.219
5260.000 17.523
5265.000 13.443
5270.000 10.821
5275.000 9.867
5280.000 8.418
5285.000 7.877
5290.000 7.051
5295.000 6.588
5300.000 6.548
5305.000 6.349
5310.000 6.316
5315.000 6.256
5320.000 6.212
5325.000 6.214
5330.000 6.310
5335.000 6.404
5340.000 6.659
5345.000 6.985
5350.000 7.163
5355.000 7.817
5360.000 8.245
5365.000 9.275
5370.000 10.442
5375.000 10.812
5380.000 10.270
5385.000 9.395
5390.000 7.277
5395.000 5.147
5400.000 4.382
5405.000 3.244
5410.000 2.817
5415.000 2.147
5420.000 1.664
5425.000 1.501
5430.000 1.245
5435.000 1.153
5440.000 1.079
5445.000 1.052
5450.000 1.090
5455.000 1.209
5460.000 1.318
5465.000 1.645
5470.000 1.942
5475.000 2.744
5480.000 3.843
5485.000 4.171
5490.000 4.356
5495.000 4.068
5500.000 3.272
5505.000 2.629
5510.000 2.413
5515.000 2.091
5520.000 1.948
5525.000 1.763
5530.000 1.640
5535.000 1.573
5540.000 1.490
5545.000 1.453
5550.000 1.389
5555.000 1.344
5560.000 1.329
5565.000 1.301
5570.000 1.282
5575.000 1.277
5580.000 1.265
5585.000 1.254
5590.000 1.255
5595.000 1.245
5600.000 1.241
5605.000 1.243
5610.000 1.225
5615.000 1.235
5620.000 1.246
5625.000 1.249
5630.000 1.228
5635.000 1.216
5640.000 1.246
5645.000 1.221
5650.000 1.223
5655.000 1.224
5660.000 1.225
5665.000 1.214
5670.000 1.231
5675.000 1.252
5680.000 1.242
5685.000 1.237
5690.000 1.246
5695.000 1.251
5700.000 1.270
5705.000 1.262
5710.000 1.275
5715.000 1.266
5720.000 1.278
5725.000 1.221
5730.000 1.250
5735.000 1.216
5740.000 1.251
5745.000 1.252
5750.000 1.265
5755.000 1.260
5760.000 1.256
5765.000 1.277
5770.000 1.285
5775.000 1.285
5780.000 1.306
5785.000 1.320
5790.000 1.332
5795.000 1.335
5800.000 1.350
5805.000 1.347
5810.000 1.367
5815.000 1.363
5820.000 1.389
5825.000 1.385
5830.000 1.386
5835.000 1.407
5840.000 1.409
5845.000 1.416
5850.000 1.437
5855.000 1.446
5860.000 1.445
5865.000 1.442
5870.000 1.441
5875.000 1.470
5880.000 1.465
5885.000 1.479
5890.000 1.486
5895.000 1.468
5900.000 1.491
5905.000 1.502
5910.000 1.540
5915.000 1.507
5920.000 1.509
5925.000 1.517
5930.000 1.516
5935.000 1.510
5940.000 1.535
5945.000 1.548
5950.000 1.559
5955.000 1.552
5960.000 1.455
5965.000 1.484
5970.000 1.514
5975.000 1.559
5980.000 1.528
5985.000 1.545
5990.000 1.529
5995.000 1.571
6000.000 1.580
6005.000 1.592
6010.000 1.572
6015.000 1.602
6020.000 1.614
6025.000 1.615
6030.000 1.579
6035.000 1.587
6040.000 1.586
6045.000 1.597
6050.000 1.554
6055.000 1.583
6060.000 1.575
6065.000 1.603
6070.000 1.588
6075.000 1.593
6080.000 1.598
6085.000 1.635
6090.000 1.621
6095.000 1.617
6100.000 1.635
6105.000 1.655
6110.000 1.639
6115.000 1.636
6120.000 1.653
6125.000 1.652
6130.000 1.663
6135.000 1.651
6140.000 1.663
6145.000 1.644
6150.000 1.652
6155.000 1.656
6160.000 1.633
6165.000 1.658
6170.000 1.654
6175.000 1.629
6180.000 1.654
6185.000 1.683
6190.000 1.643
6195.000 1.659
6200.000 1.656
6205.000 1.657
6210.000 1.649
6215.000 1.629
6220.000 1.652
6225.000 1.662
6230.000 1.654
6235.000 1.666
6240.000 1.661
6245.000 1.651
6250.000 1.675
6255.000 1.658
6260.000 1.661
6265.000 1.692
6270.000 1.697
6275.000 1.679
6280.000 1.698
6285.000 1.681
6290.000 1.656
6295.000 1.667
6300.000 1.659
6305.000 1.667
6310.000 1.677
6315.000 1.682
6320.000 1.682
6325.000 1.705
6330.000 1.715
6335.000 1.682
6340.000 1.696
6345.000 1.702
6350.000 1.696
6355.000 1.705
6360.000 1.695
6365.000 1.717
6370.000 1.699
6375.000 1.708
6380.000 1.709
6385.000 1.696
6390.000 1.717
6395.000 1.721
6400.000 1.715
6405.000 1.704
6410.000 1.706
6415.000 1.706
6420.000 1.712
6425.000 1.703
6430.000 1.710
6435.000 1.706
6440.000 1.722
6445.000 1.741
6450.000 1.719
6455.000 1.724
6460.000 1.738
6465.000 1.729
6470.000 1.735
6475.000 1.722
6480.000 1.744
6485.000 1.742
6490.000 1.749
6495.000 1.731
6500.000 1.734
6505.000 1.729
6510.000 1.728
6515.000 1.743
6520.000 1.757
6525.000 1.728
6530.000 1.721
6535.000 1.750
6540.000 1.741
6545.000 1.759
6550.000 1.761
6555.000 1.762
6560.000 1.768
6565.000 1.785
6570.000 1.797
6575.000 1.789
6580.000 1.793
6585.000 1.773
6590.000 1.832
6595.000 1.822
6600.000 1.823
6605.000 1.826
6610.000 1.841
6615.000 1.878
6620.000 1.872
6625.000 1.928
6630.000 1.922
6635.000 1.976
6640.000 2.025
6645.000 2.073
6650.000 2.239
6655.000 2.337
6660.000 2.627
6665.000 2.879
6670.000 3.716
6675.000 5.606
6680.000 7.266
6685.000 11.921
6690.000 14.526
6695.000 19.059
6700.000 21.489
6705.000 21.874
6710.000 22.027
6715.000 22.228
6720.000 23.085
6725.000 25.364
6730.000 26.802
6735.000 29.740
6740.000 32.293
6745.000 36.397
6750.000 40.088
6755.000 40.641
6760.000 38.865
6765.000 36.645
6770.000 30.873
6775.000 26.130
6780.000 24.132
6785.000 20.780
6790.000 19.532
6795.000 17.285
6800.000 15.645
6805.000 15.055
6810.000 14.254
6815.000 14.021
6820.000 13.973
6825.000 14.370
6830.000 14.866
6835.000 16.821
6840.000 17.930
6845.000 21.559
6850.000 26.359
6855.000 28.107
6860.000 30.950
6865.000 30.561
6870.000 26.574
6875.000 20.557
6880.000 18.020
6885.000 14.325
6890.000 13.020
6895.000 11.113
6900.000 9.944
6905.000 9.541
6910.000 8.950
6915.000 8.760
6920.000 8.504
6925.000 8.452
6930.000 8.479
6935.000 8.538
6940.000 8.688
6945.000 8.998
6950.000 9.496
6955.000 9.828
6960.000 10.667
6965.000 11.227
6970.000 12.663
6975.000 14.918
6980.000 16.400
6985.000 20.445
6990.000 23.149
6995.000 29.246
7000.000 34.268
7005.000 35.426
7010.000 34.365
7015.000 31.767
7020.000 24.736
7025.000 18.994
7030.000 16.964
7035.000 13.952
7040.000 12.829
7045.000 11.181
7050.000 10.006
7055.000 9.609
7060.000 9.134
7065.000 8.943
7070.000 8.618
7075.000 8.448
7080.000 8.384
7085.000 8.316
7090.000 8.290
7095.000 8.363
7100.000 8.483
7105.000 8.596
7110.000 8.892
7115.000 9.086
7120.000 9.528
7125.000 10.174
7130.000 10.554
7135.000 11.606
7140.000 12.351
7145.000 14.239
7150.000 16.811
7155.000 18.270
7160.000 21.060
7165.000 21.765
7170.000 20.352
7175.000 16.521
7180.000 14.554
7185.000 11.344
7190.000 10.132
7195.000 8.324
7200.000 7.166
7205.000 6.725
7210.000 6.052
7215.000 5.797
7220.000 5.376
7225.000 5.059
7230.000 4.927
7235.000 4.770
7240.000 4.707
7245.000 4.579
7250.000 4.541
7255.000 4.488
7260.000 4.514
7265.000 4.562
7270.000 4.628
7275.000 4.720
7280.000 4.941
7285.000 5.190
7290.000 5.316
7295.000 5.690
7300.000 5.919
7305.000 6.431
7310.000 7.306
7315.000 7.806
7320.000 9.391
7325.000 10.279
7330.000 12.641
7335.000 15.830
7340.000 17.852
7345.000 21.116
7350.000 22.486
7355.000 22.938
7360.000 20.494
7365.000 18.625
7370.000 14.933
7375.000 13.350
7380.000 10.893
7385.000 9.148
7390.000 8.508
7395.000 7.440
7400.000 7.057
7405.000 6.539
7410.000 6.187
7415.000 6.055
7420.000 5.852
7425.000 5.781
7430.000 5.655
7435.000 5.582
7440.000 5.557
7445.000 5.508
7450.000 5.524
7455.000 5.537
7460.000 5.641
7465.000 5.725
7470.000 5.906
7475.000 6.039
7480.000 6.324
7485.000 6.769
7490.000 7.036
7495.000 7.765
7500.000 8.142
7505.000 9.436
7510.000 10.926
7515.000 11.532
7520.000 12.574
7525.000 12.483
7530.000 11.156
7535.000 9.170
7540.000 8.120
7545.000 6.657
7550.000 6.137
7555.000 5.337
7560.000 4.788
7565.000 4.581
7570.000 4.238
7575.000 4.132
7580.000 3.984
7585.000 3.823
7590.000 3.790
7595.000 3.779
7600.000 3.800
7605.000 3.855
7610.000 3.946
7615.000 4.078
7620.000 4.264
7625.000 4.361
7630.000 4.627
7635.000 5.067
7640.000 5.337
7645.000 6.075
7650.000 6.552
7655.000 7.905
7660.000 9.626
7665.000 10.655
7670.000 12.565
7675.000 13.165
7680.000 13.090
7685.000 11.383
7690.000 10.275
7695.000 8.239
7700.000 7.436
7705.000 6.157
7710.000 5.263
7715.000 4.951
7720.000 4.490
7725.000 4.346
7730.000 4.058
7735.000 3.873
7740.000 3.787
7745.000 3.646
7750.000 3.568
7755.000 3.507
7760.000 3.446
7765.000 3.432
7770.000 3.445
7775.000 3.486
7780.000 3.494
7785.000 3.521
7790.000 3.526
7795.000 3.466
7800.000 3.417
7805.000 3.167
7810.000 2.695
7815.000 2.364
7820.000 1.818
7825.000 1.668
7830.000 1.469
7835.000 1.388
7840.000 1.356
7845.000 1.373
7850.000 1.412
7855.000 1.525
7860.000 1.604
7865.000 1.724
7870.000 1.896
7875.000 2.017
7880.000 2.259
7885.000 2.436
7890.000 2.749
7895.000 2.906
7900.000 2.913
7905.000 2.718
7910.000 2.605
7915.000 2.352
7920.000 2.114
7925.000 2.061
7930.000 1.919
7935.000 1.863
7940.000 1.779
7945.000 1.728
7950.000 1.710
7955.000 1.669
7960.000 1.651
7965.000 1.642
7970.000 1.613
7975.000 1.620
7980.000 1.616
7985.000 1.609
7990.000 1.592
7995.000 1.602
8000.000 1.586
8005.000 1.570
8010.000 1.604
8015.000 1.599
8020.000 1.607
8025.000 1.621
8030.000 1.614
8035.000 1.578
8040.000 1.577
8045.000 1.592
8050.000 1.587
8055.000 1.611
8060.000 1.617
8065.000 1.628
8070.000 1.591
8075.000 1.588
8080.000 1.599
8085.000 1.608
8090.000 1.631
8095.000 1.637
8100.000 1.623
8105.000 1.648
8110.000 1.629
8115.000 1.625
8120.000 1.641
8125.000 1.633
8130.000 1.652
8135.000 1.656
8140.000 1.663
8145.000 1.639
8150.000 1.635
8155.000 1.652
8160.000 1.636
8165.000 1.663
8170.000 1.668
8175.000 1.671
8180.000 1.664
8185.000 1.653
8190.000 1.660
8195.000 1.676
8200.000 1.660
8205.000 1.654
8210.000 1.664
8215.000 1.681
8220.000 1.671
8225.000 1.659
8230.000 1.670
8235.000 1.675
8240.000 1.679
8245.000 1.667
8250.000 1.677
8255.000 1.692
8260.000 1.699
8265.000 1.679
8270.000 1.654
8275.000 1.671
8280.000 1.664
8285.000 1.657
8290.000 1.667
8295.000 1.655
8300.000 1.673
8305.000 1.657
8310.000 1.668
8315.000 1.659
8320.000 1.662
8325.000 1.682
8330.000 1.671
8335.000 1.682
8340.000 1.665
8345.000 1.670
8350.000 1.673
8355.000 1.689
8360.000 1.701
8365.000 1.685
8370.000 1.693
8375.000 1.678
8380.000 1.675
8385.000 1.691
8390.000 1.683
8395.000 1.710
8400.000 1.710
8405.000 1.699
8410.000 1.711
8415.000 1.706
8420.000 1.694
8425.000 1.691
8430.000 1.711
8435.000 1.707
8440.000 1.712
8445.000 1.700
8450.000 1.706
8455.000 1.702
8460.000 1.691
8465.000 1.697
8470.000 1.700
8475.000 1.686
8480.000 1.687
8485.000 1.693
8490.000 1.672
8495.000 1.681
8500.000 1.691
8505.000 1.689
8510.000 1.693
8515.000 1.690
8520.000 1.700
8525.000 1.715
8530.000 1.716
8535.000 1.681
8540.000 1.722
8545.000 1.710
8550.000 1.721
8555.000 1.702
8560.000 1.750
8565.000 1.732
8570.000 1.715
8575.000 1.725
8580.000 1.707
8585.000 1.733
8590.000 1.718
8595.000 1.742
8600.000 1.716
8605.000 1.702
8610.000 1.731
8615.000 1.724
8620.000 1.709
8625.000 1.732
8630.000 1.745
8635.000 1.744
8640.000 1.731
8645.000 1.741
8650.000 1.712
8655.000 1.713
8660.000 1.710
8665.000 1.724
8670.000 1.735
8675.000 1.723
8680.000 1.616
8685.000 1.674
8690.000 1.684
8695.000 1.680
8700.000 1.684
8705.000 1.677
8710.000 1.704
8715.000 1.682
8720.000 1.713
8725.000 1.691
8730.000 1.670
8735.000 1.690
8740.000 1.679
8745.000 1.683
8750.000 1.695
8755.000 1.683
8760.000 1.695
8765.000 1.690
8770.000 1.696
8775.000 1.686
8780.000 1.692
8785.000 1.703
8790.000 1.708
8795.000 1.718
8800.000 1.729
8805.000 1.730
8810.000 1.722
8815.000 1.721
8820.000 1.704
8825.000 1.733
8830.000 1.697
8835.000 1.710
8840.000 1.721
8845.000 1.696
8850.000 1.706
8855.000 1.701
8860.000 1.717
8865.000 1.701
8870.000 1.722
8875.000 1.717
8880.000 1.692
8885.000 1.709
8890.000 1.697
8895.000 1.708
8900.000 1.728
8905.000 1.671
8910.000 1.694
8915.000 1.692
8920.000 1.679
8925.000 1.676
8930.000 1.675
8935.000 1.686
8940.000 1.683
8945.000 1.691
8950.000 1.670
8955.000 1.706
8960.000 1.679
8965.000 1.690
8970.000 1.704
8975.000 1.706
8980.000 1.678
8985.000 1.709
8990.000 1.678
8995.000 1.648
9000.000 1.624
9005.000 1.635
9010.000 1.631
9015.000 1.646
9020.000 1.653
9025.000 1.691
9030.000 1.692
9035.000 1.674
9040.000 1.687
9045.000 1.711
9050.000 1.675
9055.000 1.673
9060.000 1.663
9065.000 1.654
9070.000 1.668
9075.000 1.643
9080.000 1.619
9085.000 1.665
9090.000 1.630
9095.000 1.643
9100.000 1.619
9105.000 1.617
9110.000 1.639
9115.000 1.617
9120.000 1.604
9125.000 1.612
9130.000 1.583
9135.000 1.558
9140.000 1.522
9145.000 1.508
9150.000 1.418
9155.000 1.376
9160.000 1.276
9165.000 1.138
9170.000 1.040
9175.000 0.765
9180.000 0.583
9185.000 0.152
9190.000 1.112
9195.000 2.385
9200.000 5.570
9205.000 7.190
9210.000 10.019
9215.000 12.083
9220.000 12.941
9225.000 14.571
9230.000 15.402
9235.000 17.096
9240.000 18.448
9245.000 18.730
9250.000 18.264
9255.000 17.394
9260.000 15.209
9265.000 13.275
9270.000 12.522
9275.000 11.299
9280.000 10.887
9285.000 10.304
9290.000 10.102
9295.000 10.115
9300.000 10.513
9305.000 10.883
9310.000 11.867
9315.000 12.592
9320.000 13.330
9325.000 13.675
9330.000 12.871
9335.000 11.901
9340.000 11.168
9345.000 9.863
9350.000 8.925
9355.000 8.554
9360.000 8.054
9365.000 7.911
9370.000 7.812
9375.000 7.952
9380.000 8.144
9385.000 8.671
9390.000 9.046
9395.000 9.885
9400.000 10.633
9405.000 10.880
9410.000 10.716
9415.000 10.273
9420.000 8.654
9425.000 6.844
9430.000 6.058
9435.000 4.763
9440.000 4.266
9445.000 3.496
9450.000 2.910
9455.000 2.681
9460.000 2.238
9465.000 2.013
9470.000 1.581
9475.000 1.091
9480.000 0.829
9485.000 0.304
9490.000 0.210
9495.000 0.566
9500.000 0.916
9505.000 1.073
9510.000 1.378
9515.000 1.498
9520.000 1.704
9525.000 1.832
9530.000 1.881
9535.000 1.906
9540.000 1.900
9545.000 1.901
9550.000 1.883
9555.000 1.868
9560.000 1.863
9565.000 1.866
9570.000 1.855
9575.000 1.848
9580.000 1.885
9585.000 1.915
9590.000 1.918
9595.000 1.909
9600.000 1.911
9605.000 1.907
9610.000 1.877
9615.000 1.829
9620.000 1.760
9625.000 1.712
9630.000 1.678
9635.000 1.647
9640.000 1.628
9645.000 1.622
9650.000 1.624
9655.000 1.632
9660.000 1.620
9665.000 1.601
9670.000 1.611
9675.000 1.606
9680.000 1.607
9685.000 1.581
9690.000 1.600
9695.000 1.586
9700.000 1.592
9705.000 1.600
9710.000 1.593
9715.000 1.608
9720.000 1.599
9725.000 1.588
9730.000 1.591
9735.000 1.590
9740.000 1.586
9745.000 1.588
9750.000 1.604
9755.000 1.619
9760.000 1.574
9765.000 1.596
9770.000 1.589
9775.000 1.583
9780.000 1.584
9785.000 1.596
9790.000 1.591
9795.000 1.591
9800.000 1.607
9805.000 1.600
9810.000 1.596
9815.000 1.602
9820.000 1.585
9825.000 1.612
9830.000 1.612
9835.000 1.581
9840.000 1.593
9845.000 1.572
9850.000 1.562
9855.000 1.569
9860.000 1.554
9865.000 1.567
9870.000 1.572
9875.000 1.572
9880.000 1.575
9885.000 1.581
9890.000 1.584
9895.000 1.583
9900.000 1.581
9905.000 1.605
9910.000 1.589
9915.000 1.590
9920.000 1.585
9925.000 1.613
9930.000 1.596
9935.000 1.613
9940.000 1.585
9945.000 1.602
9950.000 1.604
9955.000 1.608
9960.000 1.601
9965.000 1.619
9970.000 1.582
9975.000 1.612
9980.000 1.605
9985.000 1.617
9990.000 1.629
9995.000 1.633
10000.000 1.616
10005.000 1.616
10010.000 1.609
10015.000 1.611
10020.000 1.578
10025.000 1.588
10030.000 1.594
10035.000 1.587
10040.000 1.588
10045.000 1.603
10050.000 1.604
10055.000 1.614
10060.000 1.598
10065.000 1.623
10070.000 1.606
10075.000 1.622
10080.000 1.626
10085.000 1.621
10090.000 1.615
10095.000 1.604
10100.000 1.616
10105.000 1.616
10110.000 1.609
10115.000 1.601
10120.000 1.600
10125.000 1.593
10130.000 1.619
10135.000 1.618
10140.000 1.624
10145.000 1.634
10150.000 1.613
10155.000 1.584
10160.000 1.587
10165.000 1.601
10170.000 1.590
10175.000 1.605
10180.000 1.620
10185.000 1.607
10190.000 1.634
10195.000 1.639
10200.000 1.631
10205.000 1.643
10210.000 1.631
10215.000 1.648
10220.000 1.655
10225.000 1.660
10230.000 1.660
10235.000 1.667
10240.000 1.669
10245.000 1.673
10250.000 1.665
10255.000 1.617
10260.000 1.685
10265.000 1.691
10270.000 1.741
10275.000 1.745
10280.000 1.798
10285.000 1.893
10290.000 1.923
10295.000 2.019
10300.000 2.065
10305.000 2.159
10310.000 2.255
10315.000 2.283
10320.000 2.335
10325.000 2.339
10330.000 2.268
10335.000 2.113
10340.000 2.007
10345.000 1.808
10350.000 1.714
10355.000 1.511
10360.000 1.337
10365.000 1.258
10370.000 1.128
10375.000 1.085
10380.000 1.072
10385.000 1.223
10390.000 1.436
10395.000 2.357
10400.000 3.056
10405.000 4.570
10410.000 5.741
10415.000 6.024
10420.000 5.976
10425.000 5.911
10430.000 5.883
10435.000 5.777
10440.000 5.733
10445.000 5.694
10450.000 5.688
10455.000 5.736
10460.000 5.887
10465.000 6.056
10470.000 6.463
10475.000 6.691
10480.000 7.273
10485.000 7.914
10490.000 8.195
10495.000 8.494
10500.000 8.418
10505.000 7.722
10510.000 6.491
10515.000 5.771
10520.000 4.610
10525.000 4.142
10530.000 3.380
10535.000 3.100
10540.000 2.631
10545.000 2.265
10550.000 2.087
10555.000 1.891
10560.000 1.816
10565.000 1.688
10570.000 1.560
10575.000 1.514
10580.000 1.458
10585.000 1.451
10590.000 1.474
10595.000 1.712
10600.000 1.898
10605.000 2.384
10610.000 2.669
10615.000 3.076
10620.000 3.175
10625.000 3.157
10630.000 3.038
10635.000 2.948
10640.000 2.818
10645.000 2.748
10650.000 2.715
10655.000 2.699
10660.000 2.710
10665.000 2.731
10670.000 2.807
10675.000 2.859
10680.000 2.854
10685.000 2.820
10690.000 2.690
10695.000 2.408
10700.000 2.269
10705.000 2.019
10710.000 1.910
10715.000 1.763
10720.000 1.653
10725.000 1.640
10730.000 1.588
10735.000 1.569
10740.000 1.542
10745.000 1.525
10750.000 1.534
10755.000 1.521
10760.000 1.510
10765.000 1.500
10770.000 1.501
10775.000 1.515
10780.000 1.512
10785.000 1.516
10790.000 1.523
10795.000 1.517
10800.000 1.514
10805.000 1.495
10810.000 1.532
10815.000 1.511
10820.000 1.531
10825.000 1.523
10830.000 1.537
10835.000 1.512
10840.000 1.540
10845.000 1.518
10850.000 1.523
10855.000 1.519
10860.000 1.518
10865.000 1.521
10870.000 1.509
10875.000 1.523
10880.000 1.526
10885.000 1.512
10890.000 1.537
10895.000 1.521
10900.000 1.507
10905.000 1.518
10910.000 1.521
10915.000 1.543
10920.000 1.521
10925.000 1.521
10930.000 1.525
10935.000 1.522
10940.000 1.537
10945.000 1.544
10950.000 1.552
10955.000 1.527
10960.000 1.535
10965.000 1.516
10970.000 1.519
10975.000 1.509
10980.000 1.518
10985.000 1.510
10990.000 1.526
10995.000 1.520
11000.000 1.503
11005.000 1.534
11010.000 1.536
11015.000 1.509
11020.000 1.517
11025.000 1.527
11030.000 1.547
11035.000 1.574
11040.000 1.572
11045.000 1.572
11050.000 1.576
11055.000 1.536
11060.000 1.531
11065.000 1.528
11070.000 1.544
11075.000 1.551
11080.000 1.552
11085.000 1.559
11090.000 1.563
11095.000 1.564
11100.000 1.558
11105.000 1.543
11110.000 1.556
11115.000 1.558
11120.000 1.554
11125.000 1.546
11130.000 1.528
11135.000 1.505
11140.000 1.534
11145.000 1.537
11150.000 1.512
11155.000 1.545
11160.000 1.551
11165.000 1.528
11170.000 1.523
11175.000 1.564
11180.000 1.539
11185.000 1.540
11190.000 1.561
11195.000 1.557
11200.000 1.542
11205.000 1.531
11210.000 1.548
11215.000 1.545
11220.000 1.525
11225.000 1.532
11230.000 1.519
11235.000 1.530
11240.000 1.539
11245.000 1.548
11250.000 1.552
11255.000 1.515
11260.000 1.487
11265.000 1.509
11270.000 1.509
11275.000 1.506
11280.000 1.527
11285.000 1.526
11290.000 1.509
11295.000 1.518
11300.000 1.527
11305.000 1.517
11310.000 1.525
11315.000 1.530
11320.000 1.532
11325.000 1.516
11330.000 1.522
11335.000 1.517
11340.000 1.512
11345.000 1.510
11350.000 1.503
11355.000 1.491
11360.000 1.490
11365.000 1.510
11370.000 1.496
11375.000 1.497
11380.000 1.479
11385.000 1.461
11390.000 1.477
11395.000 1.453
11400.000 1.477
11405.000 1.463
11410.000 1.461
11415.000 1.428
11420.000 1.433
11425.000 1.414
11430.000 1.386
11435.000 1.376
11440.000 1.342
11445.000 1.318
11450.000 1.284
11455.000 1.250
11460.000 1.233
11465.000 1.168
11470.000 1.146
11475.000 1.049
11480.000 1.038
11485.000 1.082
11490.000 1.385
11495.000 1.737
11500.000 2.962
11505.000 4.447
11510.000 5.053
11515.000 5.981
11520.000 6.267
11525.000 6.733
11530.000 7.272
11535.000 7.450
11540.000 7.788
11545.000 7.857
11550.000 7.623
11555.000 6.809
11560.000 6.158
11565.000 4.780
11570.000 4.201
11575.000 3.196
11580.000 2.455
11585.000 2.175
11590.000 1.749
11595.000 1.604
11600.000 1.385
11605.000 1.288
11610.000 1.316
11615.000 1.556
11620.000 1.760
11625.000 2.584
11630.000 3.763
11635.000 4.245
11640.000 4.925
11645.000 5.059
11650.000 5.009
11655.000 4.774
11660.000 4.595
11665.000 4.312
11670.000 4.100
11675.000 3.921
11680.000 3.785
11685.000 3.750
11690.000 3.692
11695.000 3.660
11700.000 3.650
11705.000 3.625
11710.000 3.545
11715.000 3.342
11720.000 3.149
11725.000 2.682
11730.000 2.438
11735.000 1.961
11740.000 1.574
11745.000 1.418
11750.000 1.162
11755.000 1.065
11760.000 0.906
11765.000 0.771
11770.000 0.750
11775.000 0.793
11780.000 0.883
11785.000 1.175
11790.000 1.505
11795.000 1.625
11800.000 1.765
11805.000 1.826
11810.000 1.823
11815.000 1.798
11820.000 1.760
11825.000 1.711
11830.000 1.678
11835.000 1.629
11840.000 1.555
11845.000 1.548
11850.000 1.535
11855.000 1.528
11860.000 1.516
11865.000 1.526
11870.000 1.519
11875.000 1.516
11880.000 1.511
11885.000 1.499
11890.000 1.510
11895.000 1.517
11900.000 1.502
11905.000 1.519
11910.000 1.519
11915.000 1.500
11920.000 1.511
11925.000 1.511
11930.000 1.529
11935.000 1.508
11940.000 1.497
11945.000 1.505
11950.000 1.496
11955.000 1.467
11960.000 1.446
11965.000 1.443
11970.000 1.445
11975.000 1.455
11980.000 1.451
11985.000 1.448
11990.000 1.448
11995.000 1.462
12000.000 1.451
