105.000 0.412
110.000 1.156
115.000 4.511
120.000 5.472
125.000 6.007
130.000 6.187
135.000 6.242
140.000 7.845
145.000 7.440
150.000 7.827
155.000 9.549
160.000 8.415
165.000 9.785
170.000 8.983
175.000 9.246
180.000 9.478
185.000 9.342
190.000 9.375
195.000 11.240
200.000 11.204
205.000 11.373
210.000 11.994
215.000 12.803
220.000 14.045
225.000 14.018
230.000 14.374
235.000 14.079
240.000 14.200
245.000 14.269
250.000 16.176
255.000 15.685
260.000 15.189
265.000 17.178
270.000 19.988
275.000 19.160
280.000 20.138
285.000 20.701
290.000 19.320
295.000 21.074
300.000 21.663
305.000 21.807
310.000 21.960
315.000 22.581
320.000 23.562
325.000 24.696
330.000 24.979
335.000 26.253
340.000 27.064
345.000 27.696
350.000 29.267
355.000 30.383
360.000 31.017
365.000 32.256
370.000 32.832
375.000 34.108
380.000 34.792
385.000 36.279
390.000 36.977
395.000 38.549
400.000 40.000
405.000 41.523
410.000 42.463
415.000 44.248
420.000 45.041
425.000 46.528
430.000 47.424
435.000 47.994
440.000 48.431
445.000 48.799
450.000 48.861
455.000 48.726
460.000 48.245
465.000 47.275
470.000 46.313
475.000 44.632
480.000 41.619
485.000 40.234
490.000 36.848
495.000 35.345
500.000 31.194
505.000 27.424
510.000 25.421
515.000 22.721
520.000 21.608
525.000 19.405
530.000 17.628
535.000 16.744
540.000 15.373
545.000 14.732
550.000 14.248
555.000 13.415
560.000 13.648
565.000 12.552
570.000 12.513
575.000 12.059
580.000 11.487
585.000 11.099
590.000 10.562
595.000 10.410
600.000 10.261
605.000 10.014
610.000 9.587
615.000 9.079
620.000 8.730
625.000 8.552
630.000 8.274
635.000 7.756
640.000 7.255
645.000 7.134
650.000 6.988
655.000 7.329
660.000 7.157
665.000 6.812
670.000 6.507
675.000 6.333
680.000 6.047
685.000 5.726
690.000 5.495
695.000 5.426
700.000 5.249
705.000 5.159
710.000 4.955
715.000 4.866
720.000 4.688
725.000 4.671
730.000 4.627
735.000 4.452
740.000 4.385
745.000 4.392
750.000 4.164
755.000 4.210
760.000 4.069
765.000 3.953
770.000 3.932
775.000 3.849
780.000 3.754
785.000 3.713
790.000 3.772
795.000 3.599
800.000 3.621
805.000 3.464
810.000 3.431
815.000 3.340
820.000 3.271
825.000 3.263
830.000 3.195
835.000 3.174
840.000 3.166
845.000 3.064
850.000 2.990
855.000 2.976
860.000 2.938
865.000 2.908
870.000 2.828
875.000 2.782
880.000 2.798
885.000 2.736
890.000 2.651
895.000 2.612
900.000 2.577
905.000 2.516
910.000 2.468
915.000 2.523
920.000 2.463
925.000 2.397
930.000 2.383
935.000 2.337
940.000 2.306
945.000 2.243
950.000 2.150
955.000 2.107
960.000 2.066
965.000 1.998
970.000 2.004
975.000 1.914
980.000 1.937
985.000 1.862
990.000 1.930
995.000 1.851
1000.000 1.718
1005.000 1.738
1010.000 1.758
1015.000 1.846
1020.000 1.710
1025.000 1.679
1030.000 1.624
1035.000 1.569
1040.000 1.540
1045.000 1.566
1050.000 1.529
1055.000 1.511
1060.000 1.461
1065.000 1.489
1070.000 1.433
1075.000 1.389
1080.000 1.406
1085.000 1.419
1090.000 1.455
1095.000 1.425
1100.000 1.403
1105.000 1.470
1110.000 1.576
1115.000 1.518
1120.000 1.468
1125.000 1.405
1130.000 1.408
1135.000 1.358
1140.000 1.338
1145.000 1.276
1150.000 1.274
1155.000 1.319
1160.000 1.369
1165.000 1.329
1170.000 1.299
1175.000 1.329
1180.000 1.372
1185.000 1.344
1190.000 1.296
1195.000 1.292
1200.000 1.245
1205.000 1.326
1210.000 1.387
1215.000 1.293
1220.000 1.281
1225.000 1.277
1230.000 1.285
1235.000 1.316
1240.000 1.305
1245.000 1.305
1250.000 1.280
1255.000 1.322
1260.000 1.309
1265.000 1.263
1270.000 1.364
1275.000 1.312
1280.000 1.353
1285.000 1.381
1290.000 1.408
1295.000 1.443
1300.000 1.442
1305.000 1.458
1310.000 1.465
1315.000 1.473
1320.000 1.521
1325.000 1.619
1330.000 1.619
1335.000 1.617
1340.000 1.600
1345.000 1.622
1350.000 1.675
1355.000 1.704
1360.000 1.741
1365.000 1.746
1370.000 1.752
1375.000 1.827
1380.000 1.850
1385.000 1.882
1390.000 1.937
1395.000 1.987
1400.000 2.020
1405.000 2.060
1410.000 2.173
1415.000 2.808
1420.000 2.678
1425.000 2.666
1430.000 2.610
1435.000 2.628
1440.000 2.683
1445.000 2.604
1450.000 2.579
1455.000 2.583
1460.000 2.589
1465.000 2.618
1470.000 2.675
1475.000 2.724
1480.000 2.739
1485.000 2.846
1490.000 3.105
1495.000 3.049
1500.000 3.034
1505.000 3.030
1510.000 3.188
1515.000 3.184
1520.000 3.120
1525.000 3.099
1530.000 3.558
1535.000 3.463
1540.000 3.426
1545.000 3.379
1550.000 3.365
1555.000 3.467
1560.000 3.487
1565.000 3.483
1570.000 3.435
1575.000 3.413
1580.000 3.453
1585.000 3.488
1590.000 3.500
1595.000 3.518
1600.000 3.524
1605.000 3.524
1610.000 3.544
1615.000 3.586
1620.000 3.638
1625.000 3.598
1630.000 3.618
1635.000 3.629
1640.000 3.581
1645.000 3.556
1650.000 3.542
1655.000 3.471
1660.000 3.395
1665.000 3.369
1670.000 3.297
1675.000 3.263
1680.000 3.167
1685.000 3.129
1690.000 3.112
1695.000 3.119
1700.000 3.099
1705.000 3.313
1710.000 3.516
1715.000 3.651
1720.000 3.950
1725.000 4.158
1730.000 4.611
1735.000 5.202
1740.000 5.522
1745.000 6.229
1750.000 6.717
1755.000 7.091
1760.000 7.290
1765.000 7.822
1770.000 8.159
1775.000 8.408
1780.000 9.043
1785.000 9.164
1790.000 9.114
1795.000 9.131
1800.000 9.233
1805.000 9.221
1810.000 9.277
1815.000 9.364
1820.000 9.812
1825.000 9.887
1830.000 10.019
1835.000 10.320
1840.000 10.421
1845.000 10.697
1850.000 10.858
1855.000 11.122
1860.000 11.297
1865.000 11.531
1870.000 11.826
1875.000 11.921
1880.000 12.204
1885.000 12.502
1890.000 12.641
1895.000 12.926
1900.000 12.993
1905.000 13.335
1910.000 13.609
1915.000 13.721
1920.000 14.008
1925.000 14.146
1930.000 14.458
1935.000 14.562
1940.000 14.810
1945.000 15.036
1950.000 15.168
1955.000 15.482
1960.000 15.691
1965.000 15.793
1970.000 16.068
1975.000 16.159
1980.000 16.383
1985.000 16.636
1990.000 16.694
1995.000 16.900
2000.000 17.121
2005.000 17.263
2010.000 17.473
2015.000 17.650
2020.000 17.727
2025.000 17.895
2030.000 18.092
2035.000 18.286
2040.000 18.323
2045.000 18.429
2050.000 18.616
2055.000 18.735
2060.000 18.783
2065.000 18.947
2070.000 19.167
2075.000 19.556
2080.000 19.600
2085.000 19.710
2090.000 19.748
2095.000 19.848
2100.000 19.919
2105.000 20.125
2110.000 20.196
2115.000 20.359
2120.000 20.516
2125.000 20.562
2130.000 20.739
2135.000 20.753
2140.000 20.913
2145.000 21.084
2150.000 21.162
2155.000 21.379
2160.000 21.435
2165.000 21.608
2170.000 21.715
2175.000 21.881
2180.000 22.112
2185.000 22.247
2190.000 22.447
2195.000 22.612
2200.000 22.700
2205.000 22.926
2210.000 23.041
2215.000 23.262
2220.000 23.532
2225.000 23.553
2230.000 23.797
2235.000 23.919
2240.000 24.148
2245.000 24.376
2250.000 24.521
2255.000 24.849
2260.000 25.001
2265.000 25.283
2270.000 25.655
2275.000 25.821
2280.000 26.104
2285.000 26.279
2290.000 26.591
2295.000 26.987
2300.000 27.175
2305.000 27.580
2310.000 27.778
2315.000 28.205
2320.000 28.616
2325.000 28.832
2330.000 29.319
2335.000 29.597
2340.000 30.087
2345.000 30.273
2350.000 30.664
2355.000 31.014
2360.000 31.222
2365.000 31.657
2370.000 31.879
2375.000 32.260
2380.000 32.583
2385.000 32.775
2390.000 33.028
2395.000 33.298
2400.000 33.455
2405.000 33.450
2410.000 33.467
2415.000 33.492
2420.000 33.364
2425.000 33.243
2430.000 32.978
2435.000 32.702
2440.000 32.235
2445.000 31.597
2450.000 31.327
2455.000 30.716
2460.000 30.221
2465.000 29.429
2470.000 28.510
2475.000 28.031
2480.000 27.544
2485.000 26.656
2490.000 25.782
2495.000 25.022
2500.000 24.532
2505.000 23.692
2510.000 23.338
2515.000 22.484
2520.000 21.724
2525.000 21.364
2530.000 20.589
2535.000 20.184
2540.000 19.478
2545.000 19.087
2550.000 18.447
2555.000 17.682
2560.000 17.299
2565.000 16.618
2570.000 15.972
2575.000 15.638
2580.000 15.376
2585.000 14.786
2590.000 14.300
2595.000 14.025
2600.000 13.549
2605.000 13.359
2610.000 12.923
2615.000 12.560
2620.000 12.116
2625.000 11.941
2630.000 11.564
2635.000 11.378
2640.000 11.048
2645.000 10.725
2650.000 10.560
2655.000 10.257
2660.000 10.095
2665.000 9.815
2670.000 9.671
2675.000 9.377
2680.000 9.075
2685.000 9.005
2690.000 8.748
2695.000 8.623
2700.000 8.375
2705.000 8.138
2710.000 8.059
2715.000 7.829
2720.000 7.717
2725.000 7.521
2730.000 7.317
2735.000 7.239
2740.000 7.029
2745.000 6.960
2750.000 6.772
2755.000 6.592
2760.000 6.522
2765.000 6.370
2770.000 6.260
2775.000 5.994
2780.000 5.798
2785.000 5.686
2790.000 5.493
2795.000 5.391
2800.000 5.223
2805.000 5.106
2810.000 4.911
2815.000 4.802
2820.000 4.719
2825.000 4.565
2830.000 4.445
2835.000 4.361
2840.000 4.218
2845.000 4.175
2850.000 4.059
2855.000 3.949
2860.000 3.910
2865.000 3.783
2870.000 3.715
2875.000 3.619
2880.000 3.517
2885.000 3.471
2890.000 3.411
2895.000 3.337
2900.000 3.262
2905.000 3.223
2910.000 3.131
2915.000 3.042
2920.000 3.009
2925.000 2.950
2930.000 2.932
2935.000 2.859
2940.000 2.789
2945.000 2.762
2950.000 2.698
2955.000 2.616
2960.000 2.586
2965.000 2.558
2970.000 2.503
2975.000 2.471
2980.000 2.414
2985.000 2.387
2990.000 2.350
2995.000 2.319
3000.000 2.275
3005.000 2.212
3010.000 2.236
3015.000 2.207
3020.000 2.184
3025.000 2.179
3030.000 2.096
3035.000 2.073
3040.000 2.021
3045.000 1.995
3050.000 2.029
3055.000 1.956
3060.000 1.913
3065.000 1.862
3070.000 1.863
3075.000 1.833
3080.000 1.833
3085.000 1.802
3090.000 1.758
3095.000 1.747
3100.000 1.719
3105.000 1.719
3110.000 1.685
3115.000 1.647
3120.000 1.641
3125.000 1.591
3130.000 1.599
3135.000 1.559
3140.000 1.544
3145.000 1.552
3150.000 1.503
3155.000 1.467
3160.000 1.481
3165.000 1.455
3170.000 1.438
3175.000 1.412
3180.000 1.387
3185.000 1.379
3190.000 1.358
3195.000 1.348
3200.000 1.344
3205.000 1.334
3210.000 1.312
3215.000 1.299
3220.000 1.288
3225.000 1.275
3230.000 1.263
3235.000 1.247
3240.000 1.235
3245.000 1.232
3250.000 1.226
3255.000 1.220
3260.000 1.187
3265.000 1.179
3270.000 1.185
3275.000 1.161
3280.000 1.150
3285.000 1.154
3290.000 1.124
3295.000 1.132
3300.000 1.114
3305.000 1.116
3310.000 1.102
3315.000 1.100
3320.000 1.078
3325.000 1.069
3330.000 1.077
3335.000 1.056
3340.000 1.070
3345.000 1.073
3350.000 1.057
3355.000 1.072
3360.000 1.060
3365.000 1.051
3370.000 1.044
3375.000 1.040
3380.000 1.065
3385.000 1.023
3390.000 1.030
3395.000 1.003
3400.000 1.024
3405.000 0.993
3410.000 1.040
3415.000 0.958
3420.000 1.056
3425.000 0.926
3430.000 0.961
3435.000 0.978
3440.000 0.920
3445.000 1.117
3450.000 1.130
3455.000 0.795
3460.000 1.138
3465.000 1.142
3470.000 1.173
3475.000 0.701
3480.000 1.171
3485.000 1.193
3490.000 0.654
3495.000 0.792
3500.000 0.684
3505.000 0.679
3510.000 0.976
3515.000 0.911
3520.000 1.114
3525.000 0.692
3530.000 0.705
3535.000 0.948
3540.000 1.087
3545.000 1.074
3550.000 0.952
3555.000 1.047
3560.000 0.954
3565.000 1.000
3570.000 0.935
3575.000 0.974
3580.000 0.872
3585.000 0.939
3590.000 0.912
3595.000 0.905
3600.000 0.891
3605.000 0.918
3610.000 0.911
3615.000 0.897
3620.000 0.909
3625.000 0.920
3630.000 0.930
3635.000 0.920
3640.000 0.859
3645.000 0.885
3650.000 0.860
3655.000 0.902
3660.000 0.897
3665.000 0.882
3670.000 0.891
3675.000 0.865
3680.000 0.907
3685.000 0.891
3690.000 0.883
3695.000 0.896
3700.000 0.889
3705.000 0.874
3710.000 0.909
3715.000 0.888
3720.000 0.906
3725.000 0.934
3730.000 0.897
3735.000 0.886
3740.000 0.892
3745.000 0.922
3750.000 0.908
3755.000 0.919
3760.000 0.932
3765.000 0.919
3770.000 0.933
3775.000 0.909
3780.000 0.944
3785.000 0.948
3790.000 0.977
3795.000 0.951
3800.000 0.944
3805.000 0.949
3810.000 0.942
3815.000 0.945
3820.000 0.937
3825.000 0.949
3830.000 0.941
3835.000 0.968
3840.000 0.975
3845.000 0.975
3850.000 0.959
3855.000 0.950
3860.000 0.944
3865.000 0.970
3870.000 0.983
3875.000 0.964
3880.000 0.970
3885.000 0.996
3890.000 0.986
3895.000 0.980
3900.000 1.001
3905.000 1.006
3910.000 1.004
3915.000 1.030
3920.000 1.006
3925.000 1.020
3930.000 1.021
3935.000 1.028
3940.000 1.058
3945.000 1.039
3950.000 1.051
3955.000 1.055
3960.000 1.059
3965.000 1.097
3970.000 1.079
3975.000 1.078
3980.000 1.099
3985.000 1.155
3990.000 1.157
3995.000 1.152
4000.000 1.170
4005.000 1.158
4010.000 1.132
4015.000 1.162
4020.000 1.191
4025.000 1.141
4030.000 1.166
4035.000 1.201
4040.000 1.278
4045.000 1.228
4050.000 1.236
4055.000 1.285
4060.000 1.252
4065.000 1.279
4070.000 1.283
4075.000 1.282
4080.000 1.344
4085.000 1.334
4090.000 1.356
4095.000 1.347
4100.000 1.368
4105.000 1.385
4110.000 1.400
4115.000 1.394
4120.000 1.441
4125.000 1.492
4130.000 1.449
4135.000 1.487
4140.000 1.500
4145.000 1.511
4150.000 1.522
4155.000 1.541
4160.000 1.567
4165.000 1.577
4170.000 1.632
4175.000 1.655
4180.000 1.683
4185.000 1.691
4190.000 1.711
4195.000 1.780
4200.000 1.787
4205.000 1.809
4210.000 1.841
4215.000 1.897
4220.000 1.876
4225.000 1.940
4230.000 1.974
4235.000 2.010
4240.000 2.026
4245.000 2.072
4250.000 2.125
4255.000 2.149
4260.000 2.187
4265.000 2.241
4270.000 2.288
4275.000 2.321
4280.000 2.340
4285.000 2.354
4290.000 2.362
4295.000 2.423
4300.000 2.451
4305.000 2.465
4310.000 2.447
4315.000 2.489
4320.000 2.455
4325.000 2.466
4330.000 2.499
4335.000 2.483
4340.000 2.546
4345.000 2.604
4350.000 2.674
4355.000 2.713
4360.000 2.795
4365.000 2.869
4370.000 2.980
4375.000 3.092
4380.000 3.147
4385.000 3.247
4390.000 3.311
4395.000 3.385
4400.000 3.552
4405.000 3.602
4410.000 3.732
4415.000 3.843
4420.000 3.991
4425.000 4.178
4430.000 4.284
4435.000 4.435
4440.000 4.504
4445.000 4.574
4450.000 4.750
4455.000 5.002
4460.000 5.194
4465.000 5.338
4470.000 5.634
4475.000 5.787
4480.000 6.035
4485.000 6.198
4490.000 6.552
4495.000 6.868
4500.000 7.049
4505.000 7.517
4510.000 7.952
4515.000 8.189
4520.000 8.805
4525.000 9.128
4530.000 9.726
4535.000 10.480
4540.000 10.840
4545.000 11.825
4550.000 12.374
4555.000 13.513
4560.000 14.943
4565.000 15.767
4570.000 17.656
4575.000 18.749
4580.000 21.425
4585.000 24.866
4590.000 26.775
4595.000 28.652
4600.000 32.503
4605.000 36.017
4610.000 39.124
4615.000 40.465
4620.000 42.777
4625.000 43.449
4630.000 44.116
4635.000 43.865
4640.000 41.892
4645.000 38.203
4650.000 36.150
4655.000 32.166
4660.000 28.669
4665.000 27.068
4670.000 24.468
4675.000 23.395
4680.000 21.672
4685.000 20.551
4690.000 20.090
4695.000 19.179
4700.000 18.796
4705.000 18.096
4710.000 17.441
4715.000 17.086
4720.000 16.515
4725.000 16.268
4730.000 15.732
4735.000 15.449
4740.000 14.906
4745.000 14.192
4750.000 13.932
4755.000 13.447
4760.000 13.261
4765.000 12.827
4770.000 12.365
4775.000 12.069
4780.000 11.548
4785.000 11.334
4790.000 10.813
4795.000 10.399
4800.000 10.151
4805.000 9.713
4810.000 9.516
4815.000 9.081
4820.000 8.669
4825.000 8.516
4830.000 8.202
4835.000 8.022
4840.000 7.657
4845.000 7.370
4850.000 7.246
4855.000 7.037
4860.000 6.879
4865.000 6.682
4870.000 6.509
4875.000 6.443
4880.000 6.275
4885.000 6.261
4890.000 6.166
4895.000 6.126
4900.000 6.134
4905.000 6.124
4910.000 6.115
4915.000 6.183
4920.000 6.198
4925.000 6.298
4930.000 6.355
4935.000 6.372
4940.000 6.519
4945.000 6.686
4950.000 6.742
4955.000 6.900
4960.000 6.981
4965.000 7.101
4970.000 7.266
4975.000 7.342
4980.000 7.524
4985.000 7.631
4990.000 7.782
4995.000 7.880
5000.000 8.083
5005.000 8.260
5010.000 8.429
5015.000 8.596
5020.000 8.773
5025.000 8.868
5030.000 9.077
5035.000 9.200
5040.000 9.408
5045.000 9.594
5050.000 9.679
5055.000 9.765
5060.000 10.014
5065.000 10.201
5070.000 10.380
5075.000 10.496
5080.000 10.630
5085.000 10.745
5090.000 10.874
5095.000 11.029
5100.000 11.077
5105.000 11.146
5110.000 11.171
5115.000 11.319
5120.000 11.431
5125.000 11.584
5130.000 11.563
5135.000 11.595
5140.000 11.598
5145.000 11.614
5150.000 11.645
5155.000 11.631
5160.000 11.659
5165.000 11.633
5170.000 11.617
5175.000 11.594
5180.000 11.513
5185.000 11.478
5190.000 11.473
5195.000 11.408
5200.000 11.361
5205.000 11.282
5210.000 11.235
5215.000 11.175
5220.000 11.065
5225.000 11.021
5230.000 10.891
5235.000 10.861
5240.000 10.722
5245.000 10.645
5250.000 10.596
5255.000 10.495
5260.000 10.398
5265.000 10.299
5270.000 10.149
5275.000 10.106
5280.000 10.072
5285.000 9.991
5290.000 9.916
5295.000 9.878
5300.000 9.765
5305.000 9.679
5310.000 9.589
5315.000 9.503
5320.000 9.381
5325.000 9.316
5330.000 9.216
5335.000 9.164
5340.000 9.080
5345.000 8.994
5350.000 8.884
5355.000 8.865
5360.000 8.747
5365.000 8.658
5370.000 8.603
5375.000 8.511
5380.000 8.500
5385.000 8.433
5390.000 8.351
5395.000 8.314
5400.000 8.261
5405.000 8.164
5410.000 8.094
5415.000 8.022
5420.000 7.984
5425.000 7.884
5430.000 7.842
5435.000 7.798
5440.000 7.724
5445.000 7.754
5450.000 7.640
5455.000 7.572
5460.000 7.545
5465.000 7.502
5470.000 7.487
5475.000 7.399
5480.000 7.364
5485.000 7.322
5490.000 7.248
5495.000 7.248
5500.000 7.230
5505.000 7.171
5510.000 7.179
5515.000 7.148
5520.000 7.194
5525.000 7.086
5530.000 7.119
5535.000 6.997
5540.000 6.922
5545.000 6.892
5550.000 6.875
5555.000 6.821
5560.000 6.778
5565.000 6.775
5570.000 6.788
5575.000 6.707
5580.000 6.665
5585.000 6.634
5590.000 6.608
5595.000 6.622
5600.000 6.556
5605.000 6.535
5610.000 6.501
5615.000 6.466
5620.000 6.464
5625.000 6.450
5630.000 6.419
5635.000 6.400
5640.000 6.348
5645.000 6.353
5650.000 6.315
5655.000 6.310
5660.000 6.314
5665.000 6.284
5670.000 6.237
5675.000 6.200
5680.000 6.185
5685.000 6.215
5690.000 6.157
5695.000 6.186
5700.000 6.135
5705.000 6.106
5710.000 6.090
5715.000 6.090
5720.000 6.097
5725.000 6.037
5730.000 6.062
5735.000 6.062
5740.000 6.026
5745.000 6.062
5750.000 6.027
5755.000 6.023
5760.000 6.010
5765.000 5.999
5770.000 6.024
5775.000 5.971
5780.000 5.981
5785.000 5.951
5790.000 5.916
5795.000 5.931
5800.000 5.931
5805.000 5.952
5810.000 5.958
5815.000 5.958
5820.000 5.983
5825.000 5.955
5830.000 5.918
5835.000 5.893
5840.000 5.861
5845.000 5.869
5850.000 5.897
5855.000 5.872
5860.000 5.836
5865.000 5.867
5870.000 5.873
5875.000 5.872
5880.000 5.869
5885.000 5.847
5890.000 5.855
5895.000 5.838
5900.000 5.869
5905.000 5.846
5910.000 5.835
5915.000 5.840
5920.000 5.864
5925.000 5.854
5930.000 5.902
5935.000 5.845
5940.000 5.865
5945.000 5.876
5950.000 5.882
5955.000 5.859
5960.000 5.846
5965.000 5.887
5970.000 5.886
5975.000 5.870
5980.000 5.874
5985.000 5.887
5990.000 5.899
5995.000 5.930
6000.000 5.965
6005.000 5.940
6010.000 5.924
6015.000 5.925
6020.000 5.898
6025.000 5.960
6030.000 5.983
6035.000 5.935
6040.000 5.992
6045.000 5.957
6050.000 5.981
6055.000 5.957
6060.000 5.957
6065.000 6.008
6070.000 5.979
6075.000 6.011
6080.000 5.992
6085.000 6.020
6090.000 6.033
6095.000 6.016
6100.000 6.039
6105.000 6.049
6110.000 6.086
6115.000 6.087
6120.000 6.091
6125.000 6.123
6130.000 6.153
6135.000 6.125
6140.000 6.109
6145.000 6.105
6150.000 6.164
6155.000 6.197
6160.000 6.165
6165.000 6.108
6170.000 6.130
6175.000 6.205
6180.000 6.181
6185.000 6.236
6190.000 6.247
6195.000 6.257
6200.000 6.342
6205.000 6.391
6210.000 6.396
6215.000 6.413
6220.000 6.389
6225.000 6.419
6230.000 6.440
6235.000 6.450
6240.000 6.494
6245.000 6.495
6250.000 6.570
6255.000 6.596
6260.000 6.630
6265.000 6.628
6270.000 6.669
6275.000 6.684
6280.000 6.695
6285.000 6.703
6290.000 6.793
6295.000 6.828
6300.000 6.825
6305.000 6.901
6310.000 6.956
6315.000 6.965
6320.000 6.957
6325.000 6.997
6330.000 7.015
6335.000 7.052
6340.000 7.103
6345.000 7.099
6350.000 7.137
6355.000 7.188
6360.000 7.207
6365.000 7.257
6370.000 7.288
6375.000 7.312
6380.000 7.351
6385.000 7.406
6390.000 7.449
6395.000 7.490
6400.000 7.560
6405.000 7.565
6410.000 7.589
6415.000 7.666
6420.000 7.673
6425.000 7.739
6430.000 7.777
6435.000 7.857
6440.000 7.911
6445.000 7.926
6450.000 7.990
6455.000 8.000
6460.000 8.093
6465.000 8.124
6470.000 8.212
6475.000 8.313
6480.000 8.343
6485.000 8.381
6490.000 8.502
6495.000 8.530
6500.000 8.621
6505.000 8.655
6510.000 8.748
6515.000 8.833
6520.000 8.889
6525.000 9.040
6530.000 9.076
6535.000 9.159
6540.000 9.214
6545.000 9.296
6550.000 9.355
6555.000 9.405
6560.000 9.525
6565.000 9.609
6570.000 9.685
6575.000 9.809
6580.000 9.890
6585.000 9.992
6590.000 10.083
6595.000 10.238
6600.000 10.359
6605.000 10.486
6610.000 10.627
6615.000 10.715
6620.000 10.885
6625.000 11.007
6630.000 11.159
6635.000 11.368
6640.000 11.445
6645.000 11.656
6650.000 11.860
6655.000 11.999
6660.000 12.237
6665.000 12.389
6670.000 12.622
6675.000 12.818
6680.000 12.951
6685.000 13.303
6690.000 13.479
6695.000 13.769
6700.000 14.089
6705.000 14.257
6710.000 14.579
6715.000 14.776
6720.000 15.140
6725.000 15.369
6730.000 15.810
6735.000 16.267
6740.000 16.419
6745.000 16.920
6750.000 17.455
6755.000 17.748
6760.000 18.307
6765.000 18.631
6770.000 19.299
6775.000 20.037
6780.000 20.463
6785.000 21.249
6790.000 21.709
6795.000 22.774
6800.000 23.627
6805.000 24.141
6810.000 25.084
6815.000 25.705
6820.000 26.822
6825.000 27.425
6830.000 28.729
6835.000 30.158
6840.000 31.044
6845.000 32.883
6850.000 33.921
6855.000 36.168
6860.000 37.331
6865.000 39.207
6870.000 40.555
6875.000 41.489
6880.000 41.823
6885.000 42.123
6890.000 42.536
6895.000 42.464
6900.000 41.905
6905.000 41.445
6910.000 39.936
6915.000 39.019
6920.000 37.217
6925.000 35.283
6930.000 34.244
6935.000 32.122
6940.000 31.079
6945.000 29.289
6950.000 27.728
6955.000 26.974
6960.000 25.606
6965.000 24.938
6970.000 23.788
6975.000 23.170
6980.000 22.052
6985.000 20.947
6990.000 20.430
6995.000 19.393
7000.000 18.521
7005.000 18.089
7010.000 17.291
7015.000 16.969
7020.000 16.275
7025.000 15.679
7030.000 15.388
7035.000 15.132
7040.000 14.589
7045.000 14.087
7050.000 13.871
7055.000 13.453
7060.000 13.113
7065.000 12.875
7070.000 12.478
7075.000 12.108
7080.000 11.903
7085.000 11.584
7090.000 11.402
7095.000 11.059
7100.000 10.766
7105.000 10.623
7110.000 10.500
7115.000 10.255
7120.000 9.966
7125.000 9.814
7130.000 9.489
7135.000 9.194
7140.000 9.052
7145.000 8.677
7150.000 8.496
7155.000 8.156
7160.000 8.018
7165.000 7.730
7170.000 7.489
7175.000 7.382
7180.000 7.150
7185.000 6.928
7190.000 6.821
7195.000 6.626
7200.000 6.531
7205.000 6.356
7210.000 6.181
7215.000 6.119
7220.000 5.962
7225.000 5.881
7230.000 5.749
7235.000 5.656
7240.000 5.587
7245.000 5.463
7250.000 5.409
7255.000 5.278
7260.000 5.166
7265.000 5.095
7270.000 5.004
7275.000 4.971
7280.000 4.867
7285.000 4.782
7290.000 4.769
7295.000 4.693
7300.000 4.646
7305.000 4.560
7310.000 4.537
7315.000 4.496
7320.000 4.447
7325.000 4.356
7330.000 4.291
7335.000 4.267
7340.000 4.232
7345.000 4.159
7350.000 4.119
7355.000 4.085
7360.000 3.999
7365.000 3.974
7370.000 3.952
7375.000 3.931
7380.000 3.881
7385.000 3.826
7390.000 3.811
7395.000 3.793
7400.000 3.774
7405.000 3.736
7410.000 3.670
7415.000 3.664
7420.000 3.612
7425.000 3.609
7430.000 3.593
7435.000 3.531
7440.000 3.521
7445.000 3.488
7450.000 3.478
7455.000 3.451
7460.000 3.415
7465.000 3.400
7470.000 3.381
7475.000 3.389
7480.000 3.347
7485.000 3.316
7490.000 3.320
7495.000 3.290
7500.000 3.292
7505.000 3.270
7510.000 3.272
7515.000 3.249
7520.000 3.216
7525.000 3.209
7530.000 3.184
7535.000 3.193
7540.000 3.192
7545.000 3.160
7550.000 3.157
7555.000 3.115
7560.000 3.117
7565.000 3.124
7570.000 3.105
7575.000 3.092
7580.000 3.060
7585.000 3.047
7590.000 3.035
7595.000 3.030
7600.000 3.022
7605.000 3.010
7610.000 3.012
7615.000 2.999
7620.000 2.986
7625.000 2.982
7630.000 2.996
7635.000 2.979
7640.000 2.949
7645.000 2.951
7650.000 2.935
7655.000 2.929
7660.000 2.930
7665.000 2.940
7670.000 2.917
7675.000 2.912
7680.000 2.904
7685.000 2.890
7690.000 2.884
7695.000 2.895
7700.000 2.873
7705.000 2.858
7710.000 2.877
7715.000 2.875
7720.000 2.854
7725.000 2.838
7730.000 2.830
7735.000 2.841
7740.000 2.848
7745.000 2.834
7750.000 2.815
7755.000 2.798
7760.000 2.801
7765.000 2.801
7770.000 2.787
7775.000 2.773
7780.000 2.786
7785.000 2.779
7790.000 2.772
7795.000 2.760
7800.000 2.760
7805.000 2.737
7810.000 2.745
7815.000 2.747
7820.000 2.746
7825.000 2.720
7830.000 2.726
7835.000 2.741
7840.000 2.725
7845.000 2.703
7850.000 2.699
7855.000 2.730
7860.000 2.727
7865.000 2.729
7870.000 2.707
7875.000 2.730
7880.000 2.719
7885.000 2.716
7890.000 2.721
7895.000 2.762
7900.000 2.752
7905.000 2.743
7910.000 2.763
7915.000 2.768
7920.000 2.765
7925.000 2.763
7930.000 2.770
7935.000 2.762
7940.000 2.793
7945.000 2.806
7950.000 2.834
7955.000 2.873
7960.000 2.901
7965.000 2.957
7970.000 2.938
7975.000 2.932
7980.000 2.910
7985.000 2.902
7990.000 2.879
7995.000 2.894
8000.000 2.899
8005.000 2.889
8010.000 2.886
8015.000 2.891
8020.000 2.893
8025.000 2.933
8030.000 2.905
8035.000 2.924
8040.000 2.954
8045.000 2.944
8050.000 2.942
8055.000 2.938
8060.000 2.977
8065.000 2.950
8070.000 2.945
8075.000 2.955
8080.000 2.983
8085.000 2.962
8090.000 2.980
8095.000 3.027
8100.000 3.005
8105.000 3.025
8110.000 3.030
8115.000 3.030
8120.000 3.052
8125.000 3.083
8130.000 3.089
8135.000 3.109
8140.000 3.108
8145.000 3.106
8150.000 3.118
8155.000 3.151
8160.000 3.160
8165.000 3.157
8170.000 3.180
8175.000 3.186
8180.000 3.207
8185.000 3.223
8190.000 3.209
8195.000 3.225
8200.000 3.251
8205.000 3.266
8210.000 3.275
8215.000 3.275
8220.000 3.284
8225.000 3.306
8230.000 3.337
8235.000 3.341
8240.000 3.346
8245.000 3.350
8250.000 3.374
8255.000 3.374
8260.000 3.402
8265.000 3.395
8270.000 3.390
8275.000 3.383
8280.000 3.404
8285.000 3.369
8290.000 3.396
8295.000 3.396
8300.000 3.422
8305.000 3.462
8310.000 3.513
8315.000 3.589
8320.000 3.659
8325.000 3.755
8330.000 3.793
8335.000 3.807
8340.000 3.831
8345.000 3.862
8350.000 3.849
8355.000 3.884
8360.000 3.897
8365.000 3.893
8370.000 3.927
8375.000 3.946
8380.000 3.989
8385.000 3.982
8390.000 3.999
8395.000 4.023
8400.000 4.024
8405.000 4.048
8410.000 4.080
8415.000 4.097
8420.000 4.111
8425.000 4.129
8430.000 4.148
8435.000 4.187
8440.000 4.207
8445.000 4.180
8450.000 4.207
8455.000 4.217
8460.000 4.245
8465.000 4.273
8470.000 4.284
8475.000 4.302
8480.000 4.344
8485.000 4.338
8490.000 4.376
8495.000 4.414
8500.000 4.394
8505.000 4.451
8510.000 4.436
8515.000 4.477
8520.000 4.493
8525.000 4.549
8530.000 4.575
8535.000 4.575
8540.000 4.598
8545.000 4.620
8550.000 4.637
8555.000 4.668
8560.000 4.678
8565.000 4.730
8570.000 4.760
8575.000 4.803
8580.000 4.817
8585.000 4.825
8590.000 4.880
8595.000 4.899
8600.000 4.928
8605.000 4.966
8610.000 5.012
8615.000 5.040
8620.000 5.034
8625.000 5.112
8630.000 5.118
8635.000 5.153
8640.000 5.233
8645.000 5.226
8650.000 5.292
8655.000 5.313
8660.000 5.348
8665.000 5.411
8670.000 5.450
8675.000 5.516
8680.000 5.515
8685.000 5.638
8690.000 5.640
8695.000 5.703
8700.000 5.766
8705.000 5.779
8710.000 5.814
8715.000 5.852
8720.000 5.916
8725.000 5.956
8730.000 5.989
8735.000 6.076
8740.000 6.157
8745.000 6.211
8750.000 6.278
8755.000 6.318
8760.000 6.422
8765.000 6.463
8770.000 6.490
8775.000 6.592
8780.000 6.633
8785.000 6.695
8790.000 6.789
8795.000 6.806
8800.000 6.937
8805.000 6.957
8810.000 7.062
8815.000 7.192
8820.000 7.238
8825.000 7.348
8830.000 7.455
8835.000 7.576
8840.000 7.597
8845.000 7.706
8850.000 7.776
8855.000 7.820
8860.000 7.976
8865.000 8.098
8870.000 8.196
8875.000 8.367
8880.000 8.440
8885.000 8.583
8890.000 8.719
8895.000 8.799
8900.000 8.973
8905.000 9.038
8910.000 9.251
8915.000 9.424
8920.000 9.495
8925.000 9.699
8930.000 9.768
8935.000 10.005
8940.000 10.229
8945.000 10.341
8950.000 10.578
8955.000 10.724
8960.000 10.956
8965.000 11.223
8970.000 11.371
8975.000 11.657
8980.000 11.800
8985.000 12.126
8990.000 12.497
8995.000 12.694
9000.000 13.056
9005.000 13.283
9010.000 13.684
9015.000 14.116
9020.000 14.361
9025.000 14.866
9030.000 15.064
9035.000 15.680
9040.000 16.273
9045.000 16.556
9050.000 17.278
9055.000 17.645
9060.000 18.528
9065.000 19.418
9070.000 19.900
9075.000 20.865
9080.000 21.459
9085.000 22.686
9090.000 23.969
9095.000 24.649
9100.000 26.117
9105.000 26.878
9110.000 28.604
9115.000 30.542
9120.000 31.579
9125.000 33.845
9130.000 35.082
9135.000 37.624
9140.000 39.778
9145.000 40.623
9150.000 41.556
9155.000 41.693
9160.000 41.220
9165.000 39.936
9170.000 39.309
9175.000 37.971
9180.000 37.139
9185.000 35.060
9190.000 32.665
9195.000 31.334
9200.000 29.161
9205.000 28.176
9210.000 26.473
9215.000 25.636
9220.000 24.146
9225.000 22.831
9230.000 22.151
9235.000 20.924
9240.000 20.336
9245.000 19.223
9250.000 18.168
9255.000 17.672
9260.000 16.833
9265.000 16.458
9270.000 15.705
9275.000 15.060
9280.000 14.752
9285.000 14.196
9290.000 13.911
9295.000 13.344
9300.000 12.863
9305.000 12.645
9310.000 12.193
9315.000 12.008
9320.000 11.592
9325.000 11.158
9330.000 11.011
9335.000 10.666
9340.000 10.472
9345.000 10.148
9350.000 9.841
9355.000 9.691
9360.000 9.409
9365.000 9.251
9370.000 8.965
9375.000 8.698
9380.000 8.553
9385.000 8.272
9390.000 8.135
9395.000 7.810
9400.000 7.430
9405.000 7.267
9410.000 6.968
9415.000 6.862
9420.000 6.587
9425.000 6.302
9430.000 6.209
9435.000 5.991
9440.000 5.887
9445.000 5.689
9450.000 5.509
9455.000 5.418
9460.000 5.239
9465.000 5.180
9470.000 5.016
9475.000 4.875
9480.000 4.800
9485.000 4.674
9490.000 4.601
9495.000 4.494
9500.000 4.374
9505.000 4.325
9510.000 4.234
9515.000 4.184
9520.000 4.081
9525.000 3.986
9530.000 3.944
9535.000 3.864
9540.000 3.828
9545.000 3.763
9550.000 3.681
9555.000 3.633
9560.000 3.607
9565.000 3.549
9570.000 3.465
9575.000 3.414
9580.000 3.383
9585.000 3.343
9590.000 3.299
9595.000 3.235
9600.000 3.181
9605.000 3.163
9610.000 3.110
9615.000 3.072
9620.000 3.039
9625.000 3.019
9630.000 2.976
9635.000 2.908
9640.000 2.889
9645.000 2.847
9650.000 2.812
9655.000 2.804
9660.000 2.751
9665.000 2.737
9670.000 2.699
9675.000 2.661
9680.000 2.641
9685.000 2.605
9690.000 2.603
9695.000 2.562
9700.000 2.530
9705.000 2.503
9710.000 2.495
9715.000 2.466
9720.000 2.441
9725.000 2.405
9730.000 2.387
9735.000 2.363
9740.000 2.346
9745.000 2.332
9750.000 2.314
9755.000 2.282
9760.000 2.248
9765.000 2.253
9770.000 2.228
9775.000 2.207
9780.000 2.184
9785.000 2.180
9790.000 2.152
9795.000 2.129
9800.000 2.122
9805.000 2.113
9810.000 2.071
9815.000 2.067
9820.000 2.044
9825.000 2.040
9830.000 2.004
9835.000 1.997
9840.000 1.977
9845.000 1.965
9850.000 1.956
9855.000 1.944
9860.000 1.912
9865.000 1.907
9870.000 1.894
9875.000 1.873
9880.000 1.872
9885.000 1.855
9890.000 1.835
9895.000 1.824
9900.000 1.812
9905.000 1.811
9910.000 1.806
9915.000 1.782
9920.000 1.757
9925.000 1.764
9930.000 1.747
9935.000 1.725
9940.000 1.729
9945.000 1.716
9950.000 1.717
9955.000 1.699
9960.000 1.675
9965.000 1.672
9970.000 1.670
9975.000 1.651
9980.000 1.650
9985.000 1.645
9990.000 1.611
9995.000 1.607
10000.000 1.593
10005.000 1.591
10010.000 1.578
10015.000 1.575
10020.000 1.563
10025.000 1.557
10030.000 1.561
10035.000 1.535
10040.000 1.544
10045.000 1.548
10050.000 1.527
10055.000 1.517
10060.000 1.500
10065.000 1.487
10070.000 1.498
10075.000 1.496
10080.000 1.480
10085.000 1.476
10090.000 1.461
10095.000 1.457
10100.000 1.449
10105.000 1.431
10110.000 1.439
10115.000 1.430
10120.000 1.429
10125.000 1.412
10130.000 1.403
10135.000 1.401
10140.000 1.398
10145.000 1.399
10150.000 1.382
10155.000 1.389
10160.000 1.372
10165.000 1.367
10170.000 1.367
10175.000 1.371
10180.000 1.344
10185.000 1.350
10190.000 1.349
10195.000 1.343
10200.000 1.345
10205.000 1.321
10210.000 1.314
10215.000 1.321
10220.000 1.315
10225.000 1.324
10230.000 1.301
10235.000 1.298
10240.000 1.306
10245.000 1.300
10250.000 1.299
10255.000 1.322
10260.000 1.325
10265.000 1.339
10270.000 1.340
10275.000 1.329
10280.000 1.331
10285.000 1.328
10290.000 1.342
10295.000 1.340
10300.000 1.335
10305.000 1.343
10310.000 1.340
10315.000 1.325
10320.000 1.336
10325.000 1.324
10330.000 1.332
10335.000 1.334
10340.000 1.331
10345.000 1.327
10350.000 1.321
10355.000 1.330
10360.000 1.329
10365.000 1.318
10370.000 1.326
10375.000 1.324
10380.000 1.326
10385.000 1.327
10390.000 1.321
10395.000 1.322
10400.000 1.317
10405.000 1.323
10410.000 1.314
10415.000 1.327
10420.000 1.321
10425.000 1.318
10430.000 1.317
10435.000 1.309
10440.000 1.331
10445.000 1.317
10450.000 1.323
10455.000 1.323
10460.000 1.315
10465.000 1.320
10470.000 1.323
10475.000 1.321
10480.000 1.322
10485.000 1.329
10490.000 1.341
10495.000 1.342
10500.000 1.335
10505.000 1.349
10510.000 1.351
10515.000 1.353
10520.000 1.356
10525.000 1.351
10530.000 1.350
10535.000 1.353
10540.000 1.353
10545.000 1.344
10550.000 1.357
10555.000 1.332
10560.000 1.337
10565.000 1.329
10570.000 1.326
10575.000 1.321
10580.000 1.302
10585.000 1.307
10590.000 1.305
10595.000 1.311
10600.000 1.316
10605.000 1.316
10610.000 1.312
10615.000 1.321
10620.000 1.318
10625.000 1.324
10630.000 1.318
10635.000 1.311
10640.000 1.317
10645.000 1.329
10650.000 1.315
10655.000 1.313
10660.000 1.317
10665.000 1.329
10670.000 1.326
10675.000 1.331
10680.000 1.319
10685.000 1.310
10690.000 1.334
10695.000 1.340
10700.000 1.346
10705.000 1.337
10710.000 1.353
10715.000 1.366
10720.000 1.359
10725.000 1.357
10730.000 1.364
10735.000 1.367
10740.000 1.398
10745.000 1.409
10750.000 1.424
10755.000 1.454
10760.000 1.454
10765.000 1.467
10770.000 1.481
10775.000 1.493
10780.000 1.514
10785.000 1.518
10790.000 1.534
10795.000 1.540
10800.000 1.534
10805.000 1.536
10810.000 1.532
10815.000 1.524
10820.000 1.537
10825.000 1.527
10830.000 1.541
10835.000 1.539
10840.000 1.565
10845.000 1.575
10850.000 1.557
10855.000 1.573
10860.000 1.588
10865.000 1.596
10870.000 1.595
10875.000 1.590
10880.000 1.601
10885.000 1.609
10890.000 1.607
10895.000 1.619
10900.000 1.629
10905.000 1.628
10910.000 1.649
10915.000 1.658
10920.000 1.670
10925.000 1.667
10930.000 1.694
10935.000 1.713
10940.000 1.724
10945.000 1.717
10950.000 1.740
10955.000 1.759
10960.000 1.762
10965.000 1.784
10970.000 1.787
10975.000 1.827
10980.000 1.842
10985.000 1.875
10990.000 1.880
10995.000 1.912
11000.000 1.936
11005.000 1.972
11010.000 1.970
11015.000 1.990
11020.000 2.000
11025.000 2.060
11030.000 2.120
11035.000 2.127
11040.000 2.290
11045.000 2.291
11050.000 2.293
11055.000 2.272
11060.000 2.269
11065.000 2.304
11070.000 2.332
11075.000 2.338
11080.000 2.365
11085.000 2.391
11090.000 2.444
11095.000 2.460
11100.000 2.499
11105.000 2.559
11110.000 2.593
11115.000 2.650
11120.000 2.687
11125.000 2.709
11130.000 2.795
11135.000 2.839
11140.000 2.889
11145.000 2.916
11150.000 2.992
11155.000 3.036
11160.000 3.118
11165.000 3.200
11170.000 3.258
11175.000 3.332
11180.000 3.420
11185.000 3.489
11190.000 3.553
11195.000 3.635
11200.000 3.709
11205.000 3.844
11210.000 3.920
11215.000 4.038
11220.000 4.082
11225.000 4.243
11230.000 4.366
11235.000 4.470
11240.000 4.552
11245.000 4.732
11250.000 4.913
11255.000 5.074
11260.000 5.176
11265.000 5.278
11270.000 5.493
11275.000 5.750
11280.000 5.872
11285.000 6.152
11290.000 6.426
11295.000 6.583
11300.000 6.908
11305.000 7.085
11310.000 7.438
11315.000 7.849
11320.000 8.081
11325.000 8.540
11330.000 8.757
11335.000 9.293
11340.000 9.852
11345.000 10.185
11350.000 10.884
11355.000 11.352
11360.000 12.212
11365.000 13.226
11370.000 13.760
11375.000 15.004
11380.000 15.699
11385.000 17.565
11390.000 19.432
11395.000 20.481
11400.000 22.632
11405.000 23.722
11410.000 25.415
11415.000 26.591
11420.000 26.973
11425.000 27.029
11430.000 26.636
11435.000 25.098
11440.000 23.174
11445.000 22.212
11450.000 20.369
11455.000 19.597
11460.000 18.179
11465.000 16.938
11470.000 16.361
11475.000 15.314
11480.000 14.862
11485.000 13.958
11490.000 13.224
11495.000 12.852
11500.000 12.184
11505.000 11.862
11510.000 11.314
11515.000 10.806
11520.000 10.564
11525.000 10.108
11530.000 9.897
11535.000 9.512
11540.000 9.164
11545.000 8.963
11550.000 8.661
11555.000 8.511
11560.000 8.232
11565.000 7.955
11570.000 7.825
11575.000 7.581
11580.000 7.462
11585.000 7.202
11590.000 7.051
11595.000 6.951
11600.000 6.765
11605.000 6.674
11610.000 6.523
11615.000 6.347
11620.000 6.278
11625.000 6.166
11630.000 6.085
11635.000 5.908
11640.000 5.865
11645.000 5.759
11650.000 5.636
11655.000 5.580
11660.000 5.498
11665.000 5.384
11670.000 5.354
11675.000 5.239
11680.000 5.217
11685.000 5.111
11690.000 5.021
11695.000 4.979
11700.000 4.915
11705.000 4.868
11710.000 4.788
11715.000 4.741
11720.000 4.683
11725.000 4.602
11730.000 4.572
11735.000 4.505
11740.000 4.467
11745.000 4.425
11750.000 4.402
11755.000 4.318
11760.000 4.264
11765.000 4.240
11770.000 4.194
11775.000 4.190
11780.000 4.125
11785.000 4.101
11790.000 4.058
11795.000 4.061
11800.000 3.980
11805.000 3.970
11810.000 3.923
11815.000 3.886
11820.000 3.858
11825.000 3.823
11830.000 3.791
11835.000 3.767
11840.000 3.776
11845.000 3.722
11850.000 3.678
11855.000 3.663
11860.000 3.640
11865.000 3.630
11870.000 3.619
11875.000 3.555
11880.000 3.554
11885.000 3.509
11890.000 3.509
11895.000 3.475
11900.000 3.453
11905.000 3.447
11910.000 3.421
11915.000 3.408
11920.000 3.380
11925.000 3.358
11930.000 3.329
11935.000 3.313
11940.000 3.299
11945.000 3.291
11950.000 3.262
11955.000 3.237
11960.000 3.240
11965.000 3.239
11970.000 3.232
11975.000 3.196
11980.000 3.217
11985.000 3.175
11990.000 3.164
11995.000 3.132
12000.000 3.148
