2201.000 0.097
2202.000 0.809
2203.000 0.809
2204.000 0.851
2205.000 0.853
2206.000 0.786
2207.000 0.737
2208.000 0.711
2209.000 0.712
2210.000 0.754
2211.000 0.703
2212.000 0.622
2213.000 0.599
2214.000 0.568
2215.000 0.587
2216.000 0.569
2217.000 0.618
2218.000 0.582
2219.000 0.580
2220.000 0.529
2221.000 0.517
2222.000 0.519
2223.000 0.505
2224.000 0.452
2225.000 0.511
2226.000 0.499
2227.000 0.456
2228.000 0.505
2229.000 0.460
2230.000 0.493
2231.000 0.451
2232.000 0.437
2233.000 0.425
2234.000 0.424
2235.000 0.408
2236.000 0.442
2237.000 0.408
2238.000 0.452
2239.000 0.394
2240.000 0.403
2241.000 0.398
2242.000 0.375
2243.000 0.374
2244.000 0.460
2245.000 0.439
2246.000 0.412
2247.000 0.395
2248.000 0.425
2249.000 0.439
2250.000 0.493
2251.000 0.464
2252.000 0.501
2253.000 0.533
2254.000 0.555
2255.000 0.595
2256.000 0.629
2257.000 0.601
2258.000 0.676
2259.000 0.771
2260.000 0.799
2261.000 0.857
2262.000 0.963
2263.000 0.960
2264.000 1.005
2265.000 1.085
2266.000 1.169
2267.000 1.292
2268.000 1.323
2269.000 1.372
2270.000 1.514
2271.000 1.593
2272.000 1.701
2273.000 1.941
2274.000 2.067
2275.000 2.167
2276.000 2.343
2277.000 2.448
2278.000 2.633
2279.000 2.804
2280.000 3.215
2281.000 3.374
2282.000 3.651
2283.000 4.132
2284.000 4.449
2285.000 4.815
2286.000 5.584
2287.000 6.181
2288.000 6.971
2289.000 7.599
2290.000 8.699
2291.000 9.122
2292.000 9.440
2293.000 8.759
2294.000 7.685
2295.000 5.118
2296.000 2.985
2297.000 3.394
2298.000 19.002
2299.000 26.438
2300.000 31.169
2301.000 32.791
2302.000 29.501
2303.000 23.331
2304.000 21.072
2305.000 17.160
2306.000 14.860
2307.000 12.670
2308.000 10.151
2309.000 8.870
2310.000 7.895
2311.000 6.807
2312.000 6.406
2313.000 6.090
2314.000 5.890
2315.000 5.744
2316.000 5.511
2317.000 5.352
2318.000 5.166
2319.000 5.086
2320.000 5.048
2321.000 4.874
2322.000 4.751
2323.000 4.655
2324.000 4.528
2325.000 4.415
2326.000 4.298
2327.000 4.313
2328.000 4.145
2329.000 4.077
2330.000 4.008
2331.000 4.001
2332.000 3.938
2333.000 3.900
2334.000 3.858
2335.000 3.787
2336.000 3.734
2337.000 3.802
2338.000 3.702
2339.000 3.628
2340.000 3.653
2341.000 3.615
2342.000 3.650
2343.000 3.548
2344.000 3.485
2345.000 3.459
2346.000 3.490
2347.000 3.519
2348.000 3.468
2349.000 3.423
2350.000 3.393
2351.000 3.366
2352.000 3.374
2353.000 3.378
2354.000 3.392
2355.000 3.379
2356.000 3.357
2357.000 3.353
2358.000 3.357
2359.000 3.348
2360.000 3.341
2361.000 3.429
2362.000 3.415
2363.000 3.386
2364.000 3.392
2365.000 3.360
2366.000 3.401
2367.000 3.375
2368.000 3.411
2369.000 3.507
2370.000 3.510
2371.000 3.497
2372.000 3.569
2373.000 3.569
2374.000 3.579
2375.000 3.627
2376.000 3.686
2377.000 3.655
2378.000 3.655
2379.000 3.716
2380.000 3.747
2381.000 3.882
2382.000 3.926
2383.000 3.922
2384.000 4.008
2385.000 3.985
2386.000 4.132
2387.000 4.181
2388.000 4.276
2389.000 4.323
2390.000 4.524
2391.000 4.549
2392.000 4.688
2393.000 4.795
2394.000 4.927
2395.000 5.176
2396.000 5.371
2397.000 5.460
2398.000 5.612
2399.000 5.980
2400.000 6.197
2401.000 6.499
2402.000 6.846
2403.000 7.155
2404.000 7.750
2405.000 8.194
2406.000 9.083
2407.000 9.734
2408.000 10.453
2409.000 11.809
2410.000 12.910
2411.000 14.306
2412.000 14.964
2413.000 15.062
2414.000 14.336
2415.000 13.524
2416.000 11.671
2417.000 10.136
2418.000 8.866
2419.000 7.393
2420.000 6.641
2421.000 5.718
2422.000 5.234
2423.000 4.795
2424.000 4.301
2425.000 3.963
2426.000 3.727
2427.000 3.323
2428.000 3.185
2429.000 2.856
2430.000 2.669
2431.000 2.508
2432.000 2.319
2433.000 2.201
2434.000 2.062
2435.000 1.959
2436.000 1.842
2437.000 1.680
2438.000 1.595
2439.000 1.530
2440.000 1.468
2441.000 1.368
2442.000 1.353
2443.000 1.289
2444.000 1.228
2445.000 1.185
2446.000 1.159
2447.000 1.242
2448.000 1.161
2449.000 1.106
2450.000 1.067
2451.000 1.077
2452.000 1.023
2453.000 1.020
2454.000 0.983
2455.000 1.075
2456.000 1.027
2457.000 0.998
2458.000 1.039
2459.000 1.146
2460.000 1.130
2461.000 0.992
2462.000 0.978
2463.000 0.958
2464.000 1.550
2465.000 1.207
2466.000 1.099
2467.000 1.063
2468.000 1.018
2469.000 0.976
2470.000 0.959
2471.000 0.992
2472.000 0.967
2473.000 0.959
2474.000 0.976
2475.000 0.946
2476.000 0.969
2477.000 0.996
2478.000 0.987
2479.000 0.981
2480.000 0.975
2481.000 0.978
2482.000 0.991
2483.000 1.026
2484.000 1.024
2485.000 1.025
2486.000 1.061
2487.000 1.072
2488.000 1.072
2489.000 1.026
2490.000 1.050
2491.000 1.027
2492.000 1.037
2493.000 1.104
2494.000 1.104
2495.000 1.145
2496.000 1.118
2497.000 1.124
2498.000 1.098
2499.000 1.085
2500.000 1.080
