105.000 0.065
110.000 0.252
115.000 0.449
120.000 0.614
125.000 0.627
130.000 0.684
135.000 0.747
140.000 0.749
145.000 0.867
150.000 0.803
155.000 1.021
160.000 1.152
165.000 1.209
170.000 1.510
175.000 1.621
180.000 1.848
185.000 2.030
190.000 2.328
195.000 3.035
200.000 3.519
205.000 4.533
210.000 5.198
215.000 6.558
220.000 8.327
225.000 8.702
230.000 10.082
235.000 10.752
240.000 11.804
245.000 13.317
250.000 14.060
255.000 15.490
260.000 16.322
265.000 17.592
270.000 18.527
275.000 18.879
280.000 19.001
285.000 19.087
290.000 18.939
295.000 19.072
300.000 18.879
305.000 18.798
310.000 18.898
315.000 18.810
320.000 18.877
325.000 19.065
330.000 19.519
335.000 19.289
340.000 19.719
345.000 20.302
350.000 20.598
355.000 21.236
360.000 21.370
365.000 22.334
370.000 23.418
375.000 23.901
380.000 25.085
385.000 25.884
390.000 27.367
395.000 28.995
400.000 29.946
405.000 32.149
410.000 33.258
415.000 35.525
420.000 38.398
425.000 39.770
430.000 43.032
435.000 44.533
440.000 47.076
445.000 49.414
450.000 50.331
455.000 52.133
460.000 53.152
465.000 54.655
470.000 55.970
475.000 56.449
480.000 56.868
485.000 56.564
490.000 54.142
495.000 49.452
500.000 46.816
505.000 40.963
510.000 37.649
515.000 31.439
520.000 26.206
525.000 23.747
530.000 19.874
535.000 18.384
540.000 15.797
545.000 13.751
550.000 12.904
555.000 11.432
560.000 10.943
565.000 10.064
570.000 9.282
575.000 8.942
580.000 8.469
585.000 8.333
590.000 7.978
595.000 7.748
600.000 7.676
605.000 7.513
610.000 7.322
615.000 7.278
620.000 7.270
625.000 7.259
630.000 7.255
635.000 7.255
640.000 7.276
645.000 7.367
650.000 7.539
655.000 7.883
660.000 8.145
665.000 8.653
670.000 9.223
675.000 9.700
680.000 10.739
685.000 11.384
690.000 12.745
695.000 14.014
700.000 14.308
705.000 13.873
710.000 13.211
715.000 11.772
720.000 9.386
725.000 8.411
730.000 6.577
735.000 6.208
740.000 5.075
745.000 4.248
750.000 3.866
755.000 3.243
760.000 2.971
765.000 2.544
770.000 2.155
775.000 2.026
780.000 1.768
785.000 1.716
790.000 1.464
795.000 1.431
800.000 1.294
805.000 1.237
810.000 1.192
815.000 1.152
820.000 1.120
825.000 1.139
830.000 1.125
835.000 1.119
840.000 1.058
845.000 1.117
850.000 1.112
855.000 1.181
860.000 1.244
865.000 1.395
870.000 1.408
875.000 1.623
880.000 1.946
885.000 2.067
890.000 2.879
895.000 3.263
900.000 4.541
905.000 6.319
910.000 7.148
915.000 7.789
920.000 7.450
925.000 6.171
930.000 4.971
935.000 4.363
940.000 3.627
945.000 3.321
950.000 2.839
955.000 2.432
960.000 2.354
965.000 2.148
970.000 2.038
975.000 1.904
980.000 1.741
985.000 1.728
990.000 1.696
995.000 1.680
1000.000 1.582
1005.000 1.526
1010.000 1.502
1015.000 1.484
1020.000 1.459
1025.000 1.506
1030.000 1.468
1035.000 1.449
1040.000 1.482
1045.000 1.502
1050.000 1.533
1055.000 1.584
1060.000 1.590
1065.000 1.669
1070.000 1.785
1075.000 1.855
1080.000 2.096
1085.000 2.232
1090.000 2.565
1095.000 3.085
1100.000 3.851
1105.000 5.344
1110.000 6.396
1115.000 8.444
1120.000 9.139
1125.000 9.243
1130.000 7.682
1135.000 6.823
1140.000 5.300
1145.000 4.789
1150.000 3.932
1155.000 3.374
1160.000 3.136
1165.000 2.806
1170.000 2.692
1175.000 2.503
1180.000 2.380
1185.000 2.341
1190.000 2.229
1195.000 2.228
1200.000 2.149
1205.000 2.155
1210.000 2.215
1215.000 2.122
1220.000 2.114
1225.000 2.099
1230.000 2.151
1235.000 2.145
1240.000 2.257
1245.000 2.290
1250.000 2.395
1255.000 2.514
1260.000 2.587
1265.000 2.830
1270.000 2.936
1275.000 3.303
1280.000 3.881
1285.000 4.141
1290.000 4.987
1295.000 5.525
1300.000 6.891
1305.000 8.728
1310.000 9.495
1315.000 9.931
1320.000 9.351
1325.000 7.246
1330.000 5.135
1335.000 4.411
1340.000 3.378
1345.000 3.022
1350.000 2.497
1355.000 2.172
1360.000 2.047
1365.000 1.854
1370.000 1.852
1375.000 1.719
1380.000 1.705
1385.000 1.714
1390.000 1.690
1395.000 1.732
1400.000 1.771
1405.000 1.828
1410.000 1.916
1415.000 2.028
1420.000 2.127
1425.000 2.312
1430.000 2.447
1435.000 2.855
1440.000 3.491
1445.000 3.918
1450.000 5.156
1455.000 6.075
1460.000 8.748
1465.000 12.043
1470.000 13.726
1475.000 16.375
1480.000 16.835
1485.000 15.478
1490.000 12.020
1495.000 10.315
1500.000 7.804
1505.000 6.868
1510.000 5.535
1515.000 4.610
1520.000 4.339
1525.000 3.749
1530.000 3.526
1535.000 3.226
1540.000 3.012
1545.000 2.957
1550.000 2.808
1555.000 2.778
1560.000 2.695
1565.000 2.682
1570.000 2.620
1575.000 2.626
1580.000 2.632
1585.000 2.653
1590.000 2.689
1595.000 2.738
1600.000 2.815
1605.000 2.889
1610.000 3.068
1615.000 3.275
1620.000 3.410
1625.000 3.942
1630.000 4.184
1635.000 4.812
1640.000 5.288
1645.000 5.129
1650.000 4.201
1655.000 3.584
1660.000 2.636
1665.000 2.051
1670.000 1.853
1675.000 1.717
1680.000 1.635
1685.000 1.679
1690.000 1.791
1695.000 1.920
1700.000 2.303
1705.000 2.633
1710.000 3.624
1715.000 4.478
1720.000 4.605
1725.000 3.975
1730.000 3.539
1735.000 2.871
1740.000 2.371
1745.000 2.244
1750.000 2.000
1755.000 1.888
1760.000 1.750
1765.000 1.676
1770.000 1.613
1775.000 1.600
1780.000 1.541
1785.000 1.503
1790.000 1.481
1795.000 1.495
1800.000 1.468
1805.000 1.426
1810.000 1.411
1815.000 1.395
1820.000 1.408
1825.000 1.405
1830.000 1.385
1835.000 1.376
1840.000 1.375
1845.000 1.350
1850.000 1.353
1855.000 1.341
1860.000 1.355
1865.000 1.349
1870.000 1.331
1875.000 1.335
1880.000 1.363
1885.000 1.362
1890.000 1.421
1895.000 1.377
1900.000 1.339
1905.000 1.341
1910.000 1.338
1915.000 1.361
1920.000 1.394
1925.000 1.348
1930.000 1.332
1935.000 1.338
1940.000 1.367
1945.000 1.335
1950.000 1.360
1955.000 1.333
1960.000 1.311
1965.000 1.414
1970.000 1.378
1975.000 1.349
1980.000 1.367
1985.000 1.365
1990.000 1.403
1995.000 1.345
2000.000 1.349
2005.000 1.306
2010.000 1.379
2015.000 1.325
2020.000 1.346
2025.000 1.370
2030.000 1.327
2035.000 1.361
2040.000 1.371
2045.000 1.359
2050.000 1.305
2055.000 1.415
2060.000 1.378
2065.000 1.410
2070.000 1.350
2075.000 1.322
2080.000 1.390
2085.000 1.348
2090.000 1.397
2095.000 1.363
2100.000 1.346
2105.000 1.376
2110.000 1.351
2115.000 1.378
2120.000 1.316
2125.000 1.372
2130.000 1.355
2135.000 1.355
2140.000 1.360
2145.000 1.355
2150.000 1.342
2155.000 1.351
2160.000 1.363
2165.000 1.352
2170.000 1.390
2175.000 1.373
2180.000 1.345
2185.000 1.367
2190.000 1.364
2195.000 1.369
2200.000 1.362
2205.000 1.397
2210.000 1.346
2215.000 1.350
2220.000 1.339
2225.000 1.376
2230.000 1.374
2235.000 1.374
2240.000 1.396
2245.000 1.371
2250.000 1.358
2255.000 1.395
2260.000 1.351
2265.000 1.371
2270.000 1.362
2275.000 1.378
2280.000 1.365
2285.000 1.370
2290.000 1.388
2295.000 1.376
2300.000 1.344
2305.000 1.347
2310.000 1.368
2315.000 1.367
2320.000 1.380
2325.000 1.350
2330.000 1.356
2335.000 1.377
2340.000 1.401
2345.000 1.418
2350.000 1.396
2355.000 1.418
2360.000 1.368
2365.000 1.400
2370.000 1.354
2375.000 1.354
2380.000 1.359
2385.000 1.389
2390.000 1.374
2395.000 1.354
2400.000 1.382
2405.000 1.349
2410.000 1.384
2415.000 1.374
2420.000 1.343
2425.000 1.334
2430.000 1.335
2435.000 1.324
2440.000 1.333
2445.000 1.360
2450.000 1.365
2455.000 1.354
2460.000 1.354
2465.000 1.351
2470.000 1.401
2475.000 1.397
2480.000 1.388
2485.000 1.414
2490.000 1.363
2495.000 1.349
2500.000 1.359
2505.000 1.351
2510.000 1.382
2515.000 1.351
2520.000 1.347
2525.000 1.354
2530.000 1.391
2535.000 1.320
2540.000 1.392
2545.000 1.394
2550.000 1.374
2555.000 1.356
2560.000 1.340
2565.000 1.356
2570.000 1.348
2575.000 1.334
2580.000 1.367
2585.000 1.383
2590.000 1.483
2595.000 1.462
2600.000 1.427
2605.000 1.409
2610.000 1.425
2615.000 1.393
2620.000 1.390
2625.000 1.371
2630.000 1.383
2635.000 1.376
2640.000 1.415
2645.000 1.346
2650.000 1.369
2655.000 1.401
2660.000 1.377
2665.000 1.353
2670.000 1.404
2675.000 1.428
2680.000 1.432
2685.000 1.400
2690.000 1.434
2695.000 1.387
2700.000 1.367
2705.000 1.520
2710.000 1.494
2715.000 1.451
2720.000 1.441
2725.000 1.436
2730.000 1.408
2735.000 1.447
2740.000 1.434
2745.000 1.390
2750.000 1.506
2755.000 1.439
2760.000 1.486
2765.000 1.539
2770.000 1.497
2775.000 1.455
2780.000 1.515
2785.000 1.480
2790.000 1.473
2795.000 1.461
2800.000 1.441
2805.000 1.460
2810.000 1.412
2815.000 1.446
2820.000 1.412
2825.000 1.399
2830.000 1.388
2835.000 1.432
2840.000 1.421
2845.000 1.393
2850.000 1.372
2855.000 1.367
2860.000 1.414
2865.000 1.391
2870.000 1.398
2875.000 1.394
2880.000 1.495
2885.000 1.475
2890.000 1.427
2895.000 1.401
2900.000 1.404
2905.000 1.380
2910.000 1.405
2915.000 1.393
2920.000 1.383
2925.000 1.342
2930.000 1.361
2935.000 1.375
2940.000 1.375
2945.000 1.344
2950.000 1.355
2955.000 1.365
2960.000 1.358
2965.000 1.340
2970.000 1.369
2975.000 1.402
2980.000 1.358
2985.000 1.329
2990.000 1.401
2995.000 1.404
3000.000 1.350
3005.000 1.319
3010.000 1.440
3015.000 1.344
3020.000 1.362
3025.000 1.351
3030.000 1.354
3035.000 1.317
3040.000 1.390
3045.000 1.328
3050.000 1.330
3055.000 1.326
3060.000 1.325
3065.000 1.341
3070.000 1.349
3075.000 1.390
3080.000 1.423
3085.000 1.383
3090.000 1.470
3095.000 1.425
3100.000 1.407
3105.000 1.466
3110.000 1.486
3115.000 1.512
3120.000 1.436
3125.000 1.456
3130.000 1.424
3135.000 1.416
3140.000 1.410
3145.000 1.392
3150.000 1.393
3155.000 1.442
3160.000 1.466
3165.000 1.438
3170.000 1.448
3175.000 1.408
3180.000 1.424
3185.000 1.432
3190.000 1.434
3195.000 1.417
3200.000 1.428
3205.000 1.422
3210.000 1.449
3215.000 1.445
3220.000 1.377
3225.000 1.434
3230.000 1.422
3235.000 1.419
3240.000 1.525
3245.000 1.504
3250.000 1.473
3255.000 1.476
3260.000 1.529
3265.000 1.481
3270.000 1.502
3275.000 1.529
3280.000 1.473
3285.000 1.504
3290.000 1.527
3295.000 1.531
3300.000 1.544
3305.000 1.537
3310.000 1.531
3315.000 1.550
3320.000 1.555
3325.000 1.515
3330.000 1.579
3335.000 1.619
3340.000 1.625
3345.000 1.636
3350.000 1.641
3355.000 1.690
3360.000 1.741
3365.000 1.766
3370.000 1.827
3375.000 1.879
3380.000 1.949
3385.000 2.003
3390.000 2.190
3395.000 2.337
3400.000 2.486
3405.000 2.865
3410.000 3.078
3415.000 4.054
3420.000 5.779
3425.000 7.116
3430.000 11.309
3435.000 14.268
3440.000 21.224
3445.000 28.836
3450.000 32.657
3455.000 38.518
3460.000 39.613
3465.000 38.605
3470.000 35.755
3475.000 28.356
3480.000 21.097
3485.000 18.375
3490.000 13.828
3495.000 12.173
3500.000 9.423
3505.000 7.905
3510.000 7.063
3515.000 6.348
3520.000 5.711
3525.000 5.642
3530.000 5.355
3535.000 5.407
3540.000 4.792
3545.000 4.936
3550.000 5.184
3555.000 5.844
3560.000 6.049
3565.000 5.887
3570.000 6.099
3575.000 5.459
3580.000 6.444
3585.000 7.548
3590.000 7.634
3595.000 8.058
3600.000 9.687
3605.000 12.148
3610.000 13.021
3615.000 16.184
3620.000 17.901
3625.000 20.752
3630.000 20.842
3635.000 19.646
3640.000 16.252
3645.000 14.628
3650.000 11.807
3655.000 10.182
3660.000 9.589
3665.000 8.928
3670.000 8.729
3675.000 9.112
3680.000 9.725
3685.000 10.305
3690.000 12.183
3695.000 13.531
3700.000 17.009
3705.000 20.581
3710.000 21.483
3715.000 19.694
3720.000 17.446
3725.000 13.016
3730.000 10.007
3735.000 8.904
3740.000 7.344
3745.000 6.826
3750.000 6.029
3755.000 5.601
3760.000 5.408
3765.000 5.116
3770.000 5.005
3775.000 4.786
3780.000 4.653
3785.000 4.622
3790.000 4.528
3795.000 4.516
3800.000 4.487
3805.000 4.530
3810.000 4.573
3815.000 4.670
3820.000 4.816
3825.000 5.002
3830.000 5.204
3835.000 5.370
3840.000 5.736
3845.000 5.951
3850.000 6.597
3855.000 7.435
3860.000 7.977
3865.000 8.622
3870.000 8.595
3875.000 7.877
3880.000 6.520
3885.000 5.772
3890.000 4.455
3895.000 3.921
3900.000 3.088
3905.000 2.567
3910.000 2.305
3915.000 1.896
3920.000 1.712
3925.000 1.455
3930.000 1.289
3935.000 1.248
3940.000 1.163
3945.000 1.159
3950.000 1.183
3955.000 1.264
3960.000 1.353
3965.000 1.613
3970.000 1.842
3975.000 2.537
3980.000 3.798
3985.000 4.649
3990.000 7.237
3995.000 9.005
4000.000 12.885
4005.000 15.737
4010.000 16.364
4015.000 15.174
4020.000 13.738
4025.000 10.736
4030.000 8.469
4035.000 7.529
4040.000 6.268
4045.000 5.796
4050.000 4.955
4055.000 4.676
4060.000 4.220
4065.000 4.044
4070.000 4.027
4075.000 3.978
4080.000 4.059
4085.000 4.180
4090.000 4.300
4095.000 4.394
4100.000 4.421
4105.000 4.311
4110.000 3.721
4115.000 2.774
4120.000 2.295
4125.000 1.462
4130.000 1.191
4135.000 0.807
4140.000 0.599
4145.000 0.548
4150.000 0.531
4155.000 0.534
4160.000 0.537
4165.000 0.545
4170.000 0.574
4175.000 0.574
4180.000 0.572
4185.000 0.583
4190.000 0.594
4195.000 0.581
4200.000 0.583
4205.000 0.571
4210.000 0.577
4215.000 0.558
4220.000 0.562
4225.000 0.664
4230.000 0.776
4235.000 1.242
4240.000 2.277
4245.000 3.073
4250.000 4.429
4255.000 4.793
4260.000 4.742
4265.000 4.379
4270.000 4.027
4275.000 3.168
4280.000 2.704
4285.000 1.969
4290.000 1.597
4295.000 1.525
4300.000 1.456
4305.000 1.435
4310.000 1.398
4315.000 1.405
4320.000 1.405
4325.000 1.402
4330.000 1.398
4335.000 1.412
4340.000 1.392
4345.000 1.388
4350.000 1.407
4355.000 1.381
4360.000 1.386
4365.000 1.401
4370.000 1.409
4375.000 1.390
4380.000 1.387
4385.000 1.382
4390.000 1.391
4395.000 1.419
4400.000 1.440
4405.000 1.416
4410.000 1.430
4415.000 1.436
4420.000 1.442
4425.000 1.445
4430.000 1.431
4435.000 1.430
4440.000 1.441
4445.000 1.432
4450.000 1.420
4455.000 1.401
4460.000 1.407
4465.000 1.430
4470.000 1.429
4475.000 1.437
4480.000 1.420
4485.000 1.417
4490.000 1.431
4495.000 1.441
4500.000 1.436
4505.000 1.451
4510.000 1.445
4515.000 1.427
4520.000 1.438
4525.000 1.455
4530.000 1.449
4535.000 1.454
4540.000 1.434
4545.000 1.416
4550.000 1.440
4555.000 1.448
4560.000 1.457
4565.000 1.438
4570.000 1.459
4575.000 1.471
4580.000 1.473
4585.000 1.475
4590.000 1.474
4595.000 1.459
4600.000 1.459
4605.000 1.460
4610.000 1.488
4615.000 1.470
4620.000 1.455
4625.000 1.446
4630.000 1.464
4635.000 1.459
4640.000 1.453
4645.000 1.473
4650.000 1.499
4655.000 1.473
4660.000 1.451
4665.000 1.461
4670.000 1.487
4675.000 1.487
4680.000 1.483
4685.000 1.470
4690.000 1.463
4695.000 1.499
4700.000 1.452
4705.000 1.499
4710.000 1.488
4715.000 1.473
4720.000 1.473
4725.000 1.482
4730.000 1.497
4735.000 1.486
4740.000 1.487
4745.000 1.483
4750.000 1.508
4755.000 1.531
4760.000 1.483
4765.000 1.494
4770.000 1.535
4775.000 1.508
4780.000 1.524
4785.000 1.534
4790.000 1.518
4795.000 1.522
4800.000 1.510
4805.000 1.549
4810.000 1.504
4815.000 1.533
4820.000 1.514
4825.000 1.533
4830.000 1.514
4835.000 1.504
4840.000 1.516
4845.000 1.515
4850.000 1.518
4855.000 1.561
4860.000 1.515
4865.000 1.543
4870.000 1.525
4875.000 1.552
4880.000 1.570
4885.000 1.550
4890.000 1.538
4895.000 1.551
4900.000 1.572
4905.000 1.575
4910.000 1.544
4915.000 1.539
4920.000 1.536
4925.000 1.528
4930.000 1.542
4935.000 1.540
4940.000 1.556
4945.000 1.544
4950.000 1.557
4955.000 1.569
4960.000 1.529
4965.000 1.583
4970.000 1.525
4975.000 1.564
4980.000 1.556
4985.000 1.532
4990.000 1.554
4995.000 1.564
5000.000 1.556
5005.000 1.541
5010.000 1.542
5015.000 1.539
5020.000 1.549
5025.000 1.545
5030.000 1.554
5035.000 1.565
5040.000 1.589
5045.000 1.579
5050.000 1.584
5055.000 1.580
5060.000 1.550
5065.000 1.554
5070.000 1.567
5075.000 1.540
5080.000 1.546
5085.000 1.539
5090.000 1.583
5095.000 1.580
5100.000 1.561
5105.000 1.573
5110.000 1.559
5115.000 1.578
5120.000 1.557
5125.000 1.557
5130.000 1.573
5135.000 1.564
5140.000 1.569
5145.000 1.568
5150.000 1.561
5155.000 1.542
5160.000 1.563
5165.000 1.571
5170.000 1.535
5175.000 1.556
5180.000 1.556
5185.000 1.552
5190.000 1.563
5195.000 1.552
5200.000 1.574
5205.000 1.564
5210.000 1.574
5215.000 1.606
5220.000 1.575
5225.000 1.601
5230.000 1.578
5235.000 1.604
5240.000 1.578
5245.000 1.577
5250.000 1.628
5255.000 1.584
5260.000 1.598
5265.000 1.605
5270.000 1.586
5275.000 1.597
5280.000 1.578
5285.000 1.581
5290.000 1.578
5295.000 1.587
5300.000 1.582
5305.000 1.593
5310.000 1.600
5315.000 1.607
5320.000 1.594
5325.000 1.592
5330.000 1.613
5335.000 1.632
5340.000 1.605
5345.000 1.601
5350.000 1.615
5355.000 1.622
5360.000 1.597
5365.000 1.602
5370.000 1.594
5375.000 1.589
5380.000 1.600
5385.000 1.607
5390.000 1.607
5395.000 1.582
5400.000 1.593
5405.000 1.594
5410.000 1.594
5415.000 1.598
5420.000 1.603
5425.000 1.593
5430.000 1.613
5435.000 1.610
5440.000 1.597
5445.000 1.620
5450.000 1.652
5455.000 1.647
5460.000 1.605
5465.000 1.628
5470.000 1.660
5475.000 1.617
5480.000 1.628
5485.000 1.613
5490.000 1.632
5495.000 1.614
5500.000 1.610
5505.000 1.610
5510.000 1.629
5515.000 1.611
5520.000 1.625
5525.000 1.611
5530.000 1.633
5535.000 1.638
5540.000 1.686
5545.000 1.633
5550.000 1.625
5555.000 1.629
5560.000 1.612
5565.000 1.623
5570.000 1.658
5575.000 1.651
5580.000 1.619
5585.000 1.634
5590.000 1.623
5595.000 1.646
5600.000 1.665
5605.000 1.632
5610.000 1.622
5615.000 1.651
5620.000 1.644
5625.000 1.612
5630.000 1.672
5635.000 1.672
5640.000 1.655
5645.000 1.627
5650.000 1.676
5655.000 1.678
5660.000 1.662
5665.000 1.669
5670.000 1.653
5675.000 1.642
5680.000 1.654
5685.000 1.657
5690.000 1.653
5695.000 1.667
5700.000 1.640
5705.000 1.662
5710.000 1.660
5715.000 1.652
5720.000 1.631
5725.000 1.651
5730.000 1.681
5735.000 1.667
5740.000 1.639
5745.000 1.646
5750.000 1.643
5755.000 1.616
5760.000 1.646
5765.000 1.645
5770.000 1.666
5775.000 1.660
5780.000 1.635
5785.000 1.639
5790.000 1.652
5795.000 1.650
5800.000 1.647
5805.000 1.653
5810.000 1.686
5815.000 1.706
5820.000 1.696
5825.000 1.655
5830.000 1.653
5835.000 1.691
5840.000 1.683
5845.000 1.685
5850.000 1.665
5855.000 1.667
5860.000 1.692
5865.000 1.701
5870.000 1.673
5875.000 1.681
5880.000 1.709
5885.000 1.686
5890.000 1.687
5895.000 1.679
5900.000 1.697
5905.000 1.674
5910.000 1.672
5915.000 1.687
5920.000 1.694
5925.000 1.692
5930.000 1.680
5935.000 1.709
5940.000 1.687
5945.000 1.704
5950.000 1.726
5955.000 1.702
5960.000 1.692
5965.000 1.713
5970.000 1.724
5975.000 1.692
5980.000 1.710
5985.000 1.702
5990.000 1.692
5995.000 1.685
6000.000 1.729
6005.000 1.724
6010.000 1.700
6015.000 1.725
6020.000 1.727
6025.000 1.688
6030.000 1.737
6035.000 1.706
6040.000 1.739
6045.000 1.724
6050.000 1.735
6055.000 1.722
6060.000 1.712
6065.000 1.691
6070.000 1.716
6075.000 1.703
6080.000 1.718
6085.000 1.738
6090.000 1.720
6095.000 1.726
6100.000 1.743
6105.000 1.711
6110.000 1.733
6115.000 1.727
6120.000 1.704
6125.000 1.702
6130.000 1.711
6135.000 1.723
6140.000 1.734
6145.000 1.726
6150.000 1.737
6155.000 1.705
6160.000 1.732
6165.000 1.731
6170.000 1.710
6175.000 1.730
6180.000 1.774
6185.000 1.742
6190.000 1.755
6195.000 1.745
6200.000 1.733
6205.000 1.708
6210.000 1.703
6215.000 1.745
6220.000 1.744
6225.000 1.747
6230.000 1.735
6235.000 1.730
6240.000 1.718
6245.000 1.732
6250.000 1.728
6255.000 1.720
6260.000 1.718
6265.000 1.720
6270.000 1.734
6275.000 1.719
6280.000 1.716
6285.000 1.738
6290.000 1.740
6295.000 1.722
6300.000 1.751
6305.000 1.741
6310.000 1.764
6315.000 1.753
6320.000 1.753
6325.000 1.749
6330.000 1.732
6335.000 1.741
6340.000 1.725
6345.000 1.750
6350.000 1.763
6355.000 1.731
6360.000 1.743
6365.000 1.743
6370.000 1.755
6375.000 1.765
6380.000 1.719
6385.000 1.752
6390.000 1.743
6395.000 1.746
6400.000 1.743
6405.000 1.771
6410.000 1.751
6415.000 1.736
6420.000 1.763
6425.000 1.751
6430.000 1.756
6435.000 1.739
6440.000 1.755
6445.000 1.739
6450.000 1.757
6455.000 1.730
6460.000 1.716
6465.000 1.749
6470.000 1.739
6475.000 1.751
6480.000 1.758
6485.000 1.748
6490.000 1.734
6495.000 1.764
6500.000 1.719
6505.000 1.743
6510.000 1.747
6515.000 1.735
6520.000 1.704
6525.000 1.733
6530.000 1.726
6535.000 1.720
6540.000 1.729
6545.000 1.705
6550.000 1.715
6555.000 1.720
6560.000 1.742
6565.000 1.719
6570.000 1.757
6575.000 1.756
6580.000 1.750
6585.000 1.758
6590.000 1.753
6595.000 1.728
6600.000 1.743
6605.000 1.742
6610.000 1.757
6615.000 1.759
6620.000 1.716
6625.000 1.782
6630.000 1.753
6635.000 1.741
6640.000 1.746
6645.000 1.739
6650.000 1.771
6655.000 1.755
6660.000 1.771
6665.000 1.766
6670.000 1.778
6675.000 1.760
6680.000 1.742
6685.000 1.734
6690.000 1.745
6695.000 1.742
6700.000 1.741
6705.000 1.727
6710.000 1.727
6715.000 1.748
6720.000 1.759
6725.000 1.726
6730.000 1.730
6735.000 1.764
6740.000 1.736
6745.000 1.748
6750.000 1.709
6755.000 1.728
6760.000 1.734
6765.000 1.704
6770.000 1.672
6775.000 1.649
6780.000 1.590
6785.000 1.457
6790.000 1.212
6795.000 1.030
6800.000 0.474
6805.000 0.270
6810.000 2.739
6815.000 7.552
6820.000 9.778
6825.000 13.533
6830.000 14.872
6835.000 15.930
6840.000 14.776
6845.000 13.824
6850.000 12.165
6855.000 11.556
6860.000 10.688
6865.000 10.167
6870.000 10.013
6875.000 9.947
6880.000 10.041
6885.000 10.332
6890.000 10.953
6895.000 11.426
6900.000 12.436
6905.000 12.920
6910.000 13.927
6915.000 14.337
6920.000 14.284
6925.000 13.721
6930.000 13.379
6935.000 13.010
6940.000 13.260
6945.000 13.646
6950.000 14.812
6955.000 15.670
6960.000 17.663
6965.000 19.814
6970.000 20.790
6975.000 21.712
6980.000 21.505
6985.000 19.382
6990.000 15.970
6995.000 14.296
7000.000 11.562
7005.000 10.438
7010.000 8.673
7015.000 7.377
7020.000 6.836
7025.000 6.187
7030.000 5.909
7035.000 5.580
7040.000 5.435
7045.000 5.444
7050.000 5.612
7055.000 5.770
7060.000 6.052
7065.000 6.140
7070.000 6.089
7075.000 5.606
7080.000 5.213
7085.000 4.316
7090.000 3.497
7095.000 3.215
7100.000 2.814
7105.000 2.648
7110.000 2.642
7115.000 2.641
7120.000 2.654
7125.000 2.795
7130.000 2.913
7135.000 3.238
7140.000 3.736
7145.000 4.086
7150.000 5.098
7155.000 5.793
7160.000 7.676
7165.000 10.086
7170.000 11.269
7175.000 12.865
7180.000 12.952
7185.000 11.663
7190.000 9.506
7195.000 8.582
7200.000 7.018
7205.000 6.444
7210.000 5.570
7215.000 4.956
7220.000 4.714
7225.000 4.361
7230.000 4.147
7235.000 3.721
7240.000 3.000
7245.000 2.554
7250.000 1.566
7255.000 1.122
7260.000 0.563
7265.000 0.480
7270.000 0.538
7275.000 0.693
7280.000 0.793
7285.000 0.945
7290.000 1.137
7295.000 1.216
7300.000 1.420
7305.000 1.510
7310.000 1.742
7315.000 2.073
7320.000 2.339
7325.000 2.764
7330.000 3.099
7335.000 3.816
7340.000 4.243
7345.000 5.123
7350.000 5.503
7355.000 5.333
7360.000 4.375
7365.000 3.803
7370.000 2.660
7375.000 1.897
7380.000 1.719
7385.000 1.567
7390.000 1.566
7395.000 1.576
7400.000 1.611
7405.000 1.649
7410.000 1.627
7415.000 1.639
7420.000 1.655
7425.000 1.707
7430.000 1.687
7435.000 1.661
7440.000 1.680
7445.000 1.657
7450.000 1.691
7455.000 1.696
7460.000 1.690
7465.000 1.688
7470.000 1.689
7475.000 1.689
7480.000 1.709
7485.000 1.703
7490.000 1.705
7495.000 1.718
7500.000 1.694
7505.000 1.704
7510.000 1.680
7515.000 1.679
7520.000 1.687
7525.000 1.688
7530.000 1.682
7535.000 1.679
7540.000 1.675
7545.000 1.709
7550.000 1.702
7555.000 1.701
7560.000 1.684
7565.000 1.667
7570.000 1.675
7575.000 1.676
7580.000 1.690
7585.000 1.666
7590.000 1.672
7595.000 1.683
7600.000 1.699
7605.000 1.697
7610.000 1.681
7615.000 1.675
7620.000 1.635
7625.000 1.678
7630.000 1.688
7635.000 1.654
7640.000 1.669
7645.000 1.661
7650.000 1.649
7655.000 1.687
7660.000 1.679
7665.000 1.668
7670.000 1.683
7675.000 1.684
7680.000 1.676
7685.000 1.656
7690.000 1.658
7695.000 1.651
7700.000 1.650
7705.000 1.675
7710.000 1.669
7715.000 1.646
7720.000 1.671
7725.000 1.655
7730.000 1.665
7735.000 1.647
7740.000 1.661
7745.000 1.661
7750.000 1.659
7755.000 1.647
7760.000 1.642
7765.000 1.666
7770.000 1.644
7775.000 1.666
7780.000 1.652
7785.000 1.661
7790.000 1.643
7795.000 1.653
7800.000 1.673
7805.000 1.659
7810.000 1.645
7815.000 1.666
7820.000 1.650
7825.000 1.656
7830.000 1.656
7835.000 1.668
7840.000 1.680
7845.000 1.661
7850.000 1.648
7855.000 1.668
7860.000 1.654
7865.000 1.655
7870.000 1.635
7875.000 1.641
7880.000 1.677
7885.000 1.668
7890.000 1.659
7895.000 1.674
7900.000 1.647
7905.000 1.659
7910.000 1.633
7915.000 1.645
7920.000 1.646
7925.000 1.656
7930.000 1.654
7935.000 1.620
7940.000 1.648
7945.000 1.642
7950.000 1.639
7955.000 1.641
7960.000 1.647
7965.000 1.649
7970.000 1.638
7975.000 1.651
7980.000 1.657
7985.000 1.646
7990.000 1.632
7995.000 1.651
8000.000 1.630
8005.000 1.646
8010.000 1.627
8015.000 1.645
8020.000 1.624
8025.000 1.637
8030.000 1.650
8035.000 1.628
8040.000 1.628
8045.000 1.643
8050.000 1.673
8055.000 1.649
8060.000 1.662
8065.000 1.623
8070.000 1.650
8075.000 1.640
8080.000 1.628
8085.000 1.634
8090.000 1.638
8095.000 1.654
8100.000 1.652
8105.000 1.673
8110.000 1.641
8115.000 1.653
8120.000 1.688
8125.000 1.695
8130.000 1.660
8135.000 1.659
8140.000 1.665
8145.000 1.655
8150.000 1.647
8155.000 1.651
8160.000 1.671
8165.000 1.664
8170.000 1.635
8175.000 1.644
8180.000 1.663
8185.000 1.670
8190.000 1.692
8195.000 1.667
8200.000 1.672
8205.000 1.681
8210.000 1.660
8215.000 1.649
8220.000 1.670
8225.000 1.658
8230.000 1.657
8235.000 1.663
8240.000 1.664
8245.000 1.659
8250.000 1.665
8255.000 1.660
8260.000 1.653
8265.000 1.667
8270.000 1.685
8275.000 1.677
8280.000 1.663
8285.000 1.661
8290.000 1.679
8295.000 1.670
8300.000 1.667
8305.000 1.637
8310.000 1.668
8315.000 1.696
8320.000 1.672
8325.000 1.674
8330.000 1.667
8335.000 1.674
8340.000 1.681
8345.000 1.668
8350.000 1.672
8355.000 1.696
8360.000 1.684
8365.000 1.712
8370.000 1.675
8375.000 1.705
8380.000 1.697
8385.000 1.697
8390.000 1.690
8395.000 1.670
8400.000 1.681
8405.000 1.671
8410.000 1.674
8415.000 1.677
8420.000 1.694
8425.000 1.666
8430.000 1.677
8435.000 1.706
8440.000 1.694
8445.000 1.677
8450.000 1.684
8455.000 1.679
8460.000 1.686
8465.000 1.688
8470.000 1.678
8475.000 1.688
8480.000 1.663
8485.000 1.687
8490.000 1.715
8495.000 1.692
8500.000 1.702
8505.000 1.685
8510.000 1.695
8515.000 1.688
8520.000 1.706
8525.000 1.695
8530.000 1.691
8535.000 1.699
8540.000 1.704
8545.000 1.705
8550.000 1.701
8555.000 1.694
8560.000 1.679
8565.000 1.702
8570.000 1.690
8575.000 1.717
8580.000 1.716
8585.000 1.687
8590.000 1.699
8595.000 1.689
8600.000 1.685
8605.000 1.695
8610.000 1.693
8615.000 1.701
8620.000 1.699
8625.000 1.694
8630.000 1.686
8635.000 1.722
8640.000 1.717
8645.000 1.711
8650.000 1.707
8655.000 1.704
8660.000 1.698
8665.000 1.719
8670.000 1.698
8675.000 1.701
8680.000 1.702
8685.000 1.703
8690.000 1.704
8695.000 1.700
8700.000 1.707
8705.000 1.689
8710.000 1.695
8715.000 1.691
8720.000 1.705
8725.000 1.703
8730.000 1.711
8735.000 1.721
8740.000 1.712
8745.000 1.714
8750.000 1.730
8755.000 1.712
8760.000 1.701
8765.000 1.689
8770.000 1.695
8775.000 1.697
8780.000 1.698
8785.000 1.693
8790.000 1.703
8795.000 1.705
8800.000 1.712
8805.000 1.722
8810.000 1.718
8815.000 1.720
8820.000 1.701
8825.000 1.701
8830.000 1.717
8835.000 1.710
8840.000 1.710
8845.000 1.701
8850.000 1.710
8855.000 1.705
8860.000 1.708
8865.000 1.707
8870.000 1.706
8875.000 1.699
8880.000 1.697
8885.000 1.709
8890.000 1.725
8895.000 1.730
8900.000 1.702
8905.000 1.698
8910.000 1.686
8915.000 1.692
8920.000 1.696
8925.000 1.720
8930.000 1.688
8935.000 1.694
8940.000 1.712
8945.000 1.713
8950.000 1.724
8955.000 1.713
8960.000 1.710
8965.000 1.693
8970.000 1.700
8975.000 1.729
8980.000 1.692
8985.000 1.730
8990.000 1.728
8995.000 1.686
9000.000 1.719
9005.000 1.701
9010.000 1.689
9015.000 1.703
9020.000 1.691
9025.000 1.697
9030.000 1.698
9035.000 1.713
9040.000 1.697
9045.000 1.693
9050.000 1.702
9055.000 1.686
9060.000 1.701
9065.000 1.712
9070.000 1.711
9075.000 1.724
9080.000 1.703
9085.000 1.717
9090.000 1.735
9095.000 1.712
9100.000 1.719
9105.000 1.717
9110.000 1.704
9115.000 1.727
9120.000 1.730
9125.000 1.736
9130.000 1.734
9135.000 1.730
9140.000 1.710
9145.000 1.724
9150.000 1.710
9155.000 1.699
9160.000 1.696
9165.000 1.705
9170.000 1.724
9175.000 1.688
9180.000 1.692
9185.000 1.691
9190.000 1.688
9195.000 1.686
9200.000 1.703
9205.000 1.708
9210.000 1.696
9215.000 1.690
9220.000 1.687
9225.000 1.716
9230.000 1.727
9235.000 1.713
9240.000 1.694
9245.000 1.738
9250.000 1.733
9255.000 1.735
9260.000 1.724
9265.000 1.716
9270.000 1.731
9275.000 1.713
9280.000 1.730
9285.000 1.712
9290.000 1.713
9295.000 1.710
9300.000 1.724
9305.000 1.717
9310.000 1.705
9315.000 1.695
9320.000 1.701
9325.000 1.709
9330.000 1.716
9335.000 1.731
9340.000 1.731
9345.000 1.717
9350.000 1.715
9355.000 1.708
9360.000 1.713
9365.000 1.703
9370.000 1.716
9375.000 1.724
9380.000 1.728
9385.000 1.722
9390.000 1.719
9395.000 1.718
9400.000 1.707
9405.000 1.714
9410.000 1.712
9415.000 1.720
9420.000 1.713
9425.000 1.714
9430.000 1.706
9435.000 1.734
9440.000 1.719
9445.000 1.702
9450.000 1.705
9455.000 1.723
9460.000 1.723
9465.000 1.705
9470.000 1.708
9475.000 1.722
9480.000 1.705
9485.000 1.711
9490.000 1.724
9495.000 1.717
9500.000 1.721
9505.000 1.734
9510.000 1.725
9515.000 1.713
9520.000 1.726
9525.000 1.715
9530.000 1.705
9535.000 1.716
9540.000 1.741
9545.000 1.722
9550.000 1.716
9555.000 1.715
9560.000 1.706
9565.000 1.691
9570.000 1.724
9575.000 1.696
9580.000 1.715
9585.000 1.714
9590.000 1.706
9595.000 1.707
9600.000 1.697
9605.000 1.684
9610.000 1.702
9615.000 1.696
9620.000 1.698
9625.000 1.710
9630.000 1.702
9635.000 1.713
9640.000 1.721
9645.000 1.693
9650.000 1.697
9655.000 1.688
9660.000 1.697
9665.000 1.671
9670.000 1.709
9675.000 1.702
9680.000 1.721
9685.000 1.685
9690.000 1.710
9695.000 1.709
9700.000 1.695
9705.000 1.691
9710.000 1.683
9715.000 1.679
9720.000 1.685
9725.000 1.673
9730.000 1.685
9735.000 1.696
9740.000 1.656
9745.000 1.674
9750.000 1.678
9755.000 1.679
9760.000 1.670
9765.000 1.686
9770.000 1.676
9775.000 1.682
9780.000 1.686
9785.000 1.672
9790.000 1.693
9795.000 1.681
9800.000 1.678
9805.000 1.680
9810.000 1.651
9815.000 1.681
9820.000 1.682
9825.000 1.678
9830.000 1.672
9835.000 1.689
9840.000 1.663
9845.000 1.680
9850.000 1.678
9855.000 1.691
9860.000 1.689
9865.000 1.686
9870.000 1.682
9875.000 1.677
9880.000 1.680
9885.000 1.667
9890.000 1.677
9895.000 1.685
9900.000 1.686
9905.000 1.704
9910.000 1.691
9915.000 1.689
9920.000 1.689
9925.000 1.683
9930.000 1.677
9935.000 1.658
9940.000 1.696
9945.000 1.704
9950.000 1.682
9955.000 1.682
9960.000 1.674
9965.000 1.667
9970.000 1.687
9975.000 1.668
9980.000 1.668
9985.000 1.680
9990.000 1.674
9995.000 1.679
10000.000 1.671
10005.000 1.680
10010.000 1.683
10015.000 1.690
10020.000 1.702
10025.000 1.690
10030.000 1.681
10035.000 1.679
10040.000 1.701
10045.000 1.690
10050.000 1.701
10055.000 1.663
10060.000 1.691
10065.000 1.684
10070.000 1.672
10075.000 1.686
10080.000 1.706
10085.000 1.684
10090.000 1.681
10095.000 1.665
10100.000 1.662
10105.000 1.653
10110.000 1.630
10115.000 1.636
10120.000 1.621
10125.000 1.630
10130.000 1.610
10135.000 1.572
10140.000 1.555
10145.000 1.580
10150.000 1.735
10155.000 1.904
10160.000 2.441
10165.000 2.851
10170.000 3.713
10175.000 4.471
10180.000 4.765
10185.000 5.015
10190.000 4.911
10195.000 4.163
10200.000 3.182
10205.000 2.734
10210.000 2.014
10215.000 1.751
10220.000 1.410
10225.000 1.486
10230.000 1.751
10235.000 2.871
10240.000 3.543
10245.000 4.721
10250.000 5.340
10255.000 5.543
10260.000 5.694
10265.000 5.726
10270.000 5.867
10275.000 6.034
10280.000 6.165
10285.000 6.518
10290.000 6.895
10295.000 7.630
10300.000 8.281
10305.000 8.536
10310.000 8.682
10315.000 8.420
10320.000 7.398
10325.000 6.200
10330.000 5.654
10335.000 4.687
10340.000 4.373
10345.000 3.775
10350.000 3.350
10355.000 3.194
10360.000 3.050
10365.000 3.054
10370.000 3.178
10375.000 3.308
10380.000 3.349
10385.000 3.391
10390.000 3.375
10395.000 3.323
10400.000 3.260
10405.000 3.271
10410.000 3.266
10415.000 3.296
10420.000 3.332
10425.000 3.450
10430.000 3.490
10435.000 3.682
10440.000 3.790
10445.000 4.016
10450.000 4.314
10455.000 4.498
10460.000 4.937
10465.000 5.174
10470.000 5.520
10475.000 5.558
10480.000 5.458
10485.000 4.982
10490.000 4.661
10495.000 3.952
10500.000 3.228
10505.000 2.877
10510.000 2.237
10515.000 1.947
10520.000 1.558
10525.000 1.487
10530.000 1.560
10535.000 1.737
10540.000 1.823
10545.000 1.919
10550.000 1.981
10555.000 1.983
10560.000 2.016
10565.000 2.023
10570.000 2.085
10575.000 2.097
10580.000 2.145
10585.000 2.154
10590.000 2.204
10595.000 2.265
10600.000 2.287
10605.000 2.339
10610.000 2.396
10615.000 2.405
10620.000 2.364
10625.000 2.303
10630.000 2.131
10635.000 1.782
10640.000 1.577
10645.000 1.256
10650.000 1.211
10655.000 1.312
10660.000 1.456
10665.000 1.514
10670.000 1.579
10675.000 1.596
10680.000 1.621
10685.000 1.615
10690.000 1.630
10695.000 1.616
10700.000 1.610
10705.000 1.619
10710.000 1.637
10715.000 1.662
10720.000 1.644
10725.000 1.639
10730.000 1.629
10735.000 1.623
10740.000 1.637
10745.000 1.637
10750.000 1.619
10755.000 1.629
10760.000 1.608
10765.000 1.615
10770.000 1.602
10775.000 1.617
10780.000 1.609
10785.000 1.619
10790.000 1.630
10795.000 1.617
10800.000 1.630
10805.000 1.610
10810.000 1.625
10815.000 1.626
10820.000 1.629
10825.000 1.602
10830.000 1.613
10835.000 1.609
10840.000 1.630
10845.000 1.619
10850.000 1.613
10855.000 1.612
10860.000 1.618
10865.000 1.626
10870.000 1.620
10875.000 1.605
10880.000 1.608
10885.000 1.597
10890.000 1.606
10895.000 1.605
10900.000 1.603
10905.000 1.602
10910.000 1.595
10915.000 1.598
10920.000 1.605
10925.000 1.604
10930.000 1.605
10935.000 1.589
10940.000 1.599
10945.000 1.591
10950.000 1.603
10955.000 1.595
10960.000 1.598
10965.000 1.599
10970.000 1.603
10975.000 1.597
10980.000 1.594
10985.000 1.611
10990.000 1.596
10995.000 1.615
11000.000 1.598
11005.000 1.626
11010.000 1.592
11015.000 1.617
11020.000 1.574
11025.000 1.592
11030.000 1.626
11035.000 1.608
11040.000 1.672
11045.000 1.683
11050.000 1.681
11055.000 1.638
11060.000 1.615
11065.000 1.598
11070.000 1.589
11075.000 1.607
11080.000 1.580
11085.000 1.589
11090.000 1.589
11095.000 1.588
11100.000 1.578
11105.000 1.582
11110.000 1.588
11115.000 1.590
11120.000 1.593
11125.000 1.576
11130.000 1.570
11135.000 1.578
11140.000 1.593
11145.000 1.567
11150.000 1.582
11155.000 1.561
11160.000 1.572
11165.000 1.584
11170.000 1.574
11175.000 1.567
11180.000 1.580
11185.000 1.585
11190.000 1.576
11195.000 1.584
11200.000 1.573
11205.000 1.585
11210.000 1.586
11215.000 1.583
11220.000 1.573
11225.000 1.584
11230.000 1.577
11235.000 1.576
11240.000 1.567
11245.000 1.557
11250.000 1.543
11255.000 1.558
11260.000 1.574
11265.000 1.553
11270.000 1.544
11275.000 1.546
11280.000 1.568
11285.000 1.566
11290.000 1.557
11295.000 1.571
11300.000 1.583
11305.000 1.556
11310.000 1.562
11315.000 1.558
11320.000 1.542
11325.000 1.555
11330.000 1.560
11335.000 1.564
11340.000 1.548
11345.000 1.546
11350.000 1.546
11355.000 1.543
11360.000 1.550
11365.000 1.547
11370.000 1.544
11375.000 1.549
11380.000 1.525
11385.000 1.551
11390.000 1.552
11395.000 1.538
11400.000 1.542
11405.000 1.553
11410.000 1.551
11415.000 1.540
11420.000 1.538
11425.000 1.548
11430.000 1.544
11435.000 1.518
11440.000 1.526
11445.000 1.530
11450.000 1.527
11455.000 1.535
11460.000 1.538
11465.000 1.530
11470.000 1.531
11475.000 1.557
11480.000 1.532
11485.000 1.523
11490.000 1.533
11495.000 1.523
11500.000 1.522
11505.000 1.507
11510.000 1.513
11515.000 1.522
11520.000 1.540
11525.000 1.536
11530.000 1.547
11535.000 1.545
11540.000 1.537
11545.000 1.538
11550.000 1.537
11555.000 1.524
11560.000 1.523
11565.000 1.514
11570.000 1.536
11575.000 1.530
11580.000 1.524
11585.000 1.516
11590.000 1.525
11595.000 1.512
11600.000 1.516
11605.000 1.513
11610.000 1.517
11615.000 1.513
11620.000 1.531
11625.000 1.540
11630.000 1.508
11635.000 1.519
11640.000 1.513
11645.000 1.502
11650.000 1.508
11655.000 1.522
11660.000 1.514
11665.000 1.495
11670.000 1.527
11675.000 1.503
11680.000 1.502
11685.000 1.514
11690.000 1.514
11695.000 1.500
11700.000 1.488
11705.000 1.505
11710.000 1.507
11715.000 1.491
11720.000 1.488
11725.000 1.480
11730.000 1.490
11735.000 1.486
11740.000 1.489
11745.000 1.494
11750.000 1.479
11755.000 1.478
11760.000 1.487
11765.000 1.481
11770.000 1.483
11775.000 1.500
11780.000 1.504
11785.000 1.498
11790.000 1.487
11795.000 1.488
11800.000 1.486
11805.000 1.475
11810.000 1.473
11815.000 1.495
11820.000 1.486
11825.000 1.479
11830.000 1.471
11835.000 1.489
11840.000 1.485
11845.000 1.484
11850.000 1.479
11855.000 1.465
11860.000 1.475
11865.000 1.467
11870.000 1.482
11875.000 1.490
11880.000 1.480
11885.000 1.469
11890.000 1.457
11895.000 1.465
11900.000 1.477
11905.000 1.468
11910.000 1.469
11915.000 1.463
11920.000 1.473
11925.000 1.481
11930.000 1.453
11935.000 1.472
11940.000 1.452
11945.000 1.478
11950.000 1.490
11955.000 1.461
11960.000 1.465
11965.000 1.466
11970.000 1.455
11975.000 1.465
11980.000 1.467
11985.000 1.464
11990.000 1.448
11995.000 1.476
12000.000 1.460
