105.000 0.212
110.000 0.589
115.000 0.779
120.000 0.775
125.000 0.891
130.000 0.894
135.000 0.841
140.000 0.796
145.000 0.797
150.000 0.834
155.000 0.685
160.000 0.628
165.000 0.691
170.000 0.626
175.000 0.675
180.000 0.621
185.000 0.419
190.000 0.486
195.000 0.455
200.000 0.306
205.000 0.311
210.000 0.316
215.000 0.303
220.000 0.203
225.000 0.190
230.000 0.227
235.000 0.200
240.000 0.149
245.000 0.128
250.000 0.225
255.000 0.193
260.000 0.185
265.000 0.118
270.000 0.203
275.000 0.204
280.000 0.302
285.000 0.203
290.000 0.451
295.000 0.294
300.000 0.480
305.000 0.414
310.000 0.521
315.000 0.523
320.000 0.873
325.000 1.029
330.000 1.285
335.000 1.261
340.000 1.329
345.000 1.316
350.000 1.702
355.000 1.744
360.000 1.910
365.000 2.370
370.000 2.438
375.000 2.795
380.000 3.132
385.000 3.709
390.000 4.060
395.000 4.460
400.000 5.057
405.000 5.200
410.000 5.786
415.000 6.186
420.000 6.366
425.000 6.563
430.000 6.675
435.000 6.593
440.000 6.637
445.000 6.459
450.000 6.327
455.000 6.040
460.000 5.920
465.000 5.336
470.000 5.054
475.000 4.681
480.000 4.140
485.000 3.753
490.000 3.306
495.000 2.957
500.000 2.781
505.000 2.497
510.000 2.352
515.000 2.258
520.000 2.188
525.000 2.325
530.000 2.158
535.000 2.117
540.000 2.149
545.000 2.074
550.000 1.996
555.000 2.123
560.000 2.011
565.000 2.073
570.000 1.919
575.000 1.915
580.000 1.874
585.000 1.852
590.000 1.814
595.000 1.768
600.000 1.826
605.000 1.799
610.000 1.786
615.000 1.773
620.000 1.707
625.000 1.688
630.000 1.700
635.000 1.733
640.000 1.692
645.000 1.730
650.000 1.619
655.000 1.676
660.000 1.619
665.000 1.706
670.000 1.630
675.000 1.591
680.000 1.678
685.000 1.669
690.000 1.629
695.000 1.629
700.000 1.536
705.000 1.548
710.000 1.576
715.000 1.520
720.000 1.509
725.000 1.461
730.000 1.540
735.000 1.505
740.000 1.498
745.000 1.614
750.000 1.511
755.000 1.525
760.000 1.489
765.000 1.515
770.000 1.462
775.000 2.136
780.000 1.696
785.000 1.806
790.000 1.629
795.000 1.580
800.000 1.479
805.000 1.409
810.000 1.441
815.000 1.587
820.000 1.747
825.000 1.711
830.000 1.533
835.000 1.538
840.000 1.451
845.000 1.503
850.000 1.446
855.000 1.483
860.000 1.480
865.000 1.442
870.000 1.456
875.000 1.385
880.000 1.382
885.000 1.381
890.000 1.407
895.000 1.329
900.000 1.374
905.000 1.328
910.000 1.316
915.000 1.345
920.000 1.284
925.000 1.499
930.000 1.352
935.000 1.385
940.000 1.378
945.000 1.404
950.000 1.334
955.000 1.349
960.000 1.331
965.000 1.295
970.000 1.294
975.000 1.326
980.000 1.353
985.000 1.281
990.000 1.369
995.000 1.357
1000.000 1.395
1005.000 1.231
1010.000 1.208
1015.000 1.343
1020.000 1.339
1025.000 1.330
1030.000 1.339
1035.000 1.449
1040.000 1.289
1045.000 1.309
1050.000 1.355
1055.000 1.281
1060.000 1.264
1065.000 1.341
1070.000 1.284
1075.000 1.293
1080.000 1.270
1085.000 1.306
1090.000 1.256
1095.000 1.289
1100.000 1.280
1105.000 1.227
1110.000 1.262
1115.000 1.227
1120.000 1.340
1125.000 1.259
1130.000 1.267
1135.000 1.328
1140.000 1.349
1145.000 1.335
1150.000 1.290
1155.000 1.288
1160.000 1.289
1165.000 1.275
1170.000 1.367
1175.000 1.295
1180.000 1.237
1185.000 1.236
1190.000 1.219
1195.000 1.241
1200.000 1.268
1205.000 1.241
1210.000 1.218
1215.000 1.277
1220.000 1.206
1225.000 1.190
1230.000 1.202
1235.000 1.208
1240.000 1.181
1245.000 1.180
1250.000 1.198
1255.000 1.171
1260.000 1.186
1265.000 1.184
1270.000 1.193
1275.000 1.215
1280.000 1.186
1285.000 1.183
1290.000 1.161
1295.000 1.205
1300.000 1.181
1305.000 1.184
1310.000 1.177
1315.000 1.132
1320.000 1.154
1325.000 1.156
1330.000 1.143
1335.000 1.215
1340.000 1.164
1345.000 1.134
1350.000 1.121
1355.000 1.132
1360.000 1.124
1365.000 1.206
1370.000 1.159
1375.000 1.130
1380.000 1.127
1385.000 1.095
1390.000 1.078
1395.000 1.150
1400.000 1.170
1405.000 1.117
1410.000 1.083
1415.000 1.129
1420.000 1.103
1425.000 1.109
1430.000 1.089
1435.000 1.110
1440.000 1.115
1445.000 1.116
1450.000 1.094
1455.000 1.872
1460.000 1.834
1465.000 1.588
1470.000 1.357
1475.000 1.228
1480.000 1.129
1485.000 1.041
1490.000 1.032
1495.000 1.022
1500.000 1.028
1505.000 0.969
1510.000 0.913
1515.000 0.967
1520.000 0.934
1525.000 0.955
1530.000 0.933
1535.000 0.882
1540.000 0.872
1545.000 0.860
1550.000 0.825
1555.000 0.801
1560.000 0.830
1565.000 0.836
1570.000 0.820
1575.000 0.861
1580.000 0.794
1585.000 0.814
1590.000 0.788
1595.000 0.790
1600.000 0.786
1605.000 0.762
1610.000 0.780
1615.000 0.778
1620.000 0.797
1625.000 0.798
1630.000 0.866
1635.000 0.798
1640.000 0.773
1645.000 0.799
1650.000 0.847
1655.000 0.795
1660.000 0.859
1665.000 0.889
1670.000 0.879
1675.000 0.895
1680.000 0.876
1685.000 0.890
1690.000 0.912
1695.000 0.918
1700.000 0.986
1705.000 1.011
1710.000 1.040
1715.000 1.061
1720.000 1.092
1725.000 1.171
1730.000 1.219
1735.000 1.277
1740.000 1.281
1745.000 1.311
1750.000 1.349
1755.000 1.394
1760.000 1.505
1765.000 1.600
1770.000 1.627
1775.000 1.649
1780.000 1.723
1785.000 1.774
1790.000 1.810
1795.000 1.868
1800.000 2.028
1805.000 2.111
1810.000 2.155
1815.000 2.179
1820.000 2.233
1825.000 2.271
1830.000 2.364
1835.000 2.386
1840.000 2.519
1845.000 2.534
1850.000 2.575
1855.000 2.626
1860.000 2.747
1865.000 2.772
1870.000 2.768
1875.000 2.870
1880.000 2.869
1885.000 2.905
1890.000 2.944
1895.000 2.974
1900.000 3.024
1905.000 3.029
1910.000 3.157
1915.000 3.105
1920.000 3.136
1925.000 3.139
1930.000 3.155
1935.000 3.230
1940.000 3.199
1945.000 3.217
1950.000 3.254
1955.000 3.211
1960.000 3.207
1965.000 3.206
1970.000 3.245
1975.000 3.235
1980.000 3.193
1985.000 3.250
1990.000 3.187
1995.000 3.200
2000.000 3.251
2005.000 3.276
2010.000 3.275
2015.000 3.266
2020.000 3.287
2025.000 3.315
2030.000 3.304
2035.000 3.344
2040.000 3.334
2045.000 3.409
2050.000 3.395
2055.000 3.438
2060.000 3.406
2065.000 3.407
2070.000 3.398
2075.000 3.390
2080.000 3.406
2085.000 3.440
2090.000 3.438
2095.000 3.506
2100.000 3.492
2105.000 3.512
2110.000 3.559
2115.000 3.584
2120.000 3.588
2125.000 3.660
2130.000 3.706
2135.000 3.734
2140.000 3.782
2145.000 3.772
2150.000 3.867
2155.000 3.931
2160.000 4.009
2165.000 4.019
2170.000 4.108
2175.000 4.194
2180.000 4.281
2185.000 4.385
2190.000 4.453
2195.000 4.578
2200.000 4.705
2205.000 4.808
2210.000 5.052
2215.000 5.221
2220.000 5.344
2225.000 5.692
2230.000 5.936
2235.000 6.320
2240.000 6.457
2245.000 6.862
2250.000 7.404
2255.000 8.079
2260.000 8.920
2265.000 10.401
2270.000 12.382
2275.000 15.585
2280.000 20.568
2285.000 28.844
2290.000 40.461
2295.000 49.139
2300.000 51.467
2305.000 50.789
2310.000 49.514
2315.000 24.504
2320.000 15.425
2325.000 10.999
2330.000 8.351
2335.000 6.608
2340.000 5.344
2345.000 4.454
2350.000 4.034
2355.000 3.125
2360.000 2.695
2365.000 2.514
2370.000 2.219
2375.000 1.990
2380.000 1.789
2385.000 1.667
2390.000 1.489
2395.000 1.373
2400.000 1.283
2405.000 1.211
2410.000 1.139
2415.000 1.096
2420.000 1.062
2425.000 1.036
2430.000 1.020
2435.000 1.006
2440.000 0.983
2445.000 0.956
2450.000 0.959
2455.000 0.966
2460.000 0.958
2465.000 0.953
2470.000 0.972
2475.000 0.986
2480.000 0.979
2485.000 0.978
2490.000 0.974
2495.000 0.997
2500.000 1.010
2505.000 1.020
2510.000 1.022
2515.000 1.037
2520.000 1.067
2525.000 1.051
2530.000 1.062
2535.000 1.104
2540.000 1.128
2545.000 1.099
2550.000 1.141
2555.000 1.148
2560.000 1.172
2565.000 1.157
2570.000 1.179
2575.000 1.197
2580.000 1.219
2585.000 1.234
2590.000 1.240
2595.000 1.241
2600.000 1.286
2605.000 1.293
2610.000 1.303
2615.000 1.319
2620.000 1.320
2625.000 1.355
2630.000 1.364
2635.000 1.371
2640.000 1.387
2645.000 1.408
2650.000 1.429
2655.000 1.454
2660.000 1.474
2665.000 1.504
2670.000 1.517
2675.000 1.514
2680.000 1.526
2685.000 1.562
2690.000 1.587
2695.000 1.575
2700.000 1.624
2705.000 1.641
2710.000 1.658
2715.000 1.676
2720.000 1.682
2725.000 1.703
2730.000 1.727
2735.000 1.730
2740.000 1.752
2745.000 1.781
2750.000 1.794
2755.000 1.833
2760.000 1.864
2765.000 1.862
2770.000 1.861
2775.000 1.912
2780.000 1.936
2785.000 1.956
2790.000 1.968
2795.000 1.983
2800.000 2.002
2805.000 2.044
2810.000 2.041
2815.000 2.042
2820.000 2.051
2825.000 2.027
2830.000 2.075
2835.000 2.075
2840.000 2.053
2845.000 2.062
2850.000 2.046
2855.000 2.047
2860.000 2.043
2865.000 2.057
2870.000 2.046
2875.000 2.020
2880.000 2.041
2885.000 2.061
2890.000 2.044
2895.000 2.009
2900.000 2.005
2905.000 1.998
2910.000 1.979
2915.000 1.972
2920.000 1.979
2925.000 1.953
2930.000 1.945
2935.000 1.925
2940.000 1.888
2945.000 1.874
2950.000 1.866
2955.000 1.867
2960.000 1.829
2965.000 1.819
2970.000 1.831
2975.000 1.780
2980.000 1.768
2985.000 1.730
2990.000 1.712
2995.000 1.741
3000.000 1.718
3005.000 1.728
3010.000 1.657
3015.000 1.625
3020.000 1.663
3025.000 1.612
3030.000 1.614
3035.000 1.564
3040.000 1.599
3045.000 1.559
3050.000 1.541
3055.000 1.516
3060.000 1.522
3065.000 1.513
3070.000 1.513
3075.000 1.506
3080.000 1.514
3085.000 1.476
3090.000 1.457
3095.000 1.461
3100.000 1.443
3105.000 1.434
3110.000 1.458
3115.000 1.434
3120.000 1.419
3125.000 1.407
3130.000 1.424
3135.000 1.420
3140.000 1.425
3145.000 1.433
3150.000 1.409
3155.000 1.381
3160.000 1.391
3165.000 1.378
3170.000 1.372
3175.000 1.375
3180.000 1.377
3185.000 1.406
3190.000 1.406
3195.000 1.403
3200.000 1.390
3205.000 1.380
3210.000 1.378
3215.000 1.397
3220.000 1.390
3225.000 1.412
3230.000 1.386
3235.000 1.407
3240.000 1.423
3245.000 1.417
3250.000 1.457
3255.000 1.441
3260.000 1.447
3265.000 1.453
3270.000 1.496
3275.000 1.489
3280.000 1.523
3285.000 1.530
3290.000 1.549
3295.000 1.547
3300.000 1.595
3305.000 1.605
3310.000 1.643
3315.000 1.649
3320.000 1.657
3325.000 1.723
3330.000 1.728
3335.000 1.733
3340.000 1.745
3345.000 1.830
3350.000 1.858
3355.000 1.865
3360.000 1.915
3365.000 1.950
3370.000 1.999
3375.000 2.031
3380.000 2.064
3385.000 2.114
3390.000 2.144
3395.000 2.227
3400.000 2.230
3405.000 2.293
3410.000 2.352
3415.000 2.449
3420.000 2.486
3425.000 2.536
3430.000 2.657
3435.000 2.732
3440.000 2.771
3445.000 2.849
3450.000 2.944
3455.000 2.974
3460.000 3.066
3465.000 3.125
3470.000 3.241
3475.000 3.329
3480.000 3.403
3485.000 3.527
3490.000 3.630
3495.000 3.740
3500.000 3.834
3505.000 3.962
3510.000 4.084
3515.000 4.146
3520.000 4.297
3525.000 4.442
3530.000 4.607
3535.000 4.794
3540.000 4.951
3545.000 5.140
3550.000 5.343
3555.000 5.567
3560.000 5.864
3565.000 6.083
3570.000 6.386
3575.000 6.716
3580.000 6.863
3585.000 7.206
3590.000 7.611
3595.000 8.122
3600.000 8.619
3605.000 9.213
3610.000 9.847
3615.000 10.699
3620.000 11.654
3625.000 12.841
3630.000 14.351
3635.000 16.224
3640.000 17.411
3645.000 20.369
3650.000 24.812
3655.000 31.510
3660.000 38.806
3665.000 46.032
3670.000 53.968
3675.000 61.540
3680.000 67.327
3685.000 71.788
3690.000 74.027
3695.000 67.930
3700.000 58.296
3705.000 42.953
3710.000 32.053
3715.000 25.438
3720.000 21.077
3725.000 17.822
3730.000 15.497
3735.000 13.819
3740.000 12.605
3745.000 11.841
3750.000 11.350
3755.000 10.804
3760.000 10.510
3765.000 9.942
3770.000 9.194
3775.000 8.564
3780.000 7.943
3785.000 7.418
3790.000 6.951
3795.000 6.585
3800.000 6.249
3805.000 5.964
3810.000 5.685
3815.000 5.426
3820.000 5.233
3825.000 5.123
3830.000 4.924
3835.000 4.773
3840.000 4.615
3845.000 4.457
3850.000 4.320
3855.000 4.235
3860.000 4.107
3865.000 4.014
3870.000 3.934
3875.000 3.826
3880.000 3.738
3885.000 3.694
3890.000 3.606
3895.000 3.541
3900.000 3.489
3905.000 3.414
3910.000 3.373
3915.000 3.331
3920.000 3.266
3925.000 3.214
3930.000 3.151
3935.000 3.114
3940.000 3.085
3945.000 3.034
3950.000 3.018
3955.000 2.964
3960.000 2.920
3965.000 2.863
3970.000 2.834
3975.000 2.807
3980.000 2.781
3985.000 2.763
3990.000 2.713
3995.000 2.702
4000.000 2.675
4005.000 2.653
4010.000 2.640
4015.000 2.619
4020.000 2.586
4025.000 2.545
4030.000 2.576
4035.000 2.515
4040.000 2.499
4045.000 2.478
4050.000 2.495
4055.000 2.457
4060.000 2.436
4065.000 2.427
4070.000 2.410
4075.000 2.393
4080.000 2.389
4085.000 2.379
4090.000 2.352
4095.000 2.328
4100.000 2.311
4105.000 2.308
4110.000 2.307
4115.000 2.296
4120.000 2.285
4130.000 2.349
4135.000 2.301
4140.000 2.284
4145.000 2.276
4150.000 2.259
4155.000 2.238
4160.000 2.227
4165.000 2.204
4170.000 2.173
4175.000 2.178
4180.000 2.172
4185.000 2.135
4190.000 2.153
4195.000 2.137
4200.000 2.119
4205.000 2.105
4210.000 2.097
4215.000 2.074
4220.000 2.062
4225.000 2.065
4230.000 2.059
4235.000 2.049
4240.000 2.015
4245.000 2.027
4250.000 1.998
4255.000 1.984
4260.000 1.984
4265.000 1.936
4270.000 1.924
4275.000 1.910
4280.000 1.894
4285.000 1.905
4290.000 1.886
4295.000 1.871
4300.000 1.854
4305.000 1.869
4310.000 1.860
4315.000 1.846
4325.000 2.015
4330.000 1.987
4335.000 1.978
4340.000 1.964
4345.000 1.965
4350.000 1.954
4355.000 1.976
4360.000 1.942
4365.000 1.977
4370.000 1.980
4375.000 1.988
4380.000 1.976
4385.000 1.977
4390.000 1.979
4395.000 1.989
4400.000 2.023
4405.000 2.000
4410.000 2.029
4415.000 2.061
4420.000 2.102
4425.000 2.134
4430.000 2.054
4435.000 2.074
4440.000 2.158
4445.000 2.030
4450.000 2.218
4455.000 2.076
4460.000 2.280
4465.000 1.980
4470.000 2.238
4475.000 2.192
4480.000 2.346
4485.000 2.136
4490.000 2.365
4495.000 1.959
4500.000 2.511
4505.000 2.503
4510.000 2.138
4515.000 2.573
4520.000 2.529
4525.000 2.590
4530.000 2.319
4535.000 2.207
4540.000 2.534
4545.000 2.280
4550.000 2.431
4555.000 2.308
4560.000 2.533
4565.000 2.638
4570.000 2.651
4575.000 2.619
4580.000 2.720
4585.000 2.729
4590.000 2.715
4595.000 2.778
4600.000 2.789
4605.000 2.785
4610.000 2.888
4615.000 2.883
4620.000 2.961
4625.000 2.938
4630.000 2.965
4635.000 2.970
4640.000 2.974
4645.000 3.019
4650.000 3.085
4655.000 3.143
4660.000 3.153
4665.000 3.158
4670.000 3.175
4675.000 3.188
4680.000 3.257
4685.000 3.294
4690.000 3.330
4695.000 3.349
4700.000 3.368
4705.000 3.472
4710.000 3.476
4715.000 3.548
4720.000 3.602
4725.000 3.648
4730.000 3.710
4735.000 3.743
4740.000 3.793
4745.000 3.843
4750.000 3.930
4755.000 4.004
4760.000 4.042
4765.000 4.125
4770.000 4.256
4775.000 4.343
4780.000 4.462
4785.000 4.560
4795.000 5.144
4800.000 5.034
4805.000 5.169
4810.000 5.379
4815.000 5.504
4820.000 5.698
4825.000 5.777
4830.000 5.968
4835.000 6.167
4840.000 6.358
4845.000 6.567
4850.000 6.751
4855.000 7.043
4860.000 7.315
4865.000 7.631
4870.000 7.919
4875.000 8.324
4880.000 8.739
4885.000 9.197
4890.000 9.472
4895.000 10.071
4900.000 10.724
4905.000 11.490
4910.000 12.428
4915.000 13.657
4920.000 15.200
4925.000 17.245
4930.000 20.110
4935.000 24.092
4940.000 28.237
4945.000 31.199
4950.000 34.525
4955.000 57.764
4960.000 63.484
4965.000 67.120
4970.000 68.709
4975.000 63.953
4980.000 49.240
4985.000 36.111
4990.000 27.139
4995.000 21.789
5000.000 17.982
5005.000 15.151
5010.000 13.165
5015.000 12.424
5020.000 11.277
5025.000 10.496
5030.000 9.903
5035.000 9.353
5040.000 8.643
5045.000 7.917
5050.000 7.313
5055.000 6.755
5060.000 6.497
5065.000 5.885
5070.000 5.705
5075.000 5.398
5080.000 5.120
5085.000 4.897
5090.000 4.665
5095.000 4.486
5100.000 4.357
5105.000 4.196
5110.000 4.047
5115.000 3.950
5120.000 3.831
5125.000 3.736
5130.000 3.675
5135.000 3.599
5140.000 3.534
5145.000 3.446
5150.000 3.396
5155.000 3.318
5160.000 3.259
5165.000 3.206
5170.000 3.148
5175.000 3.148
5180.000 3.091
5185.000 3.062
5190.000 3.046
5195.000 3.019
5200.000 2.960
5205.000 2.950
5210.000 2.908
5215.000 2.877
5220.000 2.852
5225.000 2.826
5230.000 2.793
5235.000 2.764
5240.000 2.745
5245.000 2.735
5250.000 2.733
5255.000 2.718
5260.000 2.678
5265.000 2.681
5270.000 2.668
5275.000 2.643
5280.000 2.639
5285.000 2.602
5290.000 2.590
5295.000 2.584
5300.000 2.592
5305.000 2.584
5310.000 2.547
5315.000 2.537
5320.000 2.520
5325.000 2.507
5330.000 2.508
5335.000 2.498
5340.000 2.489
5345.000 2.479
5350.000 2.457
5355.000 2.459
5360.000 2.454
5365.000 2.464
5370.000 2.485
5375.000 2.451
5380.000 2.422
5385.000 2.398
5390.000 2.389
5395.000 2.390
5400.000 2.370
5405.000 2.369
5410.000 2.366
5415.000 2.343
5420.000 2.337
5425.000 2.336
5430.000 2.318
5435.000 2.320
5440.000 2.315
5445.000 2.299
5450.000 2.288
5455.000 2.285
5460.000 2.291
5465.000 2.267
5470.000 2.276
5475.000 2.270
5480.000 2.260
5485.000 2.255
5490.000 2.248
5495.000 2.237
5500.000 2.241
5510.000 2.329
5515.000 2.308
5520.000 2.272
5525.000 2.285
5530.000 2.263
5535.000 2.262
5540.000 2.246
5545.000 2.245
5550.000 2.251
5555.000 2.245
5560.000 2.231
5565.000 2.233
5570.000 2.227
5575.000 2.237
5580.000 2.240
5585.000 2.249
5590.000 2.249
5595.000 2.241
5600.000 2.260
5605.000 2.246
5610.000 2.257
5615.000 2.260
5620.000 2.282
5625.000 2.279
5630.000 2.290
5635.000 2.290
5640.000 2.324
5645.000 2.320
5650.000 2.346
5655.000 2.337
5660.000 2.350
5665.000 2.358
5670.000 2.375
5675.000 2.394
5680.000 2.419
5685.000 2.437
5690.000 2.460
5695.000 2.458
5700.000 2.477
5705.000 2.512
5710.000 2.507
5715.000 2.550
5720.000 2.563
5725.000 2.583
5730.000 2.629
5735.000 2.645
5740.000 2.688
5745.000 2.724
5750.000 2.766
5755.000 2.811
5760.000 2.849
5765.000 2.887
5770.000 2.919
5775.000 3.005
5780.000 3.011
5785.000 3.059
5790.000 3.139
5795.000 3.171
5800.000 3.242
5805.000 3.313
5810.000 3.399
5815.000 3.491
5820.000 3.576
5825.000 3.665
5830.000 3.702
5835.000 3.813
5840.000 3.888
5845.000 4.018
5850.000 4.140
5855.000 4.232
5860.000 4.295
5865.000 4.306
5870.000 4.427
5875.000 4.483
5880.000 4.502
5885.000 4.522
5890.000 4.660
5895.000 4.742
5900.000 4.749
5905.000 4.828
5910.000 4.921
5915.000 4.995
5920.000 5.091
5925.000 5.185
5930.000 5.292
5935.000 5.415
5940.000 5.495
5945.000 5.542
5950.000 5.715
5955.000 5.821
5960.000 5.868
5965.000 5.969
5970.000 6.122
5975.000 6.268
5980.000 6.388
5985.000 6.559
5990.000 6.707
5995.000 6.901
6000.000 7.010
6005.000 7.181
6010.000 7.285
6015.000 7.595
6020.000 7.909
6025.000 7.994
6030.000 8.159
6035.000 8.374
6040.000 8.590
6045.000 8.819
6050.000 9.145
6055.000 9.432
6060.000 9.614
6065.000 10.088
6070.000 10.254
6075.000 10.834
6080.000 11.028
6085.000 11.464
6090.000 11.932
6095.000 12.440
6100.000 12.988
6105.000 13.581
6110.000 14.225
6115.000 14.971
6120.000 15.806
6125.000 16.805
6130.000 17.453
6135.000 19.750
6140.000 20.738
6145.000 22.900
6150.000 25.143
6155.000 27.572
6160.000 30.314
6165.000 33.441
6170.000 37.280
6175.000 42.011
6180.000 46.969
6185.000 51.242
6190.000 55.819
6195.000 60.493
6200.000 62.031
6205.000 63.164
6210.000 61.367
6215.000 56.031
6220.000 47.722
6225.000 39.215
6230.000 33.482
6235.000 29.128
6240.000 25.943
6245.000 24.119
6250.000 23.090
6255.000 22.316
6260.000 22.000
6265.000 20.999
6270.000 20.675
6275.000 19.985
6280.000 19.275
6285.000 18.425
6290.000 17.728
6295.000 17.249
6300.000 16.739
6305.000 16.116
6310.000 15.619
6315.000 14.968
6320.000 14.669
6325.000 14.165
6330.000 13.686
6335.000 13.245
6340.000 12.790
6345.000 12.405
6350.000 12.111
6355.000 11.758
6360.000 11.422
6365.000 11.178
6370.000 10.926
6375.000 10.808
6380.000 10.498
6385.000 10.391
6390.000 10.218
6395.000 10.041
6400.000 9.905
6405.000 9.764
6410.000 9.643
6415.000 9.579
6420.000 9.516
6425.000 9.423
6430.000 9.307
6435.000 9.297
6440.000 9.250
6445.000 9.259
6450.000 9.264
6455.000 9.274
6460.000 9.308
6465.000 9.379
6470.000 9.452
6475.000 9.566
6480.000 9.733
6485.000 9.944
6490.000 10.119
6495.000 10.723
6500.000 10.971
6505.000 11.983
6510.000 12.368
6515.000 13.503
6520.000 15.481
6525.000 19.452
6530.000 29.472
6535.000 43.185
6540.000 55.455
6545.000 58.821
6550.000 26.492
6555.000 10.314
6560.000 5.286
6565.000 4.830
6570.000 1.794
6575.000 0.992
6580.000 0.845
6585.000 1.109
6590.000 1.349
6595.000 1.565
6600.000 1.737
6605.000 1.877
6610.000 1.999
6615.000 2.093
6620.000 2.176
6625.000 2.242
6630.000 2.278
6635.000 2.317
6640.000 2.368
6645.000 2.409
6650.000 2.450
6655.000 2.476
6660.000 2.529
6665.000 2.564
6670.000 2.568
6675.000 2.604
6680.000 2.648
6685.000 2.664
6690.000 2.662
6695.000 2.682
6700.000 2.711
6705.000 2.726
6710.000 2.742
6715.000 2.767
6720.000 2.788
6725.000 2.785
6730.000 2.824
6735.000 2.833
6740.000 2.853
6745.000 2.866
6750.000 2.860
6755.000 2.870
6760.000 2.891
6765.000 2.899
6770.000 2.924
6775.000 2.932
6780.000 2.940
6785.000 2.945
6790.000 2.975
6795.000 2.983
6800.000 3.006
6805.000 3.029
6810.000 3.029
6815.000 3.038
6820.000 3.046
6825.000 3.059
6830.000 3.074
6835.000 3.109
6840.000 3.124
6845.000 3.137
6850.000 3.141
6855.000 3.168
6860.000 3.200
6865.000 3.211
6870.000 3.225
6875.000 3.247
6880.000 3.295
6885.000 3.305
6890.000 3.340
6895.000 3.370
6900.000 3.400
6905.000 3.446
6910.000 3.494
6915.000 3.542
6920.000 3.550
6925.000 3.550
6930.000 3.569
6935.000 3.617
6940.000 3.629
6945.000 3.672
6950.000 3.719
6955.000 3.756
6960.000 3.778
6965.000 3.831
6970.000 3.878
6975.000 3.946
6980.000 3.952
6985.000 4.065
6990.000 4.101
6995.000 4.169
7000.000 4.237
7005.000 4.327
7010.000 4.396
7015.000 4.509
7020.000 4.588
7025.000 4.701
7030.000 4.797
7035.000 4.873
7040.000 4.928
7045.000 5.010
7050.000 5.061
7055.000 5.133
7060.000 5.279
7065.000 5.334
7070.000 5.373
7075.000 5.477
7080.000 5.487
7085.000 5.550
7090.000 5.651
7095.000 5.711
7100.000 5.748
7105.000 5.870
7110.000 5.918
7115.000 5.976
7120.000 6.045
7125.000 6.137
7130.000 6.226
7135.000 6.309
7140.000 6.416
7145.000 6.544
7150.000 6.616
7155.000 6.697
7160.000 6.833
7165.000 6.930
7170.000 7.067
7175.000 7.183
7180.000 7.230
7185.000 7.393
7190.000 7.573
7195.000 7.710
7200.000 7.829
7205.000 8.021
7210.000 8.177
7215.000 8.375
7220.000 8.466
7225.000 8.733
7230.000 8.966
7235.000 9.066
7240.000 9.293
7245.000 9.529
7250.000 9.795
7255.000 10.063
7260.000 10.379
7265.000 10.670
7270.000 10.992
7275.000 11.379
7280.000 11.766
7285.000 12.172
7290.000 12.604
7295.000 12.810
7300.000 13.416
7305.000 13.943
7310.000 14.541
7315.000 15.187
7320.000 15.897
7325.000 16.798
7330.000 17.801
7335.000 19.039
7340.000 20.429
7345.000 22.123
7350.000 23.744
7355.000 26.074
7360.000 26.423
7365.000 29.120
7370.000 32.027
7375.000 34.984
7380.000 38.623
7385.000 42.791
7390.000 46.414
7395.000 49.636
7400.000 53.374
7405.000 55.696
7410.000 56.337
7415.000 54.049
7420.000 52.047
7425.000 47.214
7430.000 41.505
7435.000 35.917
7440.000 31.780
7445.000 28.797
7450.000 26.980
7455.000 25.404
7460.000 24.061
7465.000 22.793
7470.000 21.670
7475.000 20.640
7480.000 19.561
7485.000 18.990
7490.000 18.055
7495.000 17.296
7500.000 16.461
7505.000 15.702
7510.000 15.047
7515.000 14.493
7520.000 14.003
7525.000 13.572
7530.000 13.174
7535.000 12.722
7540.000 12.504
7545.000 12.129
7550.000 12.440
7555.000 12.009
7560.000 11.520
7565.000 11.121
7570.000 10.729
7575.000 10.375
7580.000 10.121
7585.000 9.792
7590.000 9.406
7595.000 9.057
7600.000 8.871
7605.000 8.560
7610.000 8.358
7615.000 8.083
7620.000 7.837
7625.000 7.642
7630.000 7.460
7635.000 7.278
7640.000 7.116
7645.000 6.957
7650.000 6.890
7655.000 6.767
7660.000 6.587
7665.000 6.526
7670.000 6.445
7675.000 6.341
7680.000 6.291
7685.000 6.239
7690.000 6.110
7695.000 6.016
7700.000 5.910
7705.000 5.839
7710.000 5.810
7715.000 5.747
7720.000 5.642
7725.000 5.633
7730.000 5.655
7735.000 5.591
7740.000 5.526
7745.000 5.503
7750.000 5.500
7755.000 5.491
7760.000 5.443
7765.000 5.406
7770.000 5.393
7775.000 5.392
7780.000 5.397
7785.000 5.353
7790.000 5.338
7795.000 5.495
7800.000 5.652
7805.000 5.562
7810.000 5.526
7815.000 5.500
7820.000 5.488
7825.000 5.480
7830.000 5.544
7835.000 5.546
7840.000 5.575
7845.000 5.623
7850.000 5.659
7855.000 5.713
7860.000 5.811
7865.000 5.907
7870.000 5.964
7875.000 6.100
7880.000 6.215
7885.000 6.307
7890.000 6.345
7895.000 6.520
7900.000 6.627
7905.000 6.686
7910.000 6.826
7915.000 6.993
7920.000 7.169
7925.000 7.425
7930.000 7.675
7935.000 7.955
7940.000 8.213
7945.000 8.374
7950.000 8.463
7955.000 8.721
7960.000 9.219
7965.000 9.633
7970.000 9.863
7975.000 10.400
7980.000 11.101
7985.000 12.067
7990.000 13.463
7995.000 15.623
8000.000 19.188
8005.000 26.080
8010.000 36.727
8015.000 49.081
8020.000 58.473
8025.000 60.543
8030.000 55.548
8035.000 25.846
8040.000 14.088
8045.000 10.106
8050.000 6.452
8055.000 4.859
8060.000 3.657
8065.000 2.768
8070.000 2.434
8075.000 1.885
8080.000 1.366
8085.000 1.191
8090.000 1.144
8095.000 1.102
8100.000 1.186
8105.000 1.217
8110.000 1.299
8115.000 1.382
8120.000 1.471
8125.000 1.550
8130.000 1.654
8135.000 1.759
8140.000 1.841
8145.000 1.920
8150.000 1.951
8155.000 2.028
8160.000 2.099
8165.000 2.159
8170.000 2.302
8175.000 2.362
8180.000 2.420
8185.000 2.496
8190.000 2.557
8195.000 2.615
8200.000 2.692
8205.000 2.760
8210.000 2.837
8215.000 2.875
8220.000 2.945
8225.000 3.045
8230.000 3.111
8235.000 3.173
8240.000 3.250
8245.000 3.325
8250.000 3.426
8255.000 3.458
8260.000 3.539
8265.000 3.684
8270.000 3.745
8275.000 3.823
8280.000 3.924
8285.000 4.057
8290.000 4.161
8295.000 4.290
8300.000 4.400
8305.000 4.540
8310.000 4.614
8315.000 4.851
8320.000 5.023
8325.000 5.183
8330.000 5.287
8335.000 5.491
8340.000 5.712
8345.000 5.966
8350.000 6.203
8355.000 6.494
8360.000 6.736
8365.000 6.973
8370.000 7.205
8375.000 7.417
8380.000 7.604
8385.000 7.828
8390.000 8.001
8395.000 8.094
8400.000 8.329
8405.000 8.566
8410.000 8.783
8415.000 9.081
8420.000 9.347
8425.000 9.676
8430.000 10.042
8435.000 10.400
8440.000 10.730
8445.000 11.130
8450.000 11.569
8455.000 11.781
8460.000 12.278
8465.000 12.862
8470.000 13.545
8475.000 14.457
8480.000 15.604
8485.000 17.365
8490.000 20.703
8495.000 26.884
8500.000 31.021
8505.000 37.424
8510.000 8.322
8515.000 15.047
8520.000 12.295
8525.000 16.401
8530.000 18.415
8535.000 22.719
8540.000 26.116
8545.000 29.634
8550.000 32.857
8555.000 36.134
8560.000 39.256
8565.000 42.794
8570.000 44.628
8575.000 48.453
8580.000 52.202
8585.000 55.448
8590.000 58.097
8595.000 60.094
8600.000 60.774
8605.000 60.568
8610.000 58.008
8615.000 52.544
8620.000 49.352
8625.000 42.558
8630.000 34.803
8635.000 32.544
8640.000 28.359
8645.000 24.860
8650.000 22.554
8655.000 21.684
8660.000 21.096
8665.000 20.411
8670.000 19.710
8675.000 18.938
8680.000 18.131
8685.000 17.400
8690.000 16.759
8695.000 16.053
8700.000 15.786
8705.000 15.249
8710.000 14.756
8715.000 14.303
8720.000 13.898
8725.000 13.510
8730.000 13.126
8735.000 12.783
8740.000 12.463
8745.000 12.308
8750.000 11.853
8755.000 11.699
8760.000 11.442
8765.000 11.213
8770.000 10.966
8775.000 10.754
8780.000 10.552
8785.000 10.321
8790.000 10.131
8795.000 9.971
8800.000 9.781
8805.000 9.599
8810.000 9.512
8815.000 9.301
8820.000 9.128
8825.000 8.977
8830.000 8.775
8835.000 8.607
8840.000 8.436
8845.000 8.323
8850.000 8.138
8855.000 8.030
8860.000 7.943
8865.000 7.871
8870.000 7.711
8875.000 7.565
8880.000 7.472
8885.000 7.305
8890.000 7.152
8895.000 7.012
8900.000 6.914
8905.000 6.825
8910.000 6.752
8915.000 6.675
8920.000 6.572
8925.000 6.512
8930.000 6.417
8935.000 6.363
8940.000 6.302
8945.000 6.256
8950.000 6.205
8955.000 6.163
8960.000 6.096
8965.000 6.035
8970.000 6.003
8975.000 5.978
8980.000 5.940
8985.000 5.890
8990.000 5.871
8995.000 5.811
9000.000 5.784
9005.000 5.770
9010.000 5.726
9015.000 5.724
9020.000 5.717
9025.000 5.707
9030.000 5.680
9035.000 5.665
9040.000 5.662
9045.000 5.626
9050.000 5.625
9055.000 5.655
9060.000 5.649
9065.000 5.636
9070.000 5.632
9075.000 5.623
9080.000 5.629
9085.000 5.662
9090.000 5.632
9095.000 5.672
9100.000 5.699
9105.000 5.687
9110.000 5.675
9115.000 5.665
9120.000 5.679
9125.000 5.685
9130.000 5.699
9135.000 5.687
9140.000 5.720
9145.000 5.756
9150.000 5.787
9155.000 5.771
9160.000 5.831
9165.000 5.830
9170.000 5.849
9175.000 5.919
9180.000 5.933
9185.000 5.986
9190.000 6.017
9195.000 6.010
9200.000 6.062
9205.000 6.100
9210.000 6.183
9215.000 6.243
9220.000 6.295
9225.000 6.377
9230.000 6.447
9235.000 6.533
9240.000 6.555
9245.000 6.653
9250.000 6.693
9255.000 6.740
9260.000 6.822
9265.000 6.865
9270.000 6.937
9275.000 7.004
9280.000 7.153
9285.000 7.237
9290.000 7.298
9295.000 7.421
9300.000 7.476
9305.000 7.620
9310.000 7.739
9315.000 7.894
9320.000 8.054
9325.000 8.176
9330.000 8.330
9335.000 8.520
9340.000 8.760
9345.000 8.861
9350.000 9.100
9355.000 9.573
9360.000 9.886
9365.000 10.074
9370.000 10.502
9375.000 10.966
9380.000 11.522
9385.000 12.188
9390.000 12.957
9395.000 13.919
9400.000 15.248
9405.000 17.153
9410.000 20.187
9415.000 25.138
9420.000 28.480
9425.000 40.910
9430.000 45.883
9435.000 55.250
9440.000 60.601
9445.000 58.089
9450.000 29.980
9455.000 18.831
9460.000 12.841
9465.000 9.303
9470.000 8.090
9475.000 5.239
9480.000 4.531
9485.000 2.880
9490.000 2.452
9495.000 1.746
9500.000 1.164
9505.000 0.742
9510.000 0.605
9515.000 0.730
9520.000 0.997
9525.000 1.127
9530.000 1.396
9535.000 1.783
9540.000 1.929
9545.000 2.172
9550.000 2.407
9555.000 2.633
9560.000 2.842
9565.000 3.066
9570.000 3.297
9575.000 3.538
9580.000 3.790
9585.000 4.051
9590.000 4.181
9595.000 4.595
9600.000 4.777
9605.000 5.290
9610.000 5.452
9615.000 5.852
9620.000 6.296
9625.000 6.803
9630.000 7.388
9635.000 8.011
9640.000 8.799
9645.000 9.683
9650.000 10.167
9655.000 11.541
9660.000 12.036
9665.000 13.547
9670.000 14.096
9675.000 15.387
9680.000 16.663
9685.000 17.999
9690.000 19.378
9695.000 20.787
9700.000 22.189
9705.000 23.674
9710.000 25.515
9715.000 27.572
9720.000 28.669
9725.000 31.004
9730.000 34.820
9735.000 36.107
9740.000 39.117
9745.000 42.219
9750.000 46.048
9755.000 49.626
9760.000 52.753
9765.000 55.071
9770.000 56.969
9775.000 58.170
9780.000 58.097
9785.000 53.660
9790.000 51.216
9795.000 46.691
9800.000 42.126
9805.000 37.159
9810.000 32.863
9815.000 29.433
9820.000 26.557
9825.000 24.104
9830.000 21.731
9835.000 19.408
9840.000 17.838
9845.000 17.167
9850.000 16.735
9855.000 16.476
9860.000 15.929
9865.000 15.406
9870.000 15.015
9875.000 14.535
9880.000 14.066
9885.000 13.614
9890.000 13.219
9895.000 12.852
9900.000 12.496
9905.000 12.160
9910.000 11.967
9915.000 11.643
9920.000 11.371
9925.000 11.042
9930.000 10.774
9935.000 10.476
9940.000 10.233
9945.000 9.996
9950.000 9.766
9955.000 9.562
9960.000 9.343
9965.000 9.172
9970.000 9.067
9975.000 8.810
9980.000 8.656
9985.000 8.395
9990.000 8.159
9995.000 7.915
10000.000 7.689
10005.000 7.465
10010.000 7.235
10015.000 7.060
10020.000 6.885
10025.000 6.721
10030.000 6.607
10035.000 6.491
10040.000 6.295
10045.000 6.109
10050.000 5.950
10055.000 5.753
10060.000 5.603
10065.000 5.422
10070.000 5.256
10075.000 5.069
10080.000 4.852
10085.000 4.657
10090.000 4.429
10095.000 4.287
10100.000 3.970
10105.000 3.587
10110.000 3.015
10115.000 2.158
10120.000 1.159
10125.000 3.114
10130.000 13.187
10135.000 26.937
10140.000 23.714
10145.000 15.781
10150.000 15.706
10155.000 11.665
10160.000 11.138
10165.000 9.822
10170.000 8.925
10175.000 8.251
10180.000 7.762
10185.000 7.458
10190.000 7.281
10195.000 7.153
10200.000 7.092
10205.000 7.095
10210.000 7.037
10215.000 6.896
10220.000 6.852
10225.000 6.813
10230.000 6.812
10235.000 6.646
10240.000 6.611
10245.000 6.599
10250.000 6.528
10255.000 6.485
10260.000 6.465
10265.000 6.453
10270.000 6.426
10275.000 6.390
10280.000 6.398
10285.000 6.358
10290.000 6.355
10295.000 6.338
10300.000 6.383
10305.000 6.421
10310.000 6.350
10315.000 6.352
10320.000 6.290
10325.000 6.284
10330.000 6.278
10335.000 6.294
10340.000 6.294
10345.000 6.249
10350.000 6.246
10355.000 6.228
10360.000 6.215
10365.000 6.220
10370.000 6.257
10375.000 6.265
10380.000 6.280
10385.000 6.265
10390.000 6.296
10395.000 6.300
10400.000 6.281
10405.000 6.276
10410.000 6.299
10415.000 6.272
10420.000 6.288
10425.000 6.267
10430.000 6.290
10435.000 6.287
10440.000 6.321
10445.000 6.345
10450.000 6.318
10455.000 6.376
10460.000 6.442
10465.000 6.469
10470.000 6.501
10475.000 6.518
10480.000 6.567
10485.000 6.590
10490.000 6.623
10495.000 6.649
10500.000 6.687
10505.000 6.744
10510.000 6.771
10515.000 6.837
10520.000 6.871
10525.000 6.967
10530.000 6.982
10535.000 7.101
10540.000 7.180
10545.000 7.292
10550.000 7.311
10555.000 7.361
10560.000 7.360
10565.000 7.396
10570.000 7.480
10575.000 7.541
10580.000 7.584
10585.000 7.666
10590.000 7.754
10595.000 7.854
10600.000 7.931
10605.000 8.067
10610.000 8.159
10615.000 8.235
10620.000 8.364
10625.000 8.458
10630.000 8.641
10635.000 8.771
10640.000 8.936
10645.000 9.006
10650.000 9.144
10655.000 9.302
10660.000 9.516
10665.000 9.672
10670.000 9.931
10675.000 10.144
10680.000 10.360
10685.000 10.618
10690.000 10.898
10695.000 11.234
10700.000 11.594
10705.000 11.809
10710.000 12.156
10715.000 12.524
10720.000 12.945
10725.000 13.330
10730.000 13.860
10735.000 14.462
10740.000 15.145
10745.000 15.512
10750.000 16.793
10755.000 17.950
10760.000 19.415
10765.000 20.310
10770.000 22.478
10775.000 25.115
10780.000 28.349
10785.000 32.290
10790.000 37.474
10795.000 43.568
10800.000 48.568
10805.000 50.447
10810.000 49.609
10815.000 35.148
10820.000 24.519
10825.000 20.631
10830.000 14.515
10835.000 10.267
10840.000 7.449
10845.000 5.579
10850.000 3.773
10855.000 2.430
10860.000 1.849
10865.000 2.258
10870.000 3.189
10875.000 3.707
10880.000 5.692
10885.000 7.845
10890.000 9.258
10895.000 12.916
10900.000 17.526
10905.000 22.423
10910.000 27.099
10915.000 31.727
10920.000 36.169
10925.000 40.324
10930.000 44.061
10935.000 47.434
10940.000 48.826
10945.000 51.265
10950.000 51.382
10955.000 50.319
10960.000 47.181
10965.000 43.052
10970.000 39.067
10975.000 35.426
10980.000 31.843
10985.000 28.481
10990.000 24.988
10995.000 21.439
11000.000 19.891
11005.000 16.703
11010.000 13.635
11015.000 10.985
11020.000 9.326
11025.000 8.814
11030.000 8.977
11035.000 8.820
11040.000 9.820
11045.000 9.394
11050.000 8.844
11055.000 8.433
11060.000 8.116
11065.000 7.864
11070.000 7.758
11075.000 7.561
11080.000 7.376
11085.000 7.190
11090.000 7.008
11095.000 6.822
11100.000 6.592
11105.000 6.370
11110.000 6.125
11115.000 5.928
11120.000 5.770
11125.000 5.591
11130.000 5.492
11135.000 5.317
11140.000 5.174
11145.000 5.014
11150.000 4.891
11155.000 4.756
11160.000 4.640
11165.000 4.519
11170.000 4.419
11175.000 4.322
11180.000 4.228
11185.000 4.176
11190.000 4.063
11195.000 4.008
11200.000 3.954
11205.000 3.884
11210.000 3.814
11215.000 3.752
11220.000 3.709
11225.000 3.656
11230.000 3.592
11235.000 3.570
11240.000 3.503
11245.000 3.469
11250.000 3.452
11255.000 3.459
11260.000 3.429
11265.000 3.389
11270.000 3.358
11275.000 3.281
11280.000 3.272
11285.000 3.265
11290.000 3.275
11295.000 3.236
11300.000 3.213
11305.000 3.167
11310.000 3.199
11315.000 3.229
11320.000 3.224
11325.000 3.177
11330.000 3.124
11335.000 3.072
11340.000 3.039
11345.000 3.018
11350.000 2.973
11355.000 2.963
11360.000 2.959
11365.000 2.924
11370.000 2.925
11375.000 2.893
11380.000 2.893
11385.000 2.873
11390.000 2.858
11395.000 2.842
11400.000 2.829
11405.000 2.814
11410.000 2.791
11415.000 2.785
11420.000 2.771
11425.000 2.771
11430.000 2.753
11435.000 2.750
11440.000 2.724
11445.000 2.721
11450.000 2.706
11455.000 2.710
11460.000 2.688
11465.000 2.697
11470.000 2.690
11475.000 2.706
11480.000 2.696
11485.000 2.659
11490.000 2.661
11495.000 2.647
11500.000 2.610
11505.000 2.616
11510.000 2.603
11515.000 2.584
11520.000 2.568
11525.000 2.537
11530.000 2.518
11535.000 2.507
11540.000 2.482
11545.000 2.486
11550.000 2.497
11555.000 2.445
11560.000 2.415
11565.000 2.385
11570.000 2.344
11575.000 2.305
11580.000 2.273
11585.000 2.221
11590.000 2.162
11595.000 2.111
11600.000 2.069
11605.000 1.972
11610.000 1.932
11615.000 1.795
11620.000 1.728
11625.000 1.601
11630.000 1.450
11635.000 1.285
11640.000 1.074
11645.000 0.933
11650.000 1.025
11655.000 1.657
11660.000 3.643
11665.000 10.430
11670.000 19.602
11675.000 26.027
11680.000 25.578
11685.000 16.615
11690.000 14.407
11695.000 12.388
11700.000 10.964
11705.000 10.001
11710.000 9.312
11715.000 8.799
11720.000 8.458
11725.000 8.160
11730.000 8.000
11735.000 7.590
11740.000 7.241
11745.000 6.921
11750.000 6.594
11755.000 6.325
11760.000 6.070
11765.000 5.836
11770.000 5.665
11775.000 5.541
11780.000 5.505
11785.000 5.537
11790.000 5.570
11795.000 5.637
11800.000 5.680
11805.000 5.743
11810.000 5.783
11815.000 5.844
11820.000 5.905
11825.000 6.023
11830.000 6.104
11835.000 6.216
11840.000 6.317
11845.000 6.408
11850.000 6.445
11855.000 6.590
11860.000 6.646
11865.000 6.799
11870.000 6.912
11875.000 7.033
11880.000 7.177
11885.000 7.353
11890.000 7.539
11895.000 7.708
11900.000 7.893
11905.000 8.147
11910.000 8.234
11915.000 8.617
11920.000 8.861
11925.000 9.006
11930.000 9.317
11935.000 9.597
11940.000 9.905
11945.000 10.257
11950.000 10.670
11955.000 11.061
11960.000 11.533
11965.000 12.074
11970.000 12.695
11975.000 13.325
11980.000 13.687
11985.000 14.320
11990.000 14.583
11995.000 12.976
12000.000 7.829
