#f \kHZ     I_hori/A    I_sweep/0.1A    I_hori/A    Isweep/0.1A
100         0           6.47            0           7.78
200         0.01        6.77            0.01        9.14
300         0.04        4.6             0.04        8.13
400         0.06        3.27            0.06        9
500         0.08        3.45            0.08        9.37
600         0.1         3.0             0.1         10
700         0.13        2.5             0.13        10.35
800         0.14        2.4             0.2         3.55
900         0.15        2.7             0.23        1.86
1000        0.15        5.1             0.26        1.90