105.000 0.077
110.000 0.288
115.000 0.476
120.000 0.668
125.000 0.675
130.000 0.659
135.000 0.656
140.000 0.657
145.000 0.652
150.000 0.764
155.000 0.913
160.000 0.891
165.000 0.970
170.000 1.044
175.000 1.181
180.000 1.239
185.000 1.349
190.000 1.511
195.000 1.905
200.000 2.372
205.000 2.513
210.000 3.238
215.000 3.408
220.000 4.105
225.000 5.730
230.000 6.553
235.000 9.005
240.000 10.525
245.000 13.070
250.000 16.541
255.000 18.149
260.000 20.183
265.000 21.446
270.000 22.210
275.000 22.611
280.000 22.502
285.000 21.833
290.000 21.409
295.000 20.559
300.000 19.716
305.000 19.437
310.000 19.012
315.000 18.714
320.000 17.884
325.000 18.066
330.000 18.010
335.000 18.103
340.000 18.074
345.000 18.478
350.000 18.780
355.000 19.255
360.000 19.687
365.000 20.167
370.000 21.079
375.000 22.136
380.000 22.719
385.000 24.423
390.000 25.376
395.000 27.691
400.000 28.928
405.000 32.008
410.000 35.175
415.000 37.017
420.000 40.439
425.000 42.066
430.000 45.123
435.000 47.833
440.000 50.399
445.000 51.559
450.000 52.337
455.000 54.933
460.000 56.387
465.000 57.053
470.000 58.905
475.000 59.674
480.000 61.110
485.000 61.828
490.000 61.969
495.000 60.645
500.000 58.721
505.000 53.471
510.000 46.738
515.000 43.222
520.000 36.397
525.000 33.269
530.000 27.782
535.000 23.794
540.000 21.976
545.000 19.033
550.000 17.935
555.000 15.568
560.000 13.834
565.000 13.278
570.000 12.167
575.000 11.663
580.000 10.763
585.000 10.128
590.000 9.909
595.000 9.494
600.000 9.399
605.000 9.019
610.000 8.780
615.000 8.602
620.000 8.515
625.000 8.339
630.000 8.314
635.000 8.266
640.000 8.290
645.000 8.240
650.000 8.441
655.000 8.552
660.000 8.857
665.000 9.049
670.000 9.437
675.000 9.794
680.000 10.451
685.000 11.567
690.000 12.255
695.000 13.526
700.000 14.217
705.000 15.250
710.000 15.331
715.000 14.532
720.000 12.258
725.000 11.039
730.000 8.777
735.000 7.136
740.000 6.422
745.000 5.358
750.000 4.859
755.000 4.005
760.000 3.368
765.000 3.076
770.000 2.564
775.000 2.382
780.000 2.018
785.000 1.773
790.000 1.670
795.000 1.505
800.000 1.405
805.000 1.324
810.000 1.271
815.000 1.230
820.000 1.219
825.000 1.198
830.000 1.162
835.000 1.074
840.000 1.032
845.000 1.055
850.000 1.043
855.000 1.032
860.000 1.076
865.000 1.043
870.000 1.103
875.000 1.108
880.000 1.205
885.000 1.358
890.000 1.445
895.000 1.668
900.000 1.805
905.000 2.139
910.000 2.662
915.000 3.070
920.000 3.952
925.000 4.632
930.000 5.480
935.000 5.339
940.000 5.179
945.000 4.319
950.000 3.943
955.000 3.362
960.000 2.863
965.000 2.731
970.000 2.376
975.000 2.277
980.000 2.095
985.000 2.022
990.000 1.833
995.000 1.741
1000.000 1.707
1005.000 1.691
1010.000 1.694
1015.000 1.586
1020.000 1.486
1025.000 1.455
1030.000 1.468
1035.000 1.443
1040.000 1.401
1045.000 1.393
1050.000 1.394
1055.000 1.450
1060.000 1.354
1065.000 1.406
1070.000 1.477
1075.000 1.500
1080.000 1.543
1085.000 1.616
1090.000 1.689
1095.000 1.865
1100.000 1.937
1105.000 2.226
1110.000 2.440
1115.000 2.997
1120.000 3.911
1125.000 4.657
1130.000 6.535
1135.000 7.559
1140.000 8.880
1145.000 8.209
1150.000 7.364
1155.000 5.866
1160.000 5.240
1165.000 4.286
1170.000 3.659
1175.000 3.403
1180.000 3.034
1185.000 2.877
1190.000 2.634
1195.000 2.416
1200.000 2.325
1205.000 2.258
1210.000 2.222
1215.000 2.143
1220.000 2.085
1225.000 2.045
1230.000 2.048
1235.000 2.044
1240.000 2.062
1245.000 2.105
1250.000 2.097
1255.000 2.174
1260.000 2.189
1265.000 2.284
1270.000 2.407
1275.000 2.453
1280.000 2.643
1285.000 2.758
1290.000 3.080
1295.000 3.525
1300.000 3.831
1305.000 4.742
1310.000 5.289
1315.000 6.548
1320.000 8.122
1325.000 8.964
1330.000 10.027
1335.000 9.774
1340.000 8.087
1345.000 5.856
1350.000 5.013
1355.000 3.798
1360.000 3.359
1365.000 2.728
1370.000 2.293
1375.000 2.119
1380.000 1.895
1385.000 1.803
1390.000 1.646
1395.000 1.554
1400.000 1.529
1405.000 1.501
1410.000 1.458
1415.000 1.484
1420.000 1.516
1425.000 1.539
1430.000 1.616
1435.000 1.641
1440.000 1.814
1445.000 2.001
1450.000 2.150
1455.000 2.499
1460.000 2.658
1465.000 3.206
1470.000 4.274
1475.000 4.666
1480.000 5.770
1485.000 6.744
1490.000 9.573
1495.000 13.022
1500.000 14.802
1505.000 17.597
1510.000 18.153
1515.000 16.846
1520.000 13.013
1525.000 11.213
1530.000 8.458
1535.000 7.470
1540.000 5.961
1545.000 4.912
1550.000 4.576
1555.000 3.970
1560.000 3.779
1565.000 3.533
1570.000 3.479
1575.000 3.487
1580.000 3.280
1585.000 3.237
1590.000 3.059
1595.000 3.018
1600.000 2.935
1605.000 2.925
1610.000 2.916
1615.000 3.183
1620.000 3.229
1625.000 3.260
1630.000 3.393
1635.000 3.537
1640.000 3.765
1645.000 3.824
1650.000 3.800
1655.000 3.228
1660.000 2.788
1665.000 1.943
1670.000 1.573
1675.000 1.146
1680.000 0.852
1685.000 0.815
1690.000 0.690
1695.000 0.669
1700.000 0.614
1705.000 0.629
1710.000 0.637
1715.000 0.698
1720.000 0.730
1725.000 0.949
1730.000 1.296
1735.000 1.546
1740.000 2.464
1745.000 3.087
1750.000 4.267
1755.000 4.368
1760.000 4.038
1765.000 3.230
1770.000 2.866
1775.000 2.338
1780.000 1.950
1785.000 1.811
1790.000 1.601
1795.000 1.532
1800.000 1.391
1805.000 1.318
1810.000 1.298
1815.000 1.224
1820.000 1.220
1825.000 1.179
1830.000 1.147
1835.000 1.135
1840.000 1.128
1845.000 1.126
1850.000 1.124
1855.000 1.086
1860.000 1.099
1865.000 1.083
1870.000 1.069
1875.000 1.070
1880.000 1.105
1885.000 1.082
1890.000 1.083
1895.000 1.069
1900.000 1.061
1905.000 1.041
1910.000 1.069
1915.000 1.086
1920.000 1.069
1925.000 1.076
1930.000 1.024
1935.000 1.111
1940.000 1.107
1945.000 1.117
1950.000 1.103
1955.000 1.126
1960.000 1.113
1965.000 1.115
1970.000 1.088
1975.000 1.117
1980.000 1.108
1985.000 1.112
1990.000 1.091
1995.000 1.112
2000.000 1.086
2005.000 1.109
2010.000 1.108
2015.000 1.098
2020.000 1.093
2025.000 1.072
2030.000 1.095
2035.000 1.113
2040.000 1.109
2045.000 1.123
2050.000 1.103
2055.000 1.151
2060.000 1.120
2065.000 1.126
2070.000 1.102
2075.000 1.109
2080.000 1.093
2085.000 1.102
2090.000 1.107
2095.000 1.118
2100.000 1.126
2105.000 1.087
2110.000 1.110
2115.000 1.103
2120.000 1.117
2125.000 1.109
2130.000 1.102
2135.000 1.108
2140.000 1.096
2145.000 1.129
2150.000 1.118
2155.000 1.094
2160.000 1.110
2165.000 1.118
2170.000 1.123
2175.000 1.115
2180.000 1.119
2185.000 1.102
2190.000 1.107
2195.000 1.119
2200.000 1.106
2205.000 1.114
2210.000 1.097
2215.000 1.106
2220.000 1.127
2225.000 1.103
2230.000 1.086
2235.000 1.099
2240.000 1.120
2245.000 1.104
2250.000 1.096
2255.000 1.118
2260.000 1.087
2265.000 1.126
2270.000 1.078
2275.000 1.096
2280.000 1.085
2285.000 1.090
2290.000 1.090
2295.000 1.094
2300.000 1.104
2305.000 1.083
2310.000 1.083
2315.000 1.099
2320.000 1.097
2325.000 1.096
2330.000 1.079
2335.000 1.082
2340.000 1.096
2345.000 1.083
2350.000 1.087
2355.000 1.087
2360.000 1.101
2365.000 1.079
2370.000 1.072
2375.000 1.089
2380.000 1.067
2385.000 1.088
2390.000 1.087
2395.000 1.087
2400.000 1.058
2405.000 1.065
2410.000 1.068
2415.000 1.053
2420.000 1.065
2425.000 1.081
2430.000 1.097
2435.000 1.077
2440.000 1.050
2445.000 1.044
2450.000 1.076
2455.000 1.077
2460.000 1.051
2465.000 1.062
2470.000 1.053
2475.000 1.052
2480.000 1.044
2485.000 1.041
2490.000 1.046
2495.000 1.064
2500.000 1.066
2505.000 1.055
2510.000 1.057
2515.000 1.047
2520.000 1.063
2525.000 1.044
2530.000 1.052
2535.000 1.051
2540.000 1.049
2545.000 1.056
2550.000 1.040
2555.000 1.044
2560.000 1.059
2565.000 1.052
2570.000 1.067
2575.000 1.054
2580.000 1.061
2585.000 1.047
2590.000 1.056
2595.000 1.057
2600.000 1.045
2605.000 1.049
2610.000 1.045
2615.000 1.034
2620.000 1.058
2625.000 1.055
2630.000 1.079
2635.000 1.067
2640.000 1.067
2645.000 1.066
2650.000 1.081
2655.000 1.090
2660.000 1.061
2665.000 1.076
2670.000 1.090
2675.000 1.075
2680.000 1.083
2685.000 1.057
2690.000 1.073
2695.000 1.072
2700.000 1.070
2705.000 1.091
2710.000 1.075
2715.000 1.061
2720.000 1.075
2725.000 1.065
2730.000 1.080
2735.000 1.069
2740.000 1.064
2745.000 1.083
2750.000 1.076
2755.000 1.065
2760.000 1.068
2765.000 1.054
2770.000 1.072
2775.000 1.073
2780.000 1.071
2785.000 1.099
2790.000 1.099
2795.000 1.074
2800.000 1.090
2805.000 1.102
2810.000 1.081
2815.000 1.095
2820.000 1.077
2825.000 1.069
2830.000 1.085
2835.000 1.066
2840.000 1.075
2845.000 1.095
2850.000 1.077
2855.000 1.055
2860.000 1.077
2865.000 1.077
2870.000 1.079
2875.000 1.072
2880.000 1.054
2885.000 1.076
2890.000 1.070
2895.000 1.075
2900.000 1.059
2905.000 1.060
2910.000 1.046
2915.000 1.048
2920.000 1.053
2925.000 1.086
2930.000 1.060
2935.000 1.067
2940.000 1.099
2945.000 1.063
2950.000 1.079
2955.000 1.069
2960.000 1.076
2965.000 1.092
2970.000 1.079
2975.000 1.070
2980.000 1.087
2985.000 1.097
2990.000 1.096
2995.000 1.066
3000.000 1.092
3005.000 1.069
3010.000 1.146
3015.000 1.047
3020.000 1.063
3025.000 1.101
3030.000 1.078
3035.000 1.081
3040.000 1.030
3045.000 1.058
3050.000 1.022
3055.000 1.108
3060.000 1.052
3065.000 1.058
3070.000 1.099
3075.000 1.071
3080.000 1.072
3085.000 1.080
3090.000 1.071
3095.000 1.079
3100.000 1.088
3105.000 1.083
3110.000 1.090
3115.000 1.079
3120.000 1.096
3125.000 1.088
3130.000 1.085
3135.000 1.073
3140.000 1.067
3145.000 1.084
3150.000 1.062
3155.000 1.077
3160.000 1.079
3165.000 1.098
3170.000 1.093
3175.000 1.108
3180.000 1.097
3185.000 1.070
3190.000 1.064
3195.000 1.076
3200.000 1.088
3205.000 1.082
3210.000 1.064
3215.000 1.082
3220.000 1.075
3225.000 1.063
3230.000 1.073
3235.000 1.072
3240.000 1.061
3245.000 1.072
3250.000 1.073
3255.000 1.069
3260.000 1.051
3265.000 1.049
3270.000 1.031
3275.000 1.056
3280.000 1.049
3285.000 1.036
3290.000 1.029
3295.000 1.025
3300.000 0.988
3305.000 1.023
3310.000 1.010
3315.000 1.015
3320.000 0.965
3325.000 0.945
3330.000 0.944
3335.000 0.932
3340.000 0.906
3345.000 0.808
3350.000 0.811
3355.000 0.754
3360.000 0.727
3365.000 0.730
3370.000 0.857
3375.000 1.000
3380.000 1.758
3385.000 4.006
3390.000 5.782
3395.000 10.250
3400.000 13.074
3405.000 20.342
3410.000 27.024
3415.000 29.245
3420.000 30.548
3425.000 30.631
3430.000 31.625
3435.000 33.529
3440.000 35.041
3445.000 37.634
3450.000 38.431
3455.000 38.000
3460.000 33.420
3465.000 30.505
3470.000 25.998
3475.000 24.475
3480.000 22.582
3485.000 21.782
3490.000 22.006
3495.000 22.386
3500.000 23.337
3505.000 25.680
3510.000 28.213
3515.000 29.928
3520.000 33.349
3525.000 35.415
3530.000 37.366
3535.000 37.543
3540.000 36.358
3545.000 32.643
3550.000 29.353
3555.000 24.126
3560.000 20.475
3565.000 18.364
3570.000 15.692
3575.000 15.123
3580.000 12.720
3585.000 11.597
3590.000 11.572
3595.000 11.011
3600.000 10.789
3605.000 10.948
3610.000 10.950
3615.000 11.698
3620.000 12.920
3625.000 13.787
3630.000 15.879
3635.000 19.166
3640.000 20.986
3645.000 22.964
3650.000 22.590
3655.000 19.274
3660.000 16.967
3665.000 13.120
3670.000 10.472
3675.000 9.507
3680.000 8.144
3685.000 7.658
3690.000 6.945
3695.000 6.409
3700.000 6.285
3705.000 6.021
3710.000 5.975
3715.000 5.905
3720.000 5.928
3725.000 6.013
3730.000 6.312
3735.000 6.494
3740.000 7.085
3745.000 7.978
3750.000 8.616
3755.000 10.530
3760.000 11.756
3765.000 15.126
3770.000 19.460
3775.000 21.600
3780.000 24.554
3785.000 24.724
3790.000 21.836
3795.000 17.159
3800.000 15.038
3805.000 11.974
3810.000 10.799
3815.000 9.099
3820.000 7.916
3825.000 7.494
3830.000 6.977
3835.000 6.821
3840.000 6.597
3845.000 6.465
3850.000 6.486
3855.000 6.520
3860.000 6.597
3865.000 6.708
3870.000 6.955
3875.000 7.134
3880.000 7.509
3885.000 7.788
3890.000 8.535
3895.000 9.480
3900.000 10.129
3905.000 11.798
3910.000 12.693
3915.000 13.867
3920.000 13.322
3925.000 12.367
3930.000 9.829
3935.000 8.630
3940.000 6.747
3945.000 5.407
3950.000 4.929
3955.000 4.201
3960.000 3.956
3965.000 3.514
3970.000 3.188
3975.000 3.098
3980.000 2.917
3985.000 2.876
3990.000 2.826
3995.000 2.832
4000.000 2.898
4005.000 3.146
4010.000 3.397
4015.000 3.858
4020.000 4.612
4025.000 5.212
4030.000 7.073
4035.000 8.267
4040.000 11.586
4045.000 14.753
4050.000 15.769
4055.000 15.849
4060.000 14.738
4065.000 11.605
4070.000 9.006
4075.000 8.014
4080.000 6.492
4085.000 5.971
4090.000 5.174
4095.000 4.668
4100.000 4.485
4105.000 4.268
4110.000 4.192
4115.000 4.167
4120.000 4.200
4125.000 4.227
4130.000 4.373
4135.000 4.429
4140.000 4.671
4145.000 5.009
4150.000 5.161
4155.000 5.488
4160.000 5.634
4165.000 5.497
4170.000 4.858
4175.000 4.329
4180.000 3.185
4185.000 2.713
4190.000 1.940
4195.000 1.387
4200.000 1.176
4205.000 0.843
4210.000 0.737
4215.000 0.568
4220.000 0.459
4225.000 0.475
4230.000 0.548
4235.000 0.639
4240.000 0.917
4245.000 1.137
4250.000 1.898
4255.000 3.200
4260.000 3.921
4265.000 4.586
4270.000 4.605
4275.000 4.197
4280.000 3.683
4285.000 3.476
4290.000 3.124
4295.000 3.015
4300.000 2.776
4305.000 2.480
4310.000 2.342
4315.000 2.009
4320.000 1.789
4325.000 1.465
4330.000 1.286
4335.000 1.235
4340.000 1.186
4345.000 1.192
4350.000 1.189
4355.000 1.222
4360.000 1.241
4365.000 1.224
4370.000 1.238
4375.000 1.267
4380.000 1.274
4385.000 1.276
4390.000 1.276
4395.000 1.272
4400.000 1.279
4405.000 1.271
4410.000 1.288
4415.000 1.309
4420.000 1.310
4425.000 1.311
4430.000 1.299
4435.000 1.294
4440.000 1.311
4445.000 1.306
4450.000 1.317
4455.000 1.321
4460.000 1.329
4465.000 1.324
4470.000 1.309
4475.000 1.327
4480.000 1.312
4485.000 1.333
4490.000 1.309
4495.000 1.320
4500.000 1.314
4505.000 1.338
4510.000 1.338
4515.000 1.329
4520.000 1.328
4525.000 1.331
4530.000 1.337
4535.000 1.324
4540.000 1.334
4545.000 1.346
4550.000 1.345
4555.000 1.333
4560.000 1.347
4565.000 1.349
4570.000 1.347
4575.000 1.348
4580.000 1.336
4585.000 1.352
4590.000 1.344
4595.000 1.369
4600.000 1.342
4605.000 1.361
4610.000 1.341
4615.000 1.353
4620.000 1.348
4625.000 1.329
4630.000 1.367
4635.000 1.352
4640.000 1.360
4645.000 1.361
4650.000 1.337
4655.000 1.361
4660.000 1.366
4665.000 1.350
4670.000 1.364
4675.000 1.331
4680.000 1.332
4685.000 1.347
4690.000 1.365
4695.000 1.376
4700.000 1.382
4705.000 1.360
4710.000 1.367
4715.000 1.367
4720.000 1.378
4725.000 1.384
4730.000 1.369
4735.000 1.370
4740.000 1.354
4745.000 1.371
4750.000 1.403
4755.000 1.363
4760.000 1.368
4765.000 1.373
4770.000 1.388
4775.000 1.379
4780.000 1.382
4785.000 1.398
4790.000 1.406
4795.000 1.403
4800.000 1.404
4805.000 1.389
4810.000 1.424
4815.000 1.399
4820.000 1.401
4825.000 1.386
4830.000 1.390
4835.000 1.378
4840.000 1.402
4845.000 1.430
4850.000 1.413
4855.000 1.406
4860.000 1.401
4865.000 1.421
4870.000 1.409
4875.000 1.392
4880.000 1.420
4885.000 1.434
4890.000 1.408
4895.000 1.405
4900.000 1.409
4905.000 1.422
4910.000 1.435
4915.000 1.421
4920.000 1.435
4925.000 1.432
4930.000 1.476
4935.000 1.430
4940.000 1.412
4945.000 1.414
4950.000 1.437
4955.000 1.429
4960.000 1.435
4965.000 1.417
4970.000 1.432
4975.000 1.440
4980.000 1.441
4985.000 1.453
4990.000 1.449
4995.000 1.443
5000.000 1.472
5005.000 1.452
5010.000 1.429
5015.000 1.406
5020.000 1.483
5025.000 1.447
5030.000 1.430
5035.000 1.474
5040.000 1.453
5045.000 1.442
5050.000 1.463
5055.000 1.469
5060.000 1.483
5065.000 1.472
5070.000 1.489
5075.000 1.455
5080.000 1.442
5085.000 1.459
5090.000 1.454
5095.000 1.453
5100.000 1.460
5105.000 1.466
5110.000 1.469
5115.000 1.456
5120.000 1.465
5125.000 1.459
5130.000 1.474
5135.000 1.457
5140.000 1.456
5145.000 1.441
5150.000 1.450
5155.000 1.479
5160.000 1.469
5165.000 1.473
5170.000 1.472
5175.000 1.445
5180.000 1.464
5185.000 1.478
5190.000 1.469
5195.000 1.488
5200.000 1.465
5205.000 1.454
5210.000 1.490
5215.000 1.489
5220.000 1.476
5225.000 1.471
5230.000 1.463
5235.000 1.465
5240.000 1.477
5245.000 1.458
5250.000 1.467
5255.000 1.474
5260.000 1.476
5265.000 1.479
5270.000 1.467
5275.000 1.464
5280.000 1.477
5285.000 1.478
5290.000 1.493
5295.000 1.500
5300.000 1.477
5305.000 1.498
5310.000 1.497
5315.000 1.463
5320.000 1.468
5325.000 1.470
5330.000 1.456
5335.000 1.481
5340.000 1.480
5345.000 1.476
5350.000 1.484
5355.000 1.483
5360.000 1.484
5365.000 1.483
5370.000 1.487
5375.000 1.478
5380.000 1.485
5385.000 1.480
5390.000 1.478
5395.000 1.489
5400.000 1.487
5405.000 1.488
5410.000 1.477
5415.000 1.487
5420.000 1.486
5425.000 1.504
5430.000 1.491
5435.000 1.489
5440.000 1.500
5445.000 1.506
5450.000 1.509
5455.000 1.507
5460.000 1.501
5465.000 1.507
5470.000 1.507
5475.000 1.496
5480.000 1.530
5485.000 1.502
5490.000 1.498
5495.000 1.501
5500.000 1.499
5505.000 1.513
5510.000 1.509
5515.000 1.515
5520.000 1.521
5525.000 1.544
5530.000 1.520
5535.000 1.539
5540.000 1.526
5545.000 1.527
5550.000 1.499
5555.000 1.493
5560.000 1.489
5565.000 1.499
5570.000 1.492
5575.000 1.506
5580.000 1.510
5585.000 1.506
5590.000 1.506
5595.000 1.500
5600.000 1.516
5605.000 1.525
5610.000 1.520
5615.000 1.538
5620.000 1.534
5625.000 1.528
5630.000 1.558
5635.000 1.538
5640.000 1.510
5645.000 1.526
5650.000 1.542
5655.000 1.525
5660.000 1.513
5665.000 1.515
5670.000 1.510
5675.000 1.506
5680.000 1.527
5685.000 1.519
5690.000 1.555
5695.000 1.527
5700.000 1.517
5705.000 1.534
5710.000 1.547
5715.000 1.518
5720.000 1.517
5725.000 1.521
5730.000 1.542
5735.000 1.514
5740.000 1.544
5745.000 1.514
5750.000 1.506
5755.000 1.506
5760.000 1.536
5765.000 1.535
5770.000 1.545
5775.000 1.535
5780.000 1.524
5785.000 1.530
5790.000 1.533
5795.000 1.549
5800.000 1.537
5805.000 1.554
5810.000 1.523
5815.000 1.568
5820.000 1.553
5825.000 1.536
5830.000 1.543
5835.000 1.525
5840.000 1.545
5845.000 1.557
5850.000 1.528
5855.000 1.529
5860.000 1.523
5865.000 1.544
5870.000 1.561
5875.000 1.543
5880.000 1.539
5885.000 1.542
5890.000 1.549
5895.000 1.516
5900.000 1.542
5905.000 1.556
5910.000 1.541
5915.000 1.553
5920.000 1.548
5925.000 1.541
5930.000 1.548
5935.000 1.537
5940.000 1.556
5945.000 1.548
5950.000 1.554
5955.000 1.552
5960.000 1.551
5965.000 1.564
5970.000 1.550
5975.000 1.552
5980.000 1.531
5985.000 1.533
5990.000 1.549
5995.000 1.530
6000.000 1.560
6005.000 1.572
6010.000 1.548
6015.000 1.553
6020.000 1.549
6025.000 1.536
6030.000 1.550
6035.000 1.564
6040.000 1.541
6045.000 1.534
6050.000 1.569
6055.000 1.556
6060.000 1.578
6065.000 1.563
6070.000 1.570
6075.000 1.555
6080.000 1.525
6085.000 1.582
6090.000 1.560
6095.000 1.560
6100.000 1.570
6105.000 1.600
6110.000 1.572
6115.000 1.587
6120.000 1.584
6125.000 1.568
6130.000 1.557
6135.000 1.565
6140.000 1.555
6145.000 1.554
6150.000 1.573
6155.000 1.552
6160.000 1.560
6165.000 1.560
6170.000 1.570
6175.000 1.547
6180.000 1.559
6185.000 1.560
6190.000 1.547
6195.000 1.572
6200.000 1.569
6205.000 1.566
6210.000 1.562
6215.000 1.563
6220.000 1.563
6225.000 1.562
6230.000 1.551
6235.000 1.552
6240.000 1.552
6245.000 1.553
6250.000 1.536
6255.000 1.581
6260.000 1.548
6265.000 1.559
6270.000 1.557
6275.000 1.564
6280.000 1.591
6285.000 1.576
6290.000 1.595
6295.000 1.589
6300.000 1.558
6305.000 1.574
6310.000 1.563
6315.000 1.552
6320.000 1.572
6325.000 1.576
6330.000 1.554
6335.000 1.571
6340.000 1.578
6345.000 1.567
6350.000 1.564
6355.000 1.548
6360.000 1.568
6365.000 1.576
6370.000 1.571
6375.000 1.578
6380.000 1.583
6385.000 1.578
6390.000 1.584
6395.000 1.564
6400.000 1.559
6405.000 1.546
6410.000 1.548
6415.000 1.558
6420.000 1.558
6425.000 1.552
6430.000 1.566
6435.000 1.579
6440.000 1.563
6445.000 1.550
6450.000 1.565
6455.000 1.599
6460.000 1.573
6465.000 1.572
6470.000 1.571
6475.000 1.579
6480.000 1.576
6485.000 1.572
6490.000 1.586
6495.000 1.583
6500.000 1.565
6505.000 1.565
6510.000 1.588
6515.000 1.583
6520.000 1.596
6525.000 1.579
6530.000 1.583
6535.000 1.592
6540.000 1.556
6545.000 1.568
6550.000 1.561
6555.000 1.579
6560.000 1.570
6565.000 1.559
6570.000 1.572
6575.000 1.590
6580.000 1.599
6585.000 1.570
6590.000 1.575
6595.000 1.579
6600.000 1.568
6605.000 1.598
6610.000 1.568
6615.000 1.566
6620.000 1.570
6625.000 1.543
6630.000 1.561
6635.000 1.571
6640.000 1.567
6645.000 1.566
6650.000 1.555
6655.000 1.566
6660.000 1.557
6665.000 1.542
6670.000 1.560
6675.000 1.550
6680.000 1.547
6685.000 1.531
6690.000 1.553
6695.000 1.538
6700.000 1.546
6705.000 1.555
6710.000 1.565
6715.000 1.564
6720.000 1.565
6725.000 1.591
6730.000 1.612
6735.000 1.607
6740.000 1.643
6745.000 1.733
6750.000 1.798
6755.000 1.996
6760.000 2.192
6765.000 2.820
6770.000 4.399
6775.000 5.830
6780.000 10.172
6785.000 12.809
6790.000 18.445
6795.000 23.835
6800.000 26.148
6805.000 29.705
6810.000 31.418
6815.000 34.708
6820.000 37.283
6825.000 37.855
6830.000 37.500
6835.000 37.027
6840.000 37.112
6845.000 38.452
6850.000 39.481
6855.000 41.978
6860.000 43.271
6865.000 44.957
6870.000 44.928
6875.000 43.811
6880.000 39.715
6885.000 37.730
6890.000 34.332
6895.000 32.226
6900.000 31.603
6905.000 31.308
6910.000 31.632
6915.000 33.140
6920.000 34.413
6925.000 37.146
6930.000 39.071
6935.000 39.742
6940.000 39.660
6945.000 38.185
6950.000 32.624
6955.000 26.338
6960.000 23.510
6965.000 19.446
6970.000 17.929
6975.000 15.839
6980.000 14.727
6985.000 14.473
6990.000 14.331
6995.000 14.596
7000.000 15.846
7005.000 18.706
7010.000 20.372
7015.000 24.091
7020.000 25.701
7025.000 27.498
7030.000 26.061
7035.000 24.156
7040.000 20.066
7045.000 18.234
7050.000 15.400
7055.000 13.798
7060.000 13.321
7065.000 12.698
7070.000 12.578
7075.000 12.366
7080.000 12.466
7085.000 12.665
7090.000 13.255
7095.000 13.596
7100.000 14.598
7105.000 15.866
7110.000 16.531
7115.000 17.208
7120.000 17.019
7125.000 15.615
7130.000 13.574
7135.000 12.578
7140.000 10.857
7145.000 10.238
7150.000 9.231
7155.000 8.662
7160.000 8.521
7165.000 8.361
7170.000 8.421
7175.000 8.717
7180.000 9.269
7185.000 9.745
7190.000 10.972
7195.000 11.799
7200.000 13.842
7205.000 15.759
7210.000 16.289
7215.000 15.710
7220.000 14.640
7225.000 12.214
7230.000 10.179
7235.000 9.439
7240.000 8.403
7245.000 8.031
7250.000 7.496
7255.000 5.529
7260.000 8.814
7265.000 8.348
7270.000 8.198
7275.000 8.616
7280.000 8.778
7285.000 8.454
7290.000 7.750
7295.000 7.311
7300.000 6.164
7305.000 4.926
7310.000 4.368
7315.000 3.634
7320.000 3.430
7325.000 3.115
7330.000 3.038
7335.000 3.122
7340.000 3.527
7345.000 3.796
7350.000 4.393
7355.000 4.853
7360.000 4.896
7365.000 4.707
7370.000 4.462
7375.000 3.828
7380.000 3.241
7385.000 2.939
7390.000 2.347
7395.000 2.088
7400.000 1.550
7405.000 1.146
7410.000 1.032
7415.000 0.936
7420.000 0.956
7425.000 0.988
7430.000 1.020
7435.000 1.036
7440.000 1.056
7445.000 1.055
7450.000 1.075
7455.000 1.087
7460.000 1.082
7465.000 1.080
7470.000 1.070
7475.000 1.080
7480.000 1.088
7485.000 1.097
7490.000 1.095
7495.000 1.108
7500.000 1.109
7505.000 1.112
7510.000 1.110
7515.000 1.113
7520.000 1.107
7525.000 1.117
7530.000 1.122
7535.000 1.114
7540.000 1.134
7545.000 1.114
7550.000 1.119
7555.000 1.131
7560.000 1.128
7565.000 1.120
7570.000 1.124
7575.000 1.123
7580.000 1.122
7585.000 1.137
7590.000 1.127
7595.000 1.132
7600.000 1.138
7605.000 1.129
7610.000 1.125
7615.000 1.123
7620.000 1.133
7625.000 1.125
7630.000 1.129
7635.000 1.131
7640.000 1.133
7645.000 1.138
7650.000 1.141
7655.000 1.135
7660.000 1.131
7665.000 1.143
7670.000 1.144
7675.000 1.137
7680.000 1.139
7685.000 1.130
7690.000 1.157
7695.000 1.132
7700.000 1.150
7705.000 1.160
7710.000 1.156
7715.000 1.150
7720.000 1.155
7725.000 1.155
7730.000 1.146
7735.000 1.152
7740.000 1.147
7745.000 1.145
7750.000 1.155
7755.000 1.149
7760.000 1.159
7765.000 1.161
7770.000 1.176
7775.000 1.164
7780.000 1.165
7785.000 1.161
7790.000 1.181
7795.000 1.170
7800.000 1.164
7805.000 1.177
7810.000 1.173
7815.000 1.181
7820.000 1.184
7825.000 1.187
7830.000 1.188
7835.000 1.191
7840.000 1.184
7845.000 1.194
7850.000 1.201
7855.000 1.204
7860.000 1.205
7865.000 1.211
7870.000 1.214
7875.000 1.210
7880.000 1.215
7885.000 1.217
7890.000 1.217
7895.000 1.225
7900.000 1.215
7905.000 1.237
7910.000 1.243
7915.000 1.227
7920.000 1.231
7925.000 1.238
7930.000 1.254
7935.000 1.255
7940.000 1.253
7945.000 1.262
7950.000 1.261
7955.000 1.255
7960.000 1.272
7965.000 1.284
7970.000 1.290
7975.000 1.277
7980.000 1.280
7985.000 1.299
7990.000 1.285
7995.000 1.301
8000.000 1.305
8005.000 1.308
8010.000 1.312
8015.000 1.307
8020.000 1.294
8025.000 1.305
8030.000 1.329
8035.000 1.324
8040.000 1.324
8045.000 1.333
8050.000 1.325
8055.000 1.336
8060.000 1.303
8065.000 1.324
8070.000 1.339
8075.000 1.322
8080.000 1.320
8085.000 1.331
8090.000 1.339
8095.000 1.351
8100.000 1.360
8105.000 1.346
8110.000 1.373
8115.000 1.357
8120.000 1.351
8125.000 1.361
8130.000 1.372
8135.000 1.376
8140.000 1.367
8145.000 1.373
8150.000 1.382
8155.000 1.388
8160.000 1.380
8165.000 1.390
8170.000 1.308
8175.000 1.282
8180.000 1.287
8185.000 1.306
8190.000 1.298
8195.000 1.328
8200.000 1.334
8205.000 1.341
8210.000 1.363
8215.000 1.343
8220.000 1.379
8225.000 1.391
8230.000 1.397
8235.000 1.411
8240.000 1.403
8245.000 1.408
8250.000 1.417
8255.000 1.415
8260.000 1.435
8265.000 1.449
8270.000 1.447
8275.000 1.456
8280.000 1.445
8285.000 1.455
8290.000 1.435
8295.000 1.462
8300.000 1.482
8305.000 1.478
8310.000 1.466
8315.000 1.474
8320.000 1.455
8325.000 1.490
8330.000 1.483
8335.000 1.486
8340.000 1.491
8345.000 1.496
8350.000 1.477
8355.000 1.485
8360.000 1.493
8365.000 1.505
8370.000 1.490
8375.000 1.479
8380.000 1.504
8385.000 1.500
8390.000 1.512
8395.000 1.502
8400.000 1.486
8405.000 1.487
8410.000 1.488
8415.000 1.497
8420.000 1.499
8425.000 1.475
8430.000 1.481
8435.000 1.492
8440.000 1.495
8445.000 1.491
8450.000 1.481
8455.000 1.479
8460.000 1.489
8465.000 1.489
8470.000 1.498
8475.000 1.497
8480.000 1.497
8485.000 1.488
8490.000 1.480
8495.000 1.488
8500.000 1.475
8505.000 1.477
8510.000 1.499
8515.000 1.505
8520.000 1.510
8525.000 1.507
8530.000 1.517
8535.000 1.490
8540.000 1.480
8545.000 1.486
8550.000 1.468
8555.000 1.500
8560.000 1.487
8565.000 1.505
8570.000 1.511
8575.000 1.518
8580.000 1.517
8585.000 1.519
8590.000 1.505
8595.000 1.510
8600.000 1.506
8605.000 1.504
8610.000 1.500
8615.000 1.506
8620.000 1.502
8625.000 1.490
8630.000 1.518
8635.000 1.505
8640.000 1.500
8645.000 1.513
8650.000 1.517
8655.000 1.496
8660.000 1.512
8665.000 1.502
8670.000 1.504
8675.000 1.508
8680.000 1.511
8685.000 1.502
8690.000 1.509
8695.000 1.498
8700.000 1.507
8705.000 1.495
8710.000 1.508
8715.000 1.511
8720.000 1.511
8725.000 1.524
8730.000 1.534
8735.000 1.522
8740.000 1.516
8745.000 1.520
8750.000 1.519
8755.000 1.527
8760.000 1.499
8765.000 1.496
8770.000 1.504
8775.000 1.509
8780.000 1.506
8785.000 1.506
8790.000 1.536
8795.000 1.513
8800.000 1.509
8805.000 1.504
8810.000 1.518
8815.000 1.513
8820.000 1.535
8825.000 1.529
8830.000 1.520
8835.000 1.506
8840.000 1.513
8845.000 1.508
8850.000 1.512
8855.000 1.503
8860.000 1.535
8865.000 1.520
8870.000 1.512
8875.000 1.503
8880.000 1.516
8885.000 1.522
8890.000 1.535
8895.000 1.511
8900.000 1.515
8905.000 1.519
8910.000 1.520
8915.000 1.514
8920.000 1.509
8925.000 1.525
8930.000 1.516
8935.000 1.529
8940.000 1.512
8945.000 1.516
8950.000 1.522
8955.000 1.510
8960.000 1.511
8965.000 1.545
8970.000 1.529
8975.000 1.515
8980.000 1.519
8985.000 1.522
8990.000 1.509
8995.000 1.527
9000.000 1.523
9005.000 1.521
9010.000 1.497
9015.000 1.505
9020.000 1.505
9025.000 1.525
9030.000 1.512
9035.000 1.496
9040.000 1.502
9045.000 1.506
9050.000 1.523
9055.000 1.509
9060.000 1.512
9065.000 1.521
9070.000 1.501
9075.000 1.491
9080.000 1.516
9085.000 1.513
9090.000 1.515
9095.000 1.512
9100.000 1.508
9105.000 1.528
9110.000 1.495
9115.000 1.486
9120.000 1.512
9125.000 1.509
9130.000 1.540
9135.000 1.518
9140.000 1.520
9145.000 1.506
9150.000 1.513
9155.000 1.516
9160.000 1.507
9165.000 1.506
9170.000 1.516
9175.000 1.504
9180.000 1.528
9185.000 1.507
9190.000 1.508
9195.000 1.516
9200.000 1.526
9205.000 1.506
9210.000 1.512
9215.000 1.500
9220.000 1.499
9225.000 1.520
9230.000 1.507
9235.000 1.510
9240.000 1.533
9245.000 1.523
9250.000 1.530
9255.000 1.549
9260.000 1.511
9265.000 1.534
9270.000 1.504
9275.000 1.527
9280.000 1.517
9285.000 1.509
9290.000 1.517
9295.000 1.500
9300.000 1.504
9305.000 1.512
9310.000 1.502
9315.000 1.494
9320.000 1.514
9325.000 1.519
9330.000 1.513
9335.000 1.504
9340.000 1.495
9345.000 1.495
9350.000 1.503
9355.000 1.509
9360.000 1.500
9365.000 1.505
9370.000 1.489
9375.000 1.477
9380.000 1.488
9385.000 1.490
9390.000 1.493
9395.000 1.490
9400.000 1.493
9405.000 1.494
9410.000 1.489
9415.000 1.493
9420.000 1.496
9425.000 1.484
9430.000 1.487
9435.000 1.508
9440.000 1.494
9445.000 1.490
9450.000 1.492
9455.000 1.498
9460.000 1.498
9465.000 1.496
9470.000 1.480
9475.000 1.500
9480.000 1.487
9485.000 1.475
9490.000 1.491
9495.000 1.482
9500.000 1.484
9505.000 1.494
9510.000 1.483
9515.000 1.484
9520.000 1.492
9525.000 1.481
9530.000 1.477
9535.000 1.498
9540.000 1.479
9545.000 1.472
9550.000 1.471
9555.000 1.466
9560.000 1.474
9565.000 1.474
9570.000 1.469
9575.000 1.473
9580.000 1.465
9585.000 1.475
9590.000 1.478
9595.000 1.478
9600.000 1.482
9605.000 1.455
9610.000 1.451
9615.000 1.476
9620.000 1.468
9625.000 1.480
9630.000 1.451
9635.000 1.479
9640.000 1.476
9645.000 1.476
9650.000 1.464
9655.000 1.468
9660.000 1.461
9665.000 1.478
9670.000 1.489
9675.000 1.480
9680.000 1.464
9685.000 1.467
9690.000 1.462
9695.000 1.463
9700.000 1.481
9705.000 1.477
9710.000 1.486
9715.000 1.477
9720.000 1.452
9725.000 1.460
9730.000 1.441
9735.000 1.440
9740.000 1.453
9745.000 1.457
9750.000 1.469
9755.000 1.483
9760.000 1.467
9765.000 1.463
9770.000 1.473
9775.000 1.449
9780.000 1.449
9785.000 1.461
9790.000 1.452
9795.000 1.457
9800.000 1.440
9805.000 1.457
9810.000 1.464
9815.000 1.456
9820.000 1.453
9825.000 1.457
9830.000 1.447
9835.000 1.457
9840.000 1.456
9845.000 1.453
9850.000 1.459
9855.000 1.460
9860.000 1.446
9865.000 1.445
9870.000 1.452
9875.000 1.465
9880.000 1.463
9885.000 1.458
9890.000 1.463
9895.000 1.448
9900.000 1.454
9905.000 1.459
9910.000 1.427
9915.000 1.448
9920.000 1.453
9925.000 1.459
9930.000 1.445
9935.000 1.455
9940.000 1.448
9945.000 1.459
9950.000 1.447
9955.000 1.467
9960.000 1.434
9965.000 1.459
9970.000 1.467
9975.000 1.461
9980.000 1.462
9985.000 1.453
9990.000 1.470
9995.000 1.482
10000.000 1.453
10005.000 1.453
10010.000 1.454
10015.000 1.455
10020.000 1.457
10025.000 1.466
10030.000 1.440
10035.000 1.448
10040.000 1.470
10045.000 1.455
10050.000 1.468
10055.000 1.464
10060.000 1.477
10065.000 1.465
10070.000 1.477
10075.000 1.480
10080.000 1.502
10085.000 1.488
10090.000 1.504
10095.000 1.536
10100.000 1.567
10105.000 1.583
10110.000 1.579
10115.000 1.701
10120.000 1.738
10125.000 1.856
10130.000 1.979
10135.000 2.035
10140.000 2.094
10145.000 2.120
10150.000 2.305
10155.000 3.373
10160.000 4.544
10165.000 7.989
10170.000 9.788
10175.000 12.875
10180.000 14.828
10185.000 15.603
10190.000 16.812
10195.000 17.428
10200.000 18.682
10205.000 19.243
10210.000 19.838
10215.000 19.452
10220.000 18.739
10225.000 16.444
10230.000 15.243
10235.000 13.042
10240.000 11.418
10245.000 10.860
10250.000 10.218
10255.000 10.145
10260.000 10.503
10265.000 11.273
10270.000 11.688
10275.000 12.103
10280.000 12.008
10285.000 11.230
10290.000 10.253
10295.000 9.852
10300.000 9.364
10305.000 9.266
10310.000 9.064
10315.000 9.286
10320.000 9.507
10325.000 10.063
10330.000 10.394
10335.000 11.116
10340.000 11.637
10345.000 11.717
10350.000 11.511
10355.000 11.150
10360.000 10.108
10365.000 8.961
10370.000 8.439
10375.000 7.569
10380.000 7.235
10385.000 6.742
10390.000 6.454
10395.000 6.405
10400.000 6.452
10405.000 6.559
10410.000 6.904
10415.000 7.379
10420.000 7.649
10425.000 8.051
10430.000 8.144
10435.000 8.084
10440.000 7.723
10445.000 7.517
10450.000 7.162
10455.000 6.996
10460.000 6.815
10465.000 6.773
10470.000 6.830
10475.000 6.982
10480.000 7.119
10485.000 7.536
10490.000 7.901
10495.000 8.081
10500.000 8.227
10505.000 8.178
10510.000 7.670
10515.000 6.757
10520.000 6.257
10525.000 5.273
10530.000 4.873
10535.000 4.162
10540.000 3.599
10545.000 3.375
10550.000 2.991
10555.000 2.852
10560.000 2.609
10565.000 2.490
10570.000 2.488
10575.000 2.534
10580.000 2.642
10585.000 2.795
10590.000 2.967
10595.000 3.032
10600.000 3.096
10605.000 3.117
10610.000 3.199
10615.000 3.259
10620.000 3.313
10625.000 3.350
10630.000 3.342
10635.000 3.238
10640.000 2.992
10645.000 2.783
10650.000 2.241
10655.000 1.976
10660.000 1.479
10665.000 1.064
10670.000 0.947
10675.000 0.892
10680.000 0.936
10685.000 1.057
10690.000 1.147
10695.000 1.194
10700.000 1.276
10705.000 1.288
10710.000 1.330
10715.000 1.333
10720.000 1.345
10725.000 1.371
10730.000 1.351
10735.000 1.359
10740.000 1.355
10745.000 1.375
10750.000 1.372
10755.000 1.377
10760.000 1.405
10765.000 1.403
10770.000 1.394
10775.000 1.389
10780.000 1.394
10785.000 1.389
10790.000 1.389
10795.000 1.385
10800.000 1.391
10805.000 1.386
10810.000 1.393
10815.000 1.387
10820.000 1.389
10825.000 1.403
10830.000 1.396
10835.000 1.398
10840.000 1.397
10845.000 1.385
10850.000 1.385
10855.000 1.383
10860.000 1.385
10865.000 1.387
10870.000 1.391
10875.000 1.386
10880.000 1.392
10885.000 1.387
10890.000 1.386
10895.000 1.388
10900.000 1.392
10905.000 1.387
10910.000 1.403
10915.000 1.393
10920.000 1.381
10925.000 1.386
10930.000 1.382
10935.000 1.376
10940.000 1.387
10945.000 1.366
10950.000 1.369
10955.000 1.358
10960.000 1.364
10965.000 1.388
10970.000 1.389
10975.000 1.382
10980.000 1.376
10985.000 1.386
10990.000 1.383
10995.000 1.354
11000.000 1.369
11005.000 1.377
11010.000 1.382
11015.000 1.400
11020.000 1.384
11025.000 1.384
11030.000 1.424
11035.000 1.421
11040.000 1.403
11045.000 1.419
11050.000 1.419
11055.000 1.419
11060.000 1.393
11065.000 1.391
11070.000 1.395
11075.000 1.390
11080.000 1.387
11085.000 1.389
11090.000 1.392
11095.000 1.381
11100.000 1.396
11105.000 1.391
11110.000 1.394
11115.000 1.381
11120.000 1.376
11125.000 1.375
11130.000 1.389
11135.000 1.365
11140.000 1.373
11145.000 1.379
11150.000 1.364
11155.000 1.356
11160.000 1.373
11165.000 1.373
11170.000 1.371
11175.000 1.379
11180.000 1.377
11185.000 1.382
11190.000 1.364
11195.000 1.368
11200.000 1.356
11205.000 1.359
11210.000 1.366
11215.000 1.364
11220.000 1.375
11225.000 1.359
11230.000 1.372
11235.000 1.371
11240.000 1.379
11245.000 1.365
11250.000 1.371
11255.000 1.371
11260.000 1.370
11265.000 1.378
11270.000 1.375
11275.000 1.376
11280.000 1.362
11285.000 1.361
11290.000 1.370
11295.000 1.370
11300.000 1.368
11305.000 1.365
11310.000 1.365
11315.000 1.367
11320.000 1.384
11325.000 1.366
11330.000 1.362
11335.000 1.364
11340.000 1.359
11345.000 1.347
11350.000 1.382
11355.000 1.356
11360.000 1.352
11365.000 1.352
11370.000 1.359
11375.000 1.349
11380.000 1.372
11385.000 1.369
11390.000 1.372
11395.000 1.391
11400.000 1.373
11405.000 1.349
11410.000 1.346
11415.000 1.356
11420.000 1.353
11425.000 1.364
11430.000 1.341
11435.000 1.342
11440.000 1.348
11445.000 1.349
11450.000 1.344
11455.000 1.360
11460.000 1.333
11465.000 1.334
11470.000 1.344
11475.000 1.345
11480.000 1.334
11485.000 1.339
11490.000 1.353
11495.000 1.338
11500.000 1.345
11505.000 1.347
11510.000 1.342
11515.000 1.330
11520.000 1.346
11525.000 1.351
11530.000 1.338
11535.000 1.332
11540.000 1.328
11545.000 1.327
11550.000 1.327
11555.000 1.350
11560.000 1.343
11565.000 1.355
11570.000 1.328
11575.000 1.339
11580.000 1.331
11585.000 1.334
11590.000 1.337
11595.000 1.344
11600.000 1.343
11605.000 1.332
11610.000 1.345
11615.000 1.329
11620.000 1.331
11625.000 1.340
11630.000 1.333
11635.000 1.339
11640.000 1.331
11645.000 1.328
11650.000 1.347
11655.000 1.332
11660.000 1.342
11665.000 1.334
11670.000 1.320
11675.000 1.333
11680.000 1.321
11685.000 1.333
11690.000 1.325
11695.000 1.331
11700.000 1.332
11705.000 1.329
11710.000 1.337
11715.000 1.323
11720.000 1.324
11725.000 1.328
11730.000 1.323
11735.000 1.323
11740.000 1.334
11745.000 1.333
11750.000 1.332
11755.000 1.318
11760.000 1.317
11765.000 1.310
11770.000 1.317
11775.000 1.312
11780.000 1.315
11785.000 1.311
11790.000 1.310
11795.000 1.321
11800.000 1.331
11805.000 1.310
11810.000 1.324
11815.000 1.323
11820.000 1.299
11825.000 1.315
11830.000 1.324
11835.000 1.311
11840.000 1.305
11845.000 1.295
11850.000 1.317
11855.000 1.316
11860.000 1.312
11865.000 1.286
11870.000 1.298
11875.000 1.307
11880.000 1.302
11885.000 1.303
11890.000 1.301
11895.000 1.306
11900.000 1.305
11905.000 1.310
11910.000 1.295
11915.000 1.299
11920.000 1.305
11925.000 1.299
11930.000 1.293
11935.000 1.281
11940.000 1.287
11945.000 1.284
11950.000 1.300
11955.000 1.298
11960.000 1.317
11965.000 1.321
11970.000 1.295
11975.000 1.310
11980.000 1.298
11985.000 1.278
11990.000 1.300
11995.000 1.303
12000.000 1.317
