105.000 0.102
110.000 0.106
115.000 1.205
120.000 1.399
125.000 1.913
130.000 2.475
135.000 2.712
140.000 3.333
145.000 3.546
150.000 3.865
155.000 4.186
160.000 4.195
165.000 4.192
170.000 4.082
175.000 4.297
180.000 4.460
185.000 4.476
190.000 4.624
195.000 4.958
200.000 5.105
205.000 5.810
210.000 6.107
215.000 6.922
220.000 7.460
225.000 8.150
230.000 9.244
235.000 9.912
240.000 10.221
245.000 11.047
250.000 11.623
255.000 12.049
260.000 12.353
265.000 12.903
270.000 12.934
275.000 13.692
280.000 14.036
285.000 14.200
290.000 14.310
295.000 14.726
300.000 14.983
305.000 15.145
310.000 15.440
315.000 16.263
320.000 16.425
325.000 17.373
330.000 18.664
335.000 19.061
340.000 19.580
345.000 21.154
350.000 21.561
355.000 23.611
360.000 23.519
365.000 25.256
370.000 26.691
375.000 27.419
380.000 28.815
385.000 29.490
390.000 30.666
395.000 31.946
400.000 32.516
405.000 34.035
410.000 34.458
415.000 35.995
420.000 36.591
425.000 37.460
430.000 38.559
435.000 38.016
440.000 40.255
445.000 39.571
450.000 38.867
455.000 38.544
460.000 38.036
465.000 36.616
470.000 35.737
475.000 33.588
480.000 32.420
485.000 29.704
490.000 26.723
495.000 25.274
500.000 22.581
505.000 20.608
510.000 19.207
515.000 16.929
520.000 16.128
525.000 14.471
530.000 13.221
535.000 12.634
540.000 11.833
545.000 11.376
550.000 10.723
555.000 10.430
560.000 9.994
565.000 9.773
570.000 9.475
575.000 9.100
580.000 8.921
585.000 8.619
590.000 8.259
595.000 8.096
600.000 7.843
605.000 7.792
610.000 7.412
615.000 7.097
620.000 6.969
625.000 6.609
630.000 6.356
635.000 6.176
640.000 5.925
645.000 5.740
650.000 5.496
655.000 5.339
660.000 5.280
665.000 5.102
670.000 4.949
675.000 4.874
680.000 4.735
685.000 4.651
690.000 4.538
695.000 4.468
700.000 4.384
705.000 4.292
710.000 4.242
715.000 4.101
720.000 4.057
725.000 3.969
730.000 3.925
735.000 3.838
740.000 3.828
745.000 3.729
750.000 3.680
755.000 3.602
760.000 3.516
765.000 3.495
770.000 3.411
775.000 3.367
780.000 3.324
785.000 3.260
790.000 3.226
795.000 3.164
800.000 3.068
805.000 3.105
810.000 3.008
815.000 2.981
820.000 3.029
825.000 2.955
830.000 2.928
835.000 2.896
840.000 2.869
845.000 2.850
850.000 2.827
855.000 2.729
860.000 2.735
865.000 2.641
870.000 2.723
875.000 2.596
880.000 2.650
885.000 2.581
890.000 2.595
895.000 2.526
900.000 2.479
905.000 2.432
910.000 2.419
915.000 2.395
920.000 2.484
925.000 2.365
930.000 2.351
935.000 2.347
940.000 2.300
945.000 2.230
950.000 2.211
955.000 2.128
960.000 2.156
965.000 2.218
970.000 2.082
975.000 2.148
980.000 2.132
985.000 2.066
990.000 1.982
995.000 2.007
1000.000 2.011
1005.000 1.991
1010.000 1.926
1015.000 1.857
1020.000 1.884
1025.000 1.855
1030.000 1.877
1035.000 1.807
1040.000 1.808
1045.000 1.798
1050.000 1.839
1055.000 2.415
1060.000 2.610
1065.000 3.703
1070.000 2.862
1075.000 2.516
1080.000 2.433
1085.000 2.152
1090.000 1.995
1095.000 1.938
1100.000 1.901
1105.000 1.827
1110.000 1.797
1115.000 1.795
1120.000 1.865
1125.000 1.801
1130.000 1.860
1135.000 1.869
1140.000 1.881
1145.000 1.948
1150.000 1.977
1155.000 1.977
1160.000 2.036
1165.000 2.095
1170.000 2.045
1175.000 2.114
1180.000 2.170
1185.000 2.175
1190.000 2.249
1195.000 2.263
1200.000 2.309
1205.000 2.488
1210.000 2.602
1215.000 2.666
1220.000 2.670
1225.000 2.768
1230.000 2.775
1235.000 2.839
1240.000 2.872
1245.000 2.975
1250.000 3.067
1255.000 3.123
1260.000 3.254
1265.000 3.382
1270.000 3.488
1275.000 3.549
1280.000 3.746
1285.000 3.948
1290.000 4.165
1295.000 4.241
1300.000 4.398
1305.000 4.661
1310.000 4.884
1315.000 5.055
1320.000 5.233
1325.000 5.521
1330.000 5.683
1335.000 5.949
1340.000 6.223
1345.000 6.555
1350.000 6.707
1355.000 7.207
1360.000 7.708
1365.000 8.020
1370.000 8.666
1375.000 9.286
1380.000 9.677
1385.000 10.515
1390.000 10.983
1395.000 11.894
1400.000 12.992
1405.000 13.589
1410.000 14.808
1415.000 15.548
1420.000 16.941
1425.000 17.650
1430.000 19.023
1435.000 20.611
1440.000 21.606
1445.000 23.271
1450.000 24.947
1455.000 25.682
1460.000 26.826
1465.000 27.256
1470.000 27.701
1475.000 27.825
1480.000 27.452
1485.000 26.330
1490.000 25.525
1495.000 23.716
1500.000 22.077
1505.000 21.202
1510.000 19.738
1515.000 19.163
1520.000 18.226
1525.000 17.401
1530.000 16.965
1535.000 16.278
1540.000 15.905
1545.000 15.286
1550.000 14.733
1555.000 14.463
1560.000 13.888
1565.000 13.680
1570.000 13.164
1575.000 12.907
1580.000 12.497
1585.000 11.988
1590.000 11.799
1595.000 11.402
1600.000 10.948
1605.000 10.776
1610.000 10.412
1615.000 10.293
1620.000 9.871
1625.000 9.542
1630.000 9.345
1635.000 9.196
1640.000 8.841
1645.000 8.500
1650.000 8.214
1655.000 8.024
1660.000 7.691
1665.000 7.581
1670.000 7.340
1675.000 7.221
1680.000 7.110
1685.000 7.037
1690.000 6.993
1695.000 6.996
1700.000 7.138
1705.000 7.232
1710.000 7.462
1715.000 7.566
1720.000 7.888
1725.000 8.036
1730.000 8.382
1735.000 8.601
1740.000 8.743
1745.000 8.986
1750.000 9.218
1755.000 9.242
1760.000 9.312
1765.000 9.474
1770.000 9.594
1775.000 9.607
1780.000 9.702
1785.000 9.809
1790.000 9.825
1795.000 9.758
1800.000 9.840
1805.000 9.848
1810.000 9.890
1815.000 9.849
1820.000 9.811
1825.000 9.862
1830.000 9.788
1835.000 9.768
1840.000 9.764
1845.000 9.699
1850.000 10.013
1855.000 13.102
1860.000 12.362
1865.000 11.221
1870.000 10.453
1875.000 10.213
1880.000 9.913
1885.000 9.880
1890.000 9.684
1895.000 9.663
1900.000 9.657
1905.000 9.641
1910.000 9.667
1915.000 9.623
1920.000 9.615
1925.000 9.653
1930.000 9.588
1935.000 9.604
1940.000 9.614
1945.000 9.597
1950.000 9.591
1955.000 9.559
1960.000 9.585
1965.000 9.489
1970.000 9.588
1975.000 9.678
1980.000 9.590
1985.000 9.466
1990.000 9.405
1995.000 9.424
2000.000 9.354
2005.000 9.221
2010.000 9.202
2015.000 9.232
2020.000 9.230
2025.000 9.238
2030.000 9.075
2035.000 8.973
2040.000 8.889
2045.000 9.086
2050.000 9.035
2055.000 8.839
2060.000 8.613
2065.000 8.511
2070.000 8.363
2075.000 8.266
2080.000 8.292
2085.000 8.236
2090.000 8.050
2095.000 7.899
2100.000 7.794
2105.000 7.706
2110.000 7.569
2115.000 7.491
2120.000 7.401
2125.000 7.336
2130.000 7.192
2135.000 7.082
2140.000 7.008
2145.000 6.880
2150.000 6.824
2155.000 6.675
2160.000 6.559
2165.000 6.519
2170.000 6.386
2175.000 6.312
2180.000 6.237
2185.000 6.202
2190.000 6.105
2195.000 5.993
2200.000 5.931
2205.000 5.832
2210.000 5.688
2215.000 5.687
2220.000 5.646
2225.000 5.489
2230.000 5.406
2235.000 5.314
2240.000 5.282
2245.000 5.149
2250.000 5.123
2255.000 5.007
2260.000 4.880
2265.000 4.854
2270.000 4.807
2275.000 4.753
2280.000 4.625
2285.000 4.601
2290.000 4.510
2295.000 4.563
2300.000 4.416
2305.000 4.319
2310.000 4.253
2315.000 4.201
2320.000 4.115
2325.000 4.085
2330.000 4.020
2335.000 3.889
2340.000 3.915
2345.000 3.893
2350.000 3.842
2355.000 3.755
2360.000 3.726
2365.000 3.683
2370.000 3.606
2375.000 3.577
2380.000 3.547
2385.000 3.491
2390.000 3.477
2395.000 3.390
2400.000 3.401
2405.000 3.331
2410.000 3.297
2415.000 3.281
2420.000 3.226
2425.000 3.198
2430.000 3.168
2435.000 3.140
2440.000 3.103
2445.000 3.065
2450.000 3.041
2455.000 3.034
2460.000 2.955
2465.000 2.966
2470.000 2.911
2475.000 2.871
2480.000 2.817
2485.000 2.873
2490.000 2.809
2495.000 2.791
2500.000 2.768
2505.000 2.713
2510.000 2.706
2515.000 2.680
2520.000 2.626
2525.000 2.623
2530.000 2.628
2535.000 2.635
2540.000 3.177
2545.000 2.966
2550.000 2.858
2555.000 2.889
2560.000 2.758
2565.000 2.636
2570.000 2.535
2575.000 2.504
2580.000 2.490
2585.000 2.424
2590.000 2.398
2595.000 2.416
2600.000 2.371
2605.000 2.362
2610.000 2.380
2615.000 2.355
2620.000 2.323
2625.000 2.312
2630.000 2.266
2635.000 2.288
2640.000 2.270
2645.000 2.247
2650.000 2.248
2655.000 2.257
2660.000 2.236
2665.000 2.232
2670.000 2.233
2675.000 2.206
2680.000 2.213
2685.000 2.205
2690.000 2.211
2695.000 2.235
2700.000 2.180
2705.000 2.177
2710.000 2.186
2715.000 2.199
2720.000 2.177
2725.000 2.192
2730.000 2.176
2735.000 2.188
2740.000 2.169
2745.000 2.162
2750.000 2.181
2755.000 2.155
2760.000 2.191
2765.000 2.149
2770.000 2.175
2775.000 2.178
2780.000 2.173
2785.000 2.220
2790.000 2.178
2795.000 2.227
2800.000 2.190
2805.000 2.195
2810.000 2.199
2815.000 2.202
2820.000 2.226
2825.000 2.222
2830.000 2.269
2835.000 2.239
2840.000 2.234
2845.000 2.282
2850.000 2.281
2855.000 2.213
2860.000 2.320
2865.000 2.324
2870.000 2.281
2875.000 2.315
2880.000 2.319
2885.000 2.363
2890.000 2.352
2895.000 2.403
2900.000 2.355
2905.000 2.417
2910.000 2.399
2915.000 2.438
2920.000 2.481
2925.000 2.458
2930.000 2.483
2935.000 2.484
2940.000 2.533
2945.000 2.564
2950.000 2.552
2955.000 2.560
2960.000 2.577
2965.000 2.617
2970.000 2.662
2975.000 2.706
2980.000 2.728
2985.000 2.756
2990.000 2.743
2995.000 2.825
3000.000 2.828
3005.000 2.867
3010.000 2.929
3015.000 2.934
3020.000 2.945
3025.000 3.084
3030.000 3.142
3035.000 3.095
3040.000 3.175
3045.000 3.201
3050.000 3.230
3055.000 3.314
3060.000 3.350
3065.000 3.392
3070.000 3.493
3075.000 3.462
3080.000 3.438
3085.000 3.585
3090.000 3.734
3095.000 3.718
3100.000 3.767
3105.000 3.864
3110.000 3.890
3115.000 3.996
3120.000 4.019
3125.000 4.094
3130.000 4.255
3135.000 4.331
3140.000 4.391
3145.000 4.449
3150.000 4.552
3155.000 4.686
3160.000 4.747
3165.000 4.848
3170.000 4.906
3175.000 5.107
3180.000 5.248
3185.000 5.301
3190.000 5.472
3195.000 5.527
3200.000 5.743
3205.000 5.957
3210.000 6.047
3215.000 6.183
3220.000 6.319
3225.000 6.540
3230.000 6.770
3235.000 6.972
3240.000 7.208
3245.000 7.332
3250.000 7.684
3255.000 7.820
3260.000 8.105
3265.000 8.445
3270.000 8.666
3275.000 9.007
3280.000 9.474
3285.000 9.684
3290.000 10.127
3295.000 10.383
3300.000 10.903
3305.000 11.406
3310.000 11.720
3315.000 12.024
3320.000 13.344
3325.000 13.871
3330.000 14.542
3335.000 14.948
3340.000 15.426
3345.000 16.467
3350.000 17.750
3355.000 19.593
3360.000 20.664
3365.000 23.331
3370.000 24.805
3375.000 27.798
3380.000 30.911
3385.000 32.603
3390.000 35.902
3395.000 37.375
3400.000 40.310
3405.000 41.634
3410.000 43.679
3415.000 44.473
3420.000 44.220
3425.000 42.041
3430.000 40.107
3435.000 35.789
3440.000 31.733
3445.000 29.826
3450.000 26.863
3455.000 25.621
3460.000 23.668
3465.000 22.169
3470.000 21.468
3475.000 20.244
3480.000 19.677
3485.000 18.503
3490.000 17.480
3495.000 17.064
3500.000 16.243
3505.000 15.849
3510.000 15.150
3515.000 14.951
3520.000 14.367
3525.000 13.796
3530.000 14.028
3535.000 13.330
3540.000 12.992
3545.000 13.064
3550.000 11.938
3555.000 12.535
3560.000 12.158
3565.000 10.982
3570.000 10.712
3575.000 10.685
3580.000 11.011
3585.000 10.036
3590.000 10.713
3595.000 9.920
3600.000 10.240
3605.000 9.871
3610.000 9.439
3615.000 9.509
3620.000 9.094
3625.000 9.188
3630.000 8.656
3635.000 8.565
3640.000 8.502
3645.000 8.597
3650.000 8.340
3655.000 8.214
3660.000 8.063
3665.000 7.911
3670.000 7.837
3675.000 7.715
3680.000 7.627
3685.000 7.539
3690.000 7.450
3695.000 7.386
3700.000 7.200
3705.000 7.164
3710.000 6.972
3715.000 6.884
3720.000 6.831
3725.000 6.736
3730.000 6.682
3735.000 6.571
3740.000 6.456
3745.000 6.386
3750.000 6.394
3755.000 6.360
3760.000 6.217
3765.000 6.164
3770.000 6.155
3775.000 6.056
3780.000 6.044
3785.000 5.931
3790.000 5.885
3795.000 5.875
3800.000 5.865
3805.000 5.800
3810.000 5.756
3815.000 5.702
3820.000 5.660
3825.000 5.610
3830.000 5.620
3835.000 5.553
3840.000 5.514
3845.000 5.569
3850.000 5.521
3855.000 5.504
3860.000 5.444
3865.000 5.409
3870.000 5.410
3875.000 5.414
3880.000 5.385
3885.000 5.361
3890.000 5.299
3895.000 5.324
3900.000 5.336
3905.000 5.309
3910.000 5.310
3915.000 5.296
3920.000 5.259
3925.000 5.258
3930.000 5.259
3935.000 5.216
3940.000 5.193
3945.000 5.193
3950.000 5.229
3955.000 5.210
3960.000 5.143
3965.000 5.145
3970.000 5.156
3975.000 5.111
3980.000 5.088
3985.000 5.106
3990.000 5.137
3995.000 5.207
4000.000 5.175
4005.000 5.165
4010.000 5.167
4015.000 5.245
4020.000 5.298
4025.000 5.303
4030.000 5.234
4035.000 5.286
4040.000 5.292
4045.000 5.389
4050.000 5.356
4055.000 5.361
4060.000 5.304
4065.000 5.260
4070.000 5.342
4075.000 5.361
4080.000 5.384
4085.000 5.397
4090.000 5.372
4095.000 5.437
4100.000 5.530
4105.000 5.595
4110.000 5.638
4115.000 5.668
4120.000 5.693
4125.000 5.827
4130.000 5.780
4135.000 5.771
4140.000 5.783
4145.000 5.797
4150.000 5.858
4155.000 5.906
4160.000 5.999
4165.000 6.050
4170.000 6.071
4175.000 6.102
4180.000 6.180
4185.000 6.332
4190.000 6.387
4195.000 6.417
4200.000 6.481
4205.000 6.526
4210.000 6.571
4215.000 6.662
4220.000 6.697
4225.000 6.791
4230.000 6.912
4235.000 7.049
4240.000 7.102
4245.000 7.153
4250.000 7.240
4255.000 7.373
4260.000 7.503
4265.000 7.619
4270.000 7.735
4275.000 7.940
4280.000 8.018
4285.000 8.182
4290.000 8.293
4295.000 8.472
4300.000 8.608
4305.000 8.817
4310.000 8.960
4315.000 9.085
4320.000 9.270
4325.000 9.512
4330.000 9.653
4335.000 9.781
4340.000 10.105
4345.000 10.592
4350.000 11.044
4355.000 11.381
4360.000 11.662
4365.000 12.410
4370.000 13.187
4375.000 14.242
4380.000 14.840
4385.000 16.227
4390.000 16.971
4395.000 19.069
4400.000 21.672
4405.000 23.275
4410.000 26.613
4415.000 28.071
4420.000 30.096
4425.000 30.748
4430.000 30.881
4435.000 28.425
4440.000 26.582
4445.000 22.771
4450.000 19.114
4455.000 17.587
4460.000 16.283
4465.000 14.355
4470.000 12.856
4475.000 12.227
4480.000 11.096
4485.000 10.159
4490.000 9.753
4495.000 9.031
4500.000 8.696
4505.000 8.027
4510.000 7.518
4515.000 7.350
4520.000 6.900
4525.000 6.382
4530.000 6.171
4535.000 5.725
4540.000 5.564
4545.000 5.280
4550.000 5.133
4555.000 4.901
4560.000 4.656
4565.000 4.520
4570.000 4.198
4575.000 4.086
4580.000 3.829
4585.000 3.566
4590.000 3.506
4595.000 3.340
4600.000 3.239
4605.000 3.097
4610.000 2.971
4615.000 2.917
4620.000 2.805
4625.000 2.742
4630.000 2.708
4635.000 2.644
4640.000 2.603
4645.000 2.527
4650.000 2.471
4655.000 2.426
4660.000 2.361
4665.000 2.338
4670.000 2.294
4675.000 2.248
4680.000 2.157
4685.000 2.173
4690.000 2.117
4695.000 2.033
4700.000 2.035
4705.000 1.961
4710.000 1.928
4715.000 1.898
4720.000 1.869
4725.000 1.853
4730.000 1.802
4735.000 1.751
4740.000 1.729
4745.000 1.645
4750.000 1.611
4755.000 1.559
4760.000 1.501
4765.000 1.422
4770.000 1.331
4775.000 1.314
4780.000 1.186
4785.000 1.153
4790.000 1.059
4795.000 0.980
4800.000 0.950
4805.000 0.884
4810.000 0.810
4815.000 0.780
4820.000 0.729
4825.000 0.700
4830.000 0.670
4835.000 0.648
4840.000 0.640
4845.000 0.630
4850.000 0.644
4855.000 0.653
4860.000 0.669
4865.000 0.681
4870.000 0.741
4875.000 0.744
4880.000 0.793
4885.000 0.808
4890.000 0.866
4895.000 0.922
4900.000 0.938
4905.000 0.993
4910.000 1.031
4915.000 1.085
4920.000 1.120
4925.000 1.176
4930.000 1.226
4935.000 1.291
4940.000 1.329
4945.000 1.389
4950.000 1.418
4955.000 1.490
4960.000 1.574
4965.000 1.585
4970.000 1.659
4975.000 1.686
4980.000 1.784
4985.000 1.833
4990.000 1.889
4995.000 1.927
5000.000 2.023
5005.000 2.086
5010.000 2.219
5015.000 2.256
5020.000 2.348
5025.000 2.386
5030.000 2.493
5035.000 2.584
5040.000 2.622
5045.000 2.678
5050.000 2.724
5055.000 2.805
5060.000 2.861
5065.000 2.863
5070.000 2.894
5075.000 2.929
5080.000 2.966
5085.000 2.974
5090.000 3.003
5095.000 3.025
5100.000 3.034
5105.000 3.023
5110.000 3.034
5115.000 3.024
5120.000 3.055
5125.000 3.057
5130.000 3.048
5135.000 3.047
5140.000 3.027
5145.000 3.043
5150.000 2.990
5155.000 2.973
5160.000 2.939
5165.000 2.890
5170.000 2.900
5175.000 2.872
5180.000 2.809
5185.000 2.793
5190.000 2.741
5195.000 2.673
5200.000 2.650
5205.000 2.578
5210.000 2.567
5215.000 2.556
5220.000 2.506
5225.000 2.463
5230.000 2.415
5235.000 2.358
5240.000 2.308
5245.000 2.299
5250.000 2.239
5255.000 2.219
5260.000 2.185
5265.000 2.151
5270.000 2.095
5275.000 2.086
5280.000 1.985
5285.000 1.997
5290.000 1.937
5295.000 1.919
5300.000 1.835
5305.000 1.783
5310.000 1.764
5315.000 1.693
5320.000 1.682
5325.000 1.659
5330.000 1.621
5335.000 1.604
5340.000 1.559
5345.000 1.527
5350.000 1.517
5355.000 1.487
5360.000 1.479
5365.000 1.420
5370.000 1.421
5375.000 1.400
5380.000 1.379
5385.000 1.369
5390.000 1.323
5395.000 1.300
5400.000 1.307
5405.000 1.298
5410.000 1.284
5415.000 1.256
5420.000 1.247
5425.000 1.225
5430.000 1.222
5435.000 1.199
5440.000 1.187
5445.000 1.203
5450.000 1.189
5455.000 1.149
5460.000 1.149
5465.000 1.155
5470.000 1.142
5475.000 1.142
5480.000 1.116
5485.000 1.125
5490.000 1.105
5495.000 1.124
5500.000 1.118
5505.000 1.091
5510.000 1.117
5515.000 1.126
5520.000 1.138
5525.000 1.128
5530.000 1.113
5535.000 1.092
5540.000 1.100
5545.000 1.096
5550.000 1.100
5555.000 1.082
5560.000 1.089
5565.000 1.088
5570.000 1.085
5575.000 1.075
5580.000 1.068
5585.000 1.081
5590.000 1.086
5595.000 1.089
5600.000 1.079
5605.000 1.101
5610.000 1.106
5615.000 1.107
5620.000 1.111
5625.000 1.121
5630.000 1.125
5635.000 1.127
5640.000 1.108
5645.000 1.118
5650.000 1.140
5655.000 1.124
5660.000 1.136
5665.000 1.127
5670.000 1.129
5675.000 1.144
5680.000 1.137
5685.000 1.139
5690.000 1.171
5695.000 1.198
5700.000 1.189
5705.000 1.199
5710.000 1.214
5715.000 1.204
5720.000 1.230
5725.000 1.230
5730.000 1.207
5735.000 1.226
5740.000 1.256
5745.000 1.251
5750.000 1.227
5755.000 1.233
5760.000 1.256
5765.000 1.227
5770.000 1.224
5775.000 1.216
5780.000 1.234
5785.000 1.218
5790.000 1.251
5795.000 1.290
5800.000 1.270
5805.000 1.282
5810.000 1.293
5815.000 1.274
5820.000 1.278
5825.000 1.292
5830.000 1.301
5835.000 1.307
5840.000 1.312
5845.000 1.339
5850.000 1.350
5855.000 1.374
5860.000 1.340
5865.000 1.337
5870.000 1.335
5875.000 1.333
5880.000 1.357
5885.000 1.358
5890.000 1.359
5895.000 1.397
5900.000 1.400
5905.000 1.384
5910.000 1.402
5915.000 1.420
5920.000 1.416
5925.000 1.433
5930.000 1.434
5935.000 1.458
5940.000 1.433
5945.000 1.435
5950.000 1.478
5955.000 1.473
5960.000 1.476
5965.000 1.486
5970.000 1.530
5975.000 1.508
5980.000 1.526
5985.000 1.545
5990.000 1.541
5995.000 1.566
6000.000 1.542
6005.000 1.581
6010.000 1.609
6015.000 1.607
6020.000 1.605
6025.000 1.614
6030.000 1.591
6035.000 1.647
6040.000 1.626
6045.000 1.641
6050.000 1.646
6055.000 1.695
6060.000 1.671
6065.000 1.728
6070.000 1.732
6075.000 1.734
6080.000 1.762
6085.000 1.746
6090.000 1.777
6095.000 1.798
6100.000 1.805
6105.000 1.794
6110.000 1.822
6115.000 1.868
6120.000 1.896
6125.000 1.897
6130.000 1.921
6135.000 1.922
6140.000 1.948
6145.000 1.941
6150.000 1.958
6155.000 1.994
6160.000 2.029
6165.000 2.070
6170.000 2.076
6175.000 2.079
6180.000 2.131
6185.000 2.155
6190.000 2.201
6195.000 2.185
6200.000 2.213
6205.000 2.203
6210.000 2.224
6215.000 2.241
6220.000 2.272
6225.000 2.289
6230.000 2.326
6235.000 2.356
6240.000 2.365
6245.000 2.403
6250.000 2.426
6255.000 2.446
6260.000 2.502
6265.000 2.533
6270.000 2.555
6275.000 2.658
6280.000 2.659
6285.000 2.714
6290.000 2.721
6295.000 2.778
6300.000 2.838
6305.000 2.920
6310.000 2.920
6315.000 2.969
6320.000 3.010
6325.000 3.086
6330.000 3.137
6335.000 3.185
6340.000 3.218
6345.000 3.240
6350.000 3.295
6355.000 3.359
6360.000 3.405
6365.000 3.447
6370.000 3.489
6375.000 3.591
6380.000 3.640
6385.000 3.704
6390.000 3.833
6395.000 3.860
6400.000 3.934
6405.000 3.977
6410.000 4.075
6415.000 4.150
6420.000 4.188
6425.000 4.309
6430.000 4.369
6435.000 4.474
6440.000 4.510
6445.000 4.664
6450.000 4.729
6455.000 4.811
6460.000 4.929
6465.000 5.079
6470.000 5.164
6475.000 5.289
6480.000 5.375
6485.000 5.534
6490.000 5.694
6495.000 5.828
6500.000 6.002
6505.000 6.091
6510.000 6.261
6515.000 6.451
6520.000 6.583
6525.000 6.828
6530.000 6.943
6535.000 7.161
6540.000 7.396
6545.000 7.520
6550.000 7.803
6555.000 7.930
6560.000 8.229
6565.000 8.559
6570.000 8.735
6575.000 9.076
6580.000 9.241
6585.000 9.649
6590.000 10.043
6595.000 10.278
6600.000 10.700
6605.000 10.984
6610.000 11.476
6615.000 11.751
6620.000 12.352
6625.000 12.936
6630.000 13.243
6635.000 13.986
6640.000 14.742
6645.000 15.190
6650.000 15.655
6655.000 16.807
6660.000 18.178
6665.000 19.025
6670.000 20.916
6675.000 23.190
6680.000 24.367
6685.000 26.910
6690.000 28.224
6695.000 31.052
6700.000 34.154
6705.000 35.928
6710.000 39.665
6715.000 41.755
6720.000 45.949
6725.000 49.253
6730.000 50.362
6735.000 51.908
6740.000 52.378
6745.000 52.268
6750.000 49.523
6755.000 47.119
6760.000 41.868
6765.000 37.232
6770.000 35.201
6775.000 33.349
6780.000 30.038
6785.000 27.689
6790.000 26.171
6795.000 25.522
6800.000 24.419
6805.000 23.918
6810.000 22.868
6815.000 21.922
6820.000 21.442
6825.000 21.007
6830.000 20.165
6835.000 19.309
6840.000 18.926
6845.000 18.121
6850.000 17.805
6855.000 17.303
6860.000 16.177
6865.000 15.618
6870.000 15.029
6875.000 14.851
6880.000 14.462
6885.000 14.234
6890.000 13.886
6895.000 13.746
6900.000 13.494
6905.000 13.383
6910.000 13.113
6915.000 13.007
6920.000 12.758
6925.000 12.532
6930.000 12.451
6935.000 12.259
6940.000 12.061
6945.000 11.981
6950.000 11.813
6955.000 11.717
6960.000 11.550
6965.000 11.468
6970.000 11.279
6975.000 11.127
6980.000 11.077
6985.000 10.921
6990.000 10.878
6995.000 10.763
7000.000 10.651
7005.000 10.570
7010.000 10.462
7015.000 10.405
7020.000 10.292
7025.000 10.173
7030.000 10.166
7035.000 10.134
7040.000 10.006
7045.000 9.947
7050.000 9.888
7055.000 9.884
7060.000 9.782
7065.000 9.769
7070.000 9.715
7075.000 9.668
7080.000 9.601
7085.000 9.591
7090.000 9.552
7095.000 9.470
7100.000 9.438
7105.000 9.421
7110.000 9.401
7115.000 9.399
7120.000 9.346
7125.000 9.356
7130.000 9.344
7135.000 9.322
7140.000 9.317
7145.000 9.300
7150.000 9.303
7155.000 9.304
7160.000 9.309
7165.000 9.306
7170.000 9.315
7175.000 9.315
7180.000 9.303
7185.000 9.323
7190.000 9.331
7195.000 9.371
7200.000 9.395
7205.000 9.394
7210.000 9.420
7215.000 9.464
7220.000 9.505
7225.000 9.552
7230.000 9.569
7235.000 9.613
7240.000 9.667
7245.000 9.749
7250.000 9.801
7255.000 9.814
7260.000 9.905
7265.000 9.979
7270.000 10.053
7275.000 10.056
7280.000 9.935
7285.000 10.047
7290.000 10.183
7295.000 10.254
7300.000 10.343
7305.000 10.507
7310.000 10.652
7315.000 10.765
7320.000 10.898
7325.000 10.972
7330.000 11.145
7335.000 11.268
7340.000 11.478
7345.000 11.699
7350.000 11.910
7355.000 12.344
7360.000 12.646
7365.000 13.587
7370.000 13.625
7375.000 13.580
7380.000 13.440
7385.000 13.572
7390.000 13.699
7395.000 14.068
7400.000 14.272
7405.000 14.613
7410.000 15.031
7415.000 15.272
7420.000 15.791
7425.000 16.075
7430.000 16.610
7435.000 16.982
7440.000 17.710
7445.000 18.586
7450.000 19.019
7455.000 19.944
7460.000 21.097
7465.000 21.701
7470.000 22.989
7475.000 23.682
7480.000 25.217
7485.000 26.951
7490.000 27.894
7495.000 29.961
7500.000 31.125
7505.000 33.621
7510.000 36.332
7515.000 37.612
7520.000 39.670
7525.000 40.280
7530.000 40.427
7535.000 39.010
7540.000 37.714
7545.000 34.961
7550.000 33.653
7555.000 30.955
7560.000 28.288
7565.000 27.038
7570.000 24.794
7575.000 23.819
7580.000 21.720
7585.000 19.988
7590.000 19.191
7595.000 17.710
7600.000 17.029
7605.000 15.945
7610.000 14.871
7615.000 14.436
7620.000 13.577
7625.000 13.188
7630.000 12.442
7635.000 12.075
7640.000 11.430
7645.000 10.835
7650.000 10.605
7655.000 10.021
7660.000 9.592
7665.000 9.354
7670.000 8.908
7675.000 8.683
7680.000 8.279
7685.000 8.006
7690.000 7.419
7695.000 6.866
7700.000 6.651
7705.000 6.190
7710.000 5.823
7715.000 5.657
7720.000 5.320
7725.000 5.182
7730.000 4.919
7735.000 4.678
7740.000 4.578
7745.000 4.376
7750.000 4.276
7755.000 4.082
7760.000 3.928
7765.000 3.872
7770.000 3.717
7775.000 3.662
7780.000 3.523
7785.000 3.433
7790.000 3.381
7795.000 3.263
7800.000 3.204
7805.000 3.115
7810.000 3.018
7815.000 2.995
7820.000 2.919
7825.000 2.885
7830.000 2.824
7835.000 2.746
7840.000 2.708
7845.000 2.654
7850.000 2.620
7855.000 2.498
7860.000 2.510
7865.000 2.443
7870.000 2.336
7875.000 2.333
7880.000 2.293
7885.000 2.272
7890.000 2.241
7895.000 2.205
7900.000 2.195
7905.000 2.163
7910.000 2.149
7915.000 2.108
7920.000 2.069
7925.000 2.054
7930.000 2.030
7935.000 2.024
7940.000 1.991
7945.000 1.978
7950.000 1.957
7955.000 1.947
7960.000 1.950
7965.000 1.916
7970.000 1.899
7975.000 1.910
7980.000 1.889
7985.000 1.880
7990.000 1.845
7995.000 1.858
8000.000 1.823
8005.000 1.770
8010.000 1.741
8015.000 1.715
8020.000 1.704
8025.000 1.693
8030.000 1.654
8035.000 1.651
8040.000 1.599
8045.000 1.575
8050.000 1.553
8055.000 1.508
8060.000 1.509
8065.000 1.482
8070.000 1.515
8075.000 1.514
8080.000 1.555
8085.000 1.567
8090.000 1.588
8095.000 1.617
8100.000 1.602
8105.000 1.610
8110.000 1.627
8115.000 1.620
8120.000 1.624
8125.000 1.614
8130.000 1.609
8135.000 1.601
8140.000 1.590
8145.000 1.584
8150.000 1.592
8155.000 1.578
8160.000 1.591
8165.000 1.574
8170.000 1.577
8175.000 1.578
8180.000 1.581
8185.000 1.578
8190.000 1.568
8195.000 1.555
8200.000 1.562
8205.000 1.565
8210.000 1.563
8215.000 1.562
8220.000 1.560
8225.000 1.550
8230.000 1.557
8235.000 1.555
8240.000 1.548
8245.000 1.544
8250.000 1.529
8255.000 1.546
8260.000 1.537
8265.000 1.536
8270.000 1.536
8275.000 1.527
8280.000 1.534
8285.000 1.542
8290.000 1.531
8295.000 1.529
8300.000 1.557
8305.000 1.533
8310.000 1.544
8315.000 1.532
8320.000 1.521
8325.000 1.530
8330.000 1.523
8335.000 1.536
8340.000 1.543
8345.000 1.527
8350.000 1.528
8355.000 1.536
8360.000 1.540
8365.000 1.535
8370.000 1.535
8375.000 1.539
8380.000 1.526
8385.000 1.524
8390.000 1.521
8395.000 1.529
8400.000 1.518
8405.000 1.531
8410.000 1.525
8415.000 1.533
8420.000 1.521
8425.000 1.509
8430.000 1.525
8435.000 1.517
8440.000 1.508
8445.000 1.515
8450.000 1.496
8455.000 1.496
8460.000 1.497
8465.000 1.501
8470.000 1.509
8475.000 1.523
8480.000 1.512
8485.000 1.527
8490.000 1.538
8495.000 1.545
8500.000 1.552
8505.000 1.555
8510.000 1.572
8515.000 1.576
8520.000 1.583
8525.000 1.587
8530.000 1.606
8535.000 1.602
8540.000 1.578
8545.000 1.596
8550.000 1.606
8555.000 1.600
8560.000 1.606
8565.000 1.626
8570.000 1.641
8575.000 1.628
8580.000 1.624
8585.000 1.637
8590.000 1.614
8595.000 1.602
8600.000 1.627
8605.000 1.602
8610.000 1.616
8615.000 1.628
8620.000 1.631
8625.000 1.622
8630.000 1.632
8635.000 1.648
8640.000 1.659
8645.000 1.672
8650.000 1.689
8655.000 1.718
8660.000 1.710
8665.000 1.726
8670.000 1.747
8675.000 1.767
8680.000 1.724
8685.000 1.770
8690.000 1.754
8695.000 1.757
8700.000 1.792
8705.000 1.837
8710.000 1.859
8715.000 1.909
8720.000 1.917
8725.000 1.976
8730.000 2.005
8735.000 2.065
8740.000 2.120
8745.000 2.152
8750.000 2.182
8755.000 2.217
8760.000 2.203
8765.000 2.112
8770.000 2.093
8775.000 2.019
8780.000 1.959
8785.000 1.943
8790.000 1.910
8795.000 1.885
8800.000 1.876
8805.000 1.874
8810.000 1.852
8815.000 1.847
8820.000 1.841
8825.000 1.822
8830.000 1.847
8835.000 1.833
8840.000 1.836
8845.000 1.835
8850.000 1.823
8855.000 1.846
8860.000 1.799
8865.000 1.778
8870.000 1.781
8875.000 1.791
8880.000 1.749
8885.000 1.761
8890.000 1.749
8895.000 1.781
8900.000 1.794
8905.000 1.774
8910.000 1.811
8915.000 1.814
8920.000 1.780
8925.000 1.802
8930.000 1.787
8935.000 1.795
8940.000 1.780
8945.000 1.786
8950.000 1.770
8955.000 1.774
8960.000 1.741
8965.000 1.738
8970.000 1.719
8975.000 1.729
8980.000 1.741
8985.000 1.771
8990.000 1.781
8995.000 1.853
9000.000 1.905
9005.000 1.968
9010.000 1.979
9015.000 2.010
9020.000 2.045
9025.000 2.067
9030.000 2.072
9035.000 2.090
9040.000 2.099
9045.000 2.078
9050.000 2.100
9055.000 2.101
9060.000 2.138
9065.000 2.144
9070.000 2.135
9075.000 2.138
9080.000 2.176
9085.000 2.177
9090.000 2.195
9095.000 2.172
9100.000 2.194
9105.000 2.204
9110.000 2.191
9115.000 2.202
9120.000 2.230
9125.000 2.222
9130.000 2.220
9135.000 2.198
9140.000 2.181
9145.000 2.173
9150.000 2.210
9155.000 2.225
9160.000 2.151
9165.000 2.162
9170.000 2.222
9175.000 2.178
9180.000 2.182
9185.000 2.208
9190.000 2.236
9195.000 2.234
9200.000 2.262
9205.000 2.266
9210.000 2.291
9215.000 2.339
9220.000 2.327
9225.000 2.334
9230.000 2.345
9235.000 2.375
9240.000 2.340
9245.000 2.358
9250.000 2.334
9255.000 2.365
9260.000 2.379
9265.000 2.390
9270.000 2.414
9275.000 2.424
9280.000 2.414
9285.000 2.413
9290.000 2.422
9295.000 2.462
9300.000 2.484
9305.000 2.473
9310.000 2.477
9315.000 2.500
9320.000 2.500
9325.000 2.489
9330.000 2.515
9335.000 2.537
9340.000 2.531
9345.000 2.558
9350.000 2.541
9355.000 2.552
9360.000 2.567
9365.000 2.607
9370.000 2.593
9375.000 2.594
9380.000 2.601
9385.000 2.627
9390.000 2.573
9395.000 2.628
9400.000 2.774
9405.000 2.720
9410.000 2.688
9415.000 2.660
9420.000 2.647
9425.000 2.638
9430.000 2.610
9435.000 3.078
9440.000 2.939
9445.000 2.912
9450.000 2.866
9455.000 2.792
9460.000 2.746
9465.000 2.737
9470.000 2.715
9475.000 2.733
9480.000 2.741
9485.000 2.768
9490.000 2.798
9495.000 2.784
9500.000 2.831
9505.000 2.850
9510.000 2.865
9515.000 2.871
9520.000 2.917
9525.000 2.904
9530.000 2.941
9535.000 2.960
9540.000 2.910
9545.000 2.894
9550.000 2.850
9555.000 2.873
9560.000 2.917
9565.000 2.960
9570.000 2.979
9575.000 3.011
9580.000 2.991
9585.000 3.026
9590.000 3.080
9595.000 3.068
9600.000 3.113
9605.000 3.127
9610.000 3.183
9615.000 3.229
9620.000 3.255
9625.000 3.271
9630.000 3.280
9635.000 3.339
9640.000 3.348
9645.000 3.405
9650.000 3.437
9655.000 3.494
9660.000 3.488
9665.000 3.543
9670.000 3.590
9675.000 3.638
9680.000 3.660
9685.000 3.686
9690.000 3.716
9695.000 3.761
9700.000 3.770
9705.000 3.819
9710.000 3.905
9715.000 3.907
9720.000 3.971
9725.000 4.036
9730.000 4.044
9735.000 4.087
9740.000 4.170
9745.000 4.235
9750.000 4.296
9755.000 4.329
9760.000 4.398
9765.000 4.416
9770.000 4.487
9775.000 4.583
9780.000 4.612
9785.000 4.684
9790.000 4.765
9795.000 4.827
9800.000 4.962
9805.000 4.877
9810.000 4.883
9815.000 4.981
9820.000 5.087
9825.000 5.256
9830.000 5.335
9835.000 5.508
9840.000 5.543
9845.000 5.668
9850.000 5.889
9855.000 5.890
9860.000 6.071
9865.000 6.166
9870.000 6.374
9875.000 6.604
9880.000 6.698
9885.000 6.851
9890.000 6.953
9895.000 7.138
9900.000 7.420
9905.000 7.467
9910.000 7.775
9915.000 7.966
9920.000 8.397
9925.000 8.543
9930.000 8.898
9935.000 9.350
9940.000 9.522
9945.000 10.032
9950.000 10.297
9955.000 10.776
9960.000 11.394
9965.000 11.692
9970.000 12.378
9975.000 12.754
9980.000 13.602
9985.000 14.628
9990.000 15.154
9995.000 16.472
10000.000 18.183
10005.000 19.218
10010.000 21.641
10015.000 22.968
10020.000 26.045
10025.000 29.243
10030.000 30.850
10035.000 32.400
10040.000 35.441
10045.000 37.651
10050.000 38.386
10055.000 38.110
10060.000 35.439
10065.000 33.487
10070.000 29.563
10075.000 26.288
10080.000 24.489
10085.000 21.737
10090.000 20.492
10095.000 18.517
10100.000 16.966
10105.000 16.252
10110.000 15.082
10115.000 14.575
10120.000 13.655
10125.000 12.880
10130.000 12.522
10135.000 11.867
10140.000 11.558
10145.000 10.998
10150.000 10.494
10155.000 10.264
10160.000 10.009
10165.000 9.562
10170.000 9.183
10175.000 9.010
10180.000 8.669
10185.000 8.321
10190.000 8.156
10195.000 7.907
10200.000 7.774
10205.000 7.504
10210.000 7.262
10215.000 7.116
10220.000 6.979
10225.000 6.776
10230.000 6.590
10235.000 6.518
10240.000 6.355
10245.000 6.221
10250.000 6.122
10255.000 5.933
10260.000 5.762
10265.000 5.683
10270.000 5.518
10275.000 5.430
10280.000 5.286
10285.000 5.123
10290.000 5.051
10295.000 4.976
10300.000 4.860
10305.000 4.727
10310.000 4.665
10315.000 4.566
10320.000 4.483
10325.000 4.467
10330.000 4.711
10335.000 4.735
10340.000 4.724
10345.000 4.697
10350.000 4.687
10355.000 4.652
10360.000 4.653
10365.000 4.625
10370.000 4.632
10375.000 4.620
10380.000 4.593
10385.000 4.605
10390.000 4.608
10395.000 4.601
10400.000 4.599
10405.000 4.613
10410.000 4.631
10415.000 4.644
10420.000 4.661
10425.000 4.675
10430.000 4.701
10435.000 4.710
10440.000 4.736
10445.000 4.785
10450.000 4.786
10455.000 4.847
10460.000 4.876
10465.000 4.916
10470.000 4.968
10475.000 4.968
10480.000 5.023
10485.000 5.035
10490.000 5.060
10495.000 5.065
10500.000 5.085
10505.000 4.997
10510.000 5.058
10515.000 5.052
10520.000 5.107
10525.000 5.152
10530.000 5.157
10535.000 5.203
10540.000 5.300
10545.000 5.405
10550.000 5.464
10555.000 5.541
10560.000 5.552
10565.000 5.677
10570.000 5.832
10575.000 5.934
10580.000 6.093
10585.000 6.212
10590.000 6.429
10595.000 6.643
10600.000 6.754
10605.000 6.995
10610.000 7.132
10615.000 7.409
10620.000 7.672
10625.000 7.832
10630.000 8.147
10635.000 8.319
10640.000 8.646
10645.000 9.076
10650.000 9.250
10655.000 9.638
10660.000 9.914
10665.000 10.424
10670.000 10.712
10675.000 11.306
10680.000 11.983
10685.000 12.368
10690.000 13.152
10695.000 13.627
10700.000 14.672
10705.000 15.803
10710.000 16.493
10715.000 17.297
10720.000 20.257
10725.000 20.974
10730.000 24.633
10735.000 27.207
10740.000 28.609
10745.000 28.771
10750.000 27.544
10755.000 25.003
10760.000 23.731
10765.000 21.166
10770.000 18.725
10775.000 21.607
10780.000 15.935
10785.000 15.659
10790.000 14.074
10795.000 14.073
10800.000 13.475
10805.000 12.595
10810.000 12.116
10815.000 11.199
10820.000 10.404
10825.000 10.025
10830.000 9.331
10835.000 9.056
10840.000 8.602
10845.000 8.178
10850.000 7.974
10855.000 7.585
10860.000 7.406
10865.000 7.041
10870.000 6.675
10875.000 6.542
10880.000 6.277
10885.000 6.107
10890.000 5.827
10895.000 5.608
10900.000 5.524
10905.000 5.341
10910.000 5.245
10915.000 5.099
10920.000 4.949
10925.000 4.804
10930.000 4.698
10935.000 4.574
10940.000 4.484
10945.000 4.380
10950.000 4.333
10955.000 4.218
10960.000 4.178
10965.000 4.062
10970.000 3.971
10975.000 3.920
10980.000 3.866
10985.000 3.763
10990.000 3.669
10995.000 3.587
11000.000 3.519
11005.000 3.456
11010.000 3.388
11015.000 3.290
11020.000 3.207
11025.000 3.165
11030.000 3.072
11035.000 3.059
11040.000 2.993
11045.000 2.962
11050.000 2.950
11055.000 2.887
11060.000 2.880
11065.000 2.820
11070.000 2.788
11075.000 2.755
11080.000 2.730
11085.000 2.702
11090.000 2.665
11095.000 2.637
11100.000 2.601
11105.000 2.593
11110.000 2.562
11115.000 2.534
11120.000 2.525
11125.000 2.496
11130.000 2.473
11135.000 2.437
11140.000 2.425
11145.000 2.407
11150.000 2.385
11155.000 2.353
11160.000 2.337
11165.000 2.305
11170.000 2.236
11175.000 2.209
11180.000 2.218
11185.000 2.211
11190.000 2.195
11195.000 2.188
11200.000 2.179
11205.000 2.166
11210.000 2.156
11215.000 2.063
11220.000 2.067
11225.000 2.084
11230.000 2.071
11235.000 2.066
11240.000 2.064
11245.000 2.061
11250.000 2.054
11255.000 2.042
11260.000 2.048
11265.000 2.038
11270.000 2.021
11275.000 2.018
11280.000 2.012
11285.000 1.989
11290.000 1.978
11295.000 1.987
11300.000 1.970
11305.000 1.974
11310.000 1.955
11315.000 1.963
11320.000 1.954
11325.000 1.945
11330.000 1.944
11335.000 1.940
11340.000 1.926
11345.000 1.932
11350.000 1.937
11355.000 1.931
11360.000 1.924
11365.000 1.904
11370.000 1.913
11375.000 1.891
11380.000 1.909
11385.000 1.898
11390.000 1.914
11395.000 1.907
11400.000 1.906
11405.000 1.907
11410.000 1.894
11415.000 1.902
11420.000 1.900
11425.000 1.910
11430.000 1.902
11435.000 1.915
11440.000 1.912
11445.000 1.891
11450.000 1.884
11455.000 1.868
11460.000 1.855
11465.000 1.849
11470.000 1.834
11475.000 1.822
11480.000 1.807
11485.000 1.802
11490.000 1.779
11495.000 1.766
11500.000 1.753
11505.000 1.769
11510.000 1.754
11515.000 1.740
11520.000 1.753
11525.000 1.736
11530.000 1.747
11535.000 1.739
11540.000 1.743
11545.000 1.748
11550.000 1.722
11555.000 1.734
11560.000 1.718
11565.000 1.725
11570.000 1.715
11575.000 1.728
11580.000 1.720
11585.000 1.725
11590.000 1.718
11595.000 1.708
11600.000 1.716
11605.000 1.717
11610.000 1.708
11615.000 1.729
11620.000 1.724
11625.000 1.735
11630.000 1.702
11635.000 1.716
11640.000 1.720
11645.000 1.730
11650.000 1.732
11655.000 1.745
11660.000 1.738
11665.000 1.753
11670.000 1.747
11675.000 1.733
11680.000 1.749
11685.000 1.742
11690.000 1.745
11695.000 1.747
11700.000 1.764
11705.000 1.758
11710.000 1.735
11715.000 1.770
11720.000 1.746
11725.000 1.761
11730.000 1.761
11735.000 1.763
11740.000 1.762
11745.000 1.761
11750.000 1.765
11755.000 1.770
11760.000 1.776
11765.000 1.770
11770.000 1.781
11775.000 1.781
11780.000 1.785
11785.000 1.779
11790.000 1.772
11795.000 1.782
11800.000 1.776
11805.000 1.779
11810.000 1.768
11815.000 1.761
11820.000 1.761
11825.000 1.770
11830.000 1.761
11835.000 1.754
11840.000 1.743
11845.000 1.747
11850.000 1.748
11855.000 1.741
11860.000 1.748
11865.000 1.747
11870.000 1.758
11875.000 1.748
11880.000 1.744
11885.000 1.752
11890.000 1.735
11895.000 1.710
11900.000 1.728
11905.000 1.712
11910.000 1.722
11915.000 1.723
11920.000 1.739
11925.000 1.726
11930.000 1.741
11935.000 1.725
11940.000 1.716
11945.000 1.730
11950.000 1.711
11955.000 1.730
11960.000 1.707
11965.000 1.731
11970.000 1.736
11975.000 1.730
11980.000 1.731
11985.000 1.731
11990.000 1.738
11995.000 1.723
12000.000 1.716
