105.000 0.051
110.000 0.326
115.000 1.133
120.000 1.794
125.000 2.444
130.000 2.768
135.000 3.295
140.000 3.269
145.000 3.631
150.000 3.517
155.000 3.419
160.000 3.486
165.000 3.318
170.000 3.308
175.000 3.118
180.000 3.074
185.000 2.961
190.000 3.031
195.000 3.085
200.000 3.230
205.000 3.238
210.000 3.417
215.000 3.384
220.000 3.875
225.000 4.178
230.000 4.582
235.000 4.792
240.000 5.190
245.000 5.694
250.000 6.005
255.000 6.432
260.000 6.798
265.000 7.137
270.000 7.429
275.000 8.085
280.000 8.195
285.000 8.656
290.000 8.856
295.000 9.027
300.000 17.343
305.000 10.857
310.000 11.669
315.000 11.765
320.000 12.213
325.000 12.500
330.000 12.687
335.000 13.186
340.000 13.640
345.000 14.168
350.000 15.127
355.000 15.631
360.000 16.542
365.000 17.024
370.000 18.386
375.000 19.975
380.000 20.915
385.000 23.244
390.000 24.433
395.000 26.921
400.000 29.545
405.000 30.738
410.000 32.762
415.000 33.887
420.000 35.744
425.000 37.383
430.000 38.055
435.000 39.412
440.000 39.869
445.000 40.906
450.000 41.536
455.000 41.828
460.000 41.996
465.000 41.923
470.000 41.822
475.000 41.388
480.000 41.080
485.000 40.596
490.000 40.166
495.000 39.477
500.000 39.012
505.000 38.397
510.000 37.398
515.000 37.021
520.000 35.866
525.000 34.773
530.000 34.177
535.000 33.127
540.000 32.565
545.000 31.892
550.000 31.426
555.000 31.224
560.000 31.035
565.000 31.075
570.000 31.279
575.000 31.892
580.000 32.425
585.000 33.236
590.000 33.575
595.000 34.202
600.000 34.516
605.000 34.463
610.000 34.134
615.000 33.636
620.000 32.012
625.000 29.151
630.000 27.709
635.000 24.512
640.000 23.022
645.000 20.077
650.000 17.683
655.000 16.659
660.000 14.793
665.000 14.085
670.000 12.667
675.000 11.523
680.000 10.901
685.000 9.909
690.000 9.507
695.000 8.520
700.000 8.098
705.000 7.309
710.000 6.638
715.000 6.291
720.000 5.709
725.000 5.438
730.000 4.935
735.000 4.514
740.000 4.435
745.000 3.876
750.000 3.667
755.000 3.294
760.000 2.927
765.000 2.779
770.000 2.517
775.000 2.405
780.000 2.174
785.000 1.987
790.000 1.946
795.000 1.749
800.000 1.639
805.000 1.609
810.000 1.503
815.000 1.464
820.000 1.425
825.000 1.406
830.000 1.288
835.000 1.223
840.000 1.178
845.000 1.110
850.000 1.085
855.000 1.041
860.000 1.012
865.000 0.964
870.000 0.943
875.000 0.946
880.000 0.908
885.000 0.858
890.000 0.831
895.000 0.828
900.000 0.832
905.000 0.813
910.000 0.841
915.000 0.835
920.000 0.861
925.000 0.814
930.000 0.805
935.000 0.864
940.000 0.826
945.000 0.864
950.000 0.918
955.000 0.870
960.000 0.897
965.000 0.901
970.000 0.944
975.000 1.002
980.000 0.969
985.000 1.016
990.000 1.018
995.000 1.000
1000.000 1.016
1005.000 1.053
1010.000 1.130
1015.000 1.123
1020.000 1.207
1025.000 1.254
1030.000 1.328
1035.000 1.536
1040.000 1.490
1045.000 1.495
1050.000 1.520
1055.000 1.667
1060.000 1.720
1065.000 1.759
1070.000 1.927
1075.000 1.937
1080.000 2.180
1085.000 2.485
1090.000 2.643
1095.000 2.969
1100.000 3.293
1105.000 3.932
1110.000 4.872
1115.000 5.304
1120.000 6.165
1125.000 6.739
1130.000 7.839
1135.000 8.850
1140.000 9.346
1145.000 9.646
1150.000 9.551
1155.000 8.750
1160.000 7.460
1165.000 6.904
1170.000 5.759
1175.000 5.257
1180.000 4.470
1185.000 3.839
1190.000 3.573
1195.000 3.151
1200.000 2.935
1205.000 2.714
1210.000 2.457
1215.000 2.327
1220.000 2.160
1225.000 2.136
1230.000 2.029
1235.000 1.874
1240.000 1.840
1245.000 1.762
1250.000 1.716
1255.000 1.650
1260.000 1.596
1265.000 1.574
1270.000 1.546
1275.000 1.523
1280.000 1.470
1285.000 1.498
1290.000 1.452
1295.000 1.471
1300.000 1.479
1305.000 1.447
1310.000 1.434
1315.000 1.434
1320.000 1.458
1325.000 1.491
1330.000 1.488
1335.000 1.511
1340.000 1.515
1345.000 1.525
1350.000 1.523
1355.000 1.554
1360.000 1.541
1365.000 1.579
1370.000 1.580
1375.000 1.606
1380.000 1.663
1385.000 1.704
1390.000 1.669
1395.000 1.697
1400.000 1.708
1405.000 1.772
1410.000 1.806
1415.000 1.806
1420.000 1.904
1425.000 1.932
1430.000 2.010
1435.000 2.060
1440.000 2.135
1445.000 2.220
1450.000 2.285
1455.000 2.401
1460.000 2.459
1465.000 2.527
1470.000 2.661
1475.000 2.756
1480.000 2.922
1485.000 3.018
1490.000 3.183
1495.000 3.407
1500.000 3.537
1505.000 3.916
1510.000 4.141
1515.000 4.525
1520.000 4.957
1525.000 5.254
1530.000 5.878
1535.000 6.261
1540.000 7.100
1545.000 8.397
1550.000 9.216
1555.000 11.137
1560.000 12.404
1565.000 15.388
1570.000 18.792
1575.000 20.723
1580.000 23.718
1585.000 24.516
1590.000 23.887
1595.000 22.169
1600.000 17.710
1605.000 13.610
1610.000 11.947
1615.000 9.398
1620.000 8.412
1625.000 6.935
1630.000 5.837
1635.000 5.397
1640.000 4.746
1645.000 4.469
1650.000 4.058
1655.000 3.685
1660.000 3.531
1665.000 3.247
1670.000 3.141
1675.000 2.915
1680.000 2.763
1685.000 2.712
1690.000 2.600
1695.000 2.525
1700.000 2.573
1705.000 2.515
1710.000 2.532
1715.000 2.556
1720.000 2.569
1725.000 2.580
1730.000 2.604
1735.000 2.593
1740.000 2.586
1745.000 2.592
1750.000 2.580
1755.000 2.556
1760.000 2.589
1765.000 2.550
1770.000 2.551
1775.000 2.506
1780.000 2.453
1785.000 2.444
1790.000 2.433
1795.000 2.454
1800.000 2.383
1805.000 2.356
1810.000 2.308
1815.000 2.300
1820.000 2.266
1825.000 2.225
1830.000 2.174
1835.000 2.213
1840.000 2.165
1845.000 2.102
1850.000 2.100
1855.000 2.059
1860.000 2.079
1865.000 2.025
1870.000 1.995
1875.000 1.973
1880.000 1.936
1885.000 1.909
1890.000 1.902
1895.000 1.873
1900.000 1.861
1905.000 1.822
1910.000 1.827
1915.000 1.827
1920.000 1.774
1925.000 1.766
1930.000 1.720
1935.000 1.720
1940.000 1.705
1945.000 1.678
1950.000 1.651
1955.000 1.645
1960.000 1.618
1965.000 1.591
1970.000 1.552
1975.000 1.547
1980.000 1.535
1985.000 1.497
1990.000 1.504
1995.000 1.445
2000.000 1.392
2005.000 1.456
2010.000 1.377
2015.000 1.378
2020.000 1.315
2025.000 1.298
2030.000 1.349
2035.000 1.277
2040.000 1.248
2045.000 1.227
2050.000 1.164
2055.000 1.148
2060.000 1.112
2065.000 1.114
2070.000 1.092
2075.000 1.061
2080.000 1.073
2085.000 1.063
2090.000 1.014
2095.000 1.005
2100.000 0.974
2105.000 0.983
2110.000 0.985
2115.000 0.970
2120.000 0.958
2125.000 0.955
2130.000 0.919
2135.000 0.922
2140.000 0.898
2145.000 0.891
2150.000 0.899
2155.000 0.865
2160.000 0.884
2165.000 0.884
2170.000 0.859
2175.000 0.849
2180.000 0.883
2185.000 0.874
2190.000 0.866
2195.000 0.896
2200.000 0.837
2205.000 0.861
2210.000 0.857
2215.000 0.848
2220.000 0.871
2225.000 0.871
2230.000 0.854
2235.000 0.861
2240.000 0.848
2245.000 0.859
2250.000 0.884
2255.000 0.874
2260.000 0.847
2265.000 0.893
2270.000 0.874
2275.000 0.883
2280.000 0.883
2285.000 0.909
2290.000 0.878
2295.000 0.901
2300.000 0.874
2305.000 0.905
2310.000 0.886
2315.000 0.891
2320.000 0.885
2325.000 0.896
2330.000 0.897
2335.000 0.900
2340.000 0.931
2345.000 0.917
2350.000 0.925
2355.000 0.936
2360.000 0.931
2365.000 0.951
2370.000 0.949
2375.000 0.955
2380.000 0.986
2385.000 0.963
2390.000 0.960
2395.000 0.972
2400.000 0.952
2405.000 1.004
2410.000 0.990
2415.000 1.001
2420.000 0.963
2425.000 1.022
2430.000 0.999
2435.000 0.994
2440.000 0.989
2445.000 0.983
2450.000 0.997
2455.000 0.978
2460.000 1.003
2465.000 0.998
2470.000 0.984
2475.000 0.999
2480.000 1.016
2485.000 1.016
2490.000 1.007
2495.000 0.997
2500.000 0.992
2505.000 1.004
2510.000 1.037
2515.000 1.016
2520.000 1.010
2525.000 1.041
2530.000 1.030
2535.000 1.053
2540.000 1.013
2545.000 1.014
2550.000 1.025
2555.000 1.011
2560.000 1.012
2565.000 0.983
2570.000 1.008
2575.000 1.037
2580.000 1.023
2585.000 1.035
2590.000 1.002
2595.000 1.014
2600.000 0.998
2605.000 1.029
2610.000 1.030
2615.000 1.012
2620.000 1.035
2625.000 1.021
2630.000 1.022
2635.000 1.017
2640.000 1.028
2645.000 1.030
2650.000 1.034
2655.000 1.011
2660.000 1.035
2665.000 1.008
2670.000 1.027
2675.000 1.048
2680.000 1.020
2685.000 1.000
2690.000 1.058
2695.000 1.051
2700.000 1.015
2705.000 1.022
2710.000 1.021
2715.000 1.022
2720.000 1.015
2725.000 1.008
2730.000 1.010
2735.000 1.016
2740.000 1.032
2745.000 1.012
2750.000 0.998
2755.000 1.040
2760.000 1.018
2765.000 1.013
2770.000 1.005
2775.000 1.013
2780.000 1.020
2785.000 1.016
2790.000 1.001
2795.000 1.005
2800.000 0.967
2805.000 0.968
2810.000 0.974
2815.000 0.968
2820.000 0.996
2825.000 1.017
2830.000 0.994
2835.000 1.001
2840.000 1.018
2845.000 0.958
2850.000 0.963
2855.000 0.957
2860.000 0.961
2865.000 0.973
2870.000 0.957
2875.000 0.963
2880.000 0.944
2885.000 0.962
2890.000 0.960
2895.000 0.949
2900.000 0.928
2905.000 0.947
2910.000 0.963
2915.000 0.930
2920.000 0.941
2925.000 0.923
2930.000 0.922
2935.000 0.922
2940.000 0.913
2945.000 0.903
2950.000 0.892
2955.000 0.927
2960.000 0.900
2965.000 0.908
2970.000 0.910
2975.000 0.910
2980.000 0.918
2985.000 0.866
2990.000 0.864
2995.000 0.882
3000.000 0.860
3005.000 0.815
3010.000 0.842
3015.000 0.873
3020.000 0.849
3025.000 0.777
3030.000 0.846
3035.000 0.850
3040.000 0.799
3045.000 0.808
3050.000 0.812
3055.000 0.800
3060.000 0.776
3065.000 0.759
3070.000 0.756
3075.000 0.747
3080.000 0.747
3085.000 0.736
3090.000 0.716
3095.000 0.724
3100.000 0.697
3105.000 0.711
3110.000 0.667
3115.000 0.666
3120.000 0.646
3125.000 0.608
3130.000 0.605
3135.000 0.598
3140.000 0.571
3145.000 0.547
3150.000 0.540
3155.000 0.560
3160.000 0.485
3165.000 0.474
3170.000 0.453
3175.000 0.450
3180.000 0.399
3185.000 0.369
3190.000 0.370
3195.000 0.360
3200.000 0.298
3205.000 0.319
3210.000 0.285
3215.000 0.266
3220.000 0.236
3225.000 0.254
3230.000 0.270
3235.000 0.267
3240.000 0.268
3245.000 0.333
3250.000 0.435
3255.000 0.487
3260.000 0.570
3265.000 0.637
3270.000 0.784
3275.000 0.919
3280.000 1.072
3285.000 1.233
3290.000 1.333
3295.000 1.657
3300.000 1.951
3305.000 2.192
3310.000 2.696
3315.000 2.892
3320.000 3.508
3325.000 4.155
3330.000 4.588
3335.000 5.463
3340.000 6.046
3345.000 7.164
3350.000 8.586
3355.000 9.306
3360.000 10.997
3365.000 11.822
3370.000 13.957
3375.000 15.111
3380.000 17.772
3385.000 20.892
3390.000 22.686
3395.000 26.887
3400.000 29.267
3405.000 34.289
3410.000 40.068
3415.000 42.684
3420.000 47.196
3425.000 48.787
3430.000 50.326
3435.000 49.196
3440.000 47.313
3445.000 42.813
3450.000 40.684
3455.000 37.166
3460.000 34.424
3465.000 33.284
3470.000 31.321
3475.000 30.422
3480.000 28.714
3485.000 27.475
3490.000 26.693
3495.000 25.482
3500.000 24.860
3505.000 23.817
3510.000 22.530
3515.000 22.441
3520.000 21.363
3525.000 21.656
3530.000 20.730
3535.000 21.046
3540.000 21.028
3545.000 20.970
3550.000 21.946
3555.000 22.905
3560.000 24.876
3565.000 25.347
3570.000 26.479
3575.000 27.709
3580.000 30.325
3585.000 32.636
3590.000 33.188
3595.000 35.925
3600.000 36.694
3605.000 37.731
3610.000 36.660
3615.000 34.767
3620.000 30.464
3625.000 28.416
3630.000 24.185
3635.000 20.835
3640.000 19.444
3645.000 16.740
3650.000 15.816
3655.000 14.198
3660.000 13.012
3665.000 12.526
3670.000 11.627
3675.000 11.244
3680.000 10.582
3685.000 9.934
3690.000 9.605
3695.000 9.094
3700.000 8.845
3705.000 8.337
3710.000 7.952
3715.000 7.778
3720.000 7.397
3725.000 7.263
3730.000 6.975
3735.000 6.802
3740.000 6.672
3745.000 6.464
3750.000 6.430
3755.000 6.235
3760.000 6.122
3765.000 6.067
3770.000 5.999
3775.000 5.941
3780.000 5.859
3785.000 5.859
3790.000 5.875
3795.000 5.893
3800.000 5.968
3805.000 6.028
3810.000 6.155
3815.000 6.191
3820.000 6.282
3825.000 6.409
3830.000 6.643
3835.000 6.820
3840.000 6.991
3845.000 7.296
3850.000 7.484
3855.000 7.848
3860.000 8.332
3865.000 8.588
3870.000 9.230
3875.000 9.654
3880.000 10.641
3885.000 11.981
3890.000 12.802
3895.000 14.811
3900.000 16.057
3905.000 19.208
3910.000 23.318
3915.000 25.827
3920.000 30.985
3925.000 33.074
3930.000 35.372
3935.000 34.331
3940.000 32.041
3945.000 26.174
3950.000 23.187
3955.000 18.306
3960.000 15.004
3965.000 13.565
3970.000 11.637
3975.000 10.841
3980.000 9.756
3985.000 9.369
3990.000 8.679
3995.000 8.189
4000.000 7.922
4005.000 7.536
4010.000 7.291
4015.000 7.011
4020.000 6.681
4025.000 6.535
4030.000 6.248
4035.000 6.161
4040.000 5.955
4045.000 5.804
4050.000 5.662
4055.000 5.514
4060.000 5.452
4065.000 5.321
4070.000 5.245
4075.000 5.180
4080.000 5.011
4085.000 4.969
4090.000 4.890
4095.000 4.816
4100.000 4.793
4105.000 4.783
4110.000 4.760
4115.000 4.752
4120.000 4.742
4125.000 4.823
4130.000 4.882
4135.000 4.883
4140.000 4.965
4145.000 5.069
4150.000 5.151
4155.000 5.366
4160.000 5.460
4165.000 5.639
4170.000 5.908
4175.000 6.062
4180.000 6.455
4185.000 6.673
4190.000 7.194
4195.000 7.969
4200.000 8.400
4205.000 9.430
4210.000 9.913
4215.000 10.326
4220.000 9.466
4225.000 8.630
4230.000 6.626
4235.000 5.676
4240.000 4.168
4245.000 3.008
4250.000 2.550
4255.000 1.854
4260.000 1.587
4265.000 1.123
4270.000 0.804
4275.000 0.692
4280.000 0.488
4285.000 0.427
4290.000 0.357
4295.000 0.345
4300.000 0.366
4305.000 0.388
4310.000 0.402
4315.000 0.459
4320.000 0.513
4325.000 0.545
4330.000 0.591
4335.000 0.602
4340.000 0.653
4345.000 0.677
4350.000 0.687
4355.000 0.723
4360.000 0.754
4365.000 0.756
4370.000 0.776
4375.000 0.794
4380.000 0.812
4385.000 0.826
4390.000 0.830
4395.000 0.843
4400.000 0.852
4405.000 0.879
4410.000 0.871
4415.000 0.885
4420.000 0.914
4425.000 0.921
4430.000 0.933
4435.000 0.933
4440.000 0.931
4445.000 0.952
4450.000 0.949
4455.000 0.959
4460.000 0.954
4465.000 0.970
4470.000 0.962
4475.000 0.986
4480.000 0.972
4485.000 0.995
4490.000 0.958
4495.000 0.989
4500.000 0.999
4505.000 0.995
4510.000 0.985
4515.000 1.010
4520.000 1.015
4525.000 1.029
4530.000 1.039
4535.000 1.035
4540.000 1.043
4545.000 1.035
4550.000 1.040
4555.000 1.049
4560.000 1.054
4565.000 1.066
4570.000 1.075
4575.000 1.077
4580.000 1.075
4585.000 1.066
4590.000 1.073
4595.000 1.065
4600.000 1.082
4605.000 1.080
4610.000 1.084
4615.000 1.101
4620.000 1.079
4625.000 1.104
4630.000 1.087
4635.000 1.113
4640.000 1.120
4645.000 1.127
4650.000 1.116
4655.000 1.117
4660.000 1.123
4665.000 1.128
4670.000 1.120
4675.000 1.132
4680.000 1.135
4685.000 1.142
4690.000 1.143
4695.000 1.138
4700.000 1.147
4705.000 1.159
4710.000 1.155
4715.000 1.157
4720.000 1.174
4725.000 1.183
4730.000 1.192
4735.000 1.191
4740.000 1.199
4745.000 1.171
4750.000 1.197
4755.000 1.192
4760.000 1.186
4765.000 1.196
4770.000 1.210
4775.000 1.207
4780.000 1.223
4785.000 1.218
4790.000 1.228
4795.000 1.242
4800.000 1.240
4805.000 1.260
4810.000 1.266
4815.000 1.259
4820.000 1.277
4825.000 1.274
4830.000 1.288
4835.000 1.298
4840.000 1.291
4845.000 1.288
4850.000 1.327
4855.000 1.319
4860.000 1.337
4865.000 1.366
4870.000 1.395
4875.000 1.400
4880.000 1.385
4885.000 1.393
4890.000 1.402
4895.000 1.418
4900.000 1.409
4905.000 1.414
4910.000 1.410
4915.000 1.412
4920.000 1.406
4925.000 1.403
4930.000 1.421
4935.000 1.412
4940.000 1.431
4945.000 1.419
4950.000 1.421
4955.000 1.403
4960.000 1.432
4965.000 1.419
4970.000 1.428
4975.000 1.409
4980.000 1.436
4985.000 1.437
4990.000 1.420
4995.000 1.418
5000.000 1.451
5005.000 1.420
5010.000 1.427
5015.000 1.405
5020.000 1.416
5025.000 1.432
5030.000 1.418
5035.000 1.410
5040.000 1.418
5045.000 1.397
5050.000 1.429
5055.000 1.409
5060.000 1.440
5065.000 1.418
5070.000 1.434
5075.000 1.430
5080.000 1.426
5085.000 1.402
5090.000 1.441
5095.000 1.417
5100.000 1.448
5105.000 1.432
5110.000 1.448
5115.000 1.428
5120.000 1.413
5125.000 1.418
5130.000 1.431
5135.000 1.414
5140.000 1.444
5145.000 1.446
5150.000 1.422
5155.000 1.421
5160.000 1.436
5165.000 1.435
5170.000 1.427
5175.000 1.434
5180.000 1.436
5185.000 1.428
5190.000 1.430
5195.000 1.514
5200.000 1.545
5205.000 1.532
5210.000 2.131
5215.000 2.144
5220.000 2.166
5225.000 1.951
5230.000 1.863
5235.000 1.674
5240.000 1.564
5245.000 1.533
5250.000 1.454
5255.000 1.459
5260.000 1.441
5265.000 1.427
5270.000 1.423
5275.000 1.416
5280.000 1.422
5285.000 1.444
5290.000 1.443
5295.000 1.452
5300.000 1.464
5305.000 1.437
5310.000 1.448
5315.000 1.431
5320.000 1.438
5325.000 1.444
5330.000 1.447
5335.000 1.452
5340.000 1.450
5345.000 1.455
5350.000 1.452
5355.000 1.446
5360.000 1.476
5365.000 1.459
5370.000 1.450
5375.000 1.460
5380.000 1.448
5385.000 1.464
5390.000 1.467
5395.000 1.484
5400.000 1.485
5405.000 1.488
5410.000 1.473
5415.000 1.463
5420.000 1.490
5425.000 1.495
5430.000 1.485
5435.000 1.481
5440.000 1.494
5445.000 1.501
5450.000 1.502
5455.000 1.499
5460.000 1.496
5465.000 1.491
5470.000 1.494
5475.000 1.500
5480.000 1.498
5485.000 1.476
5490.000 1.507
5495.000 1.495
5500.000 1.525
5505.000 1.517
5510.000 1.518
5515.000 1.504
5520.000 1.521
5525.000 1.524
5530.000 1.509
5535.000 1.515
5540.000 1.540
5545.000 1.522
5550.000 1.532
5555.000 1.491
5560.000 1.525
5565.000 1.535
5570.000 1.537
5575.000 1.529
5580.000 1.521
5585.000 1.531
5590.000 1.512
5595.000 1.493
5600.000 1.544
5605.000 1.525
5610.000 1.517
5615.000 1.537
5620.000 1.517
5625.000 1.529
5630.000 1.545
5635.000 1.520
5640.000 1.534
5645.000 1.542
5650.000 1.538
5655.000 1.565
5660.000 1.526
5665.000 1.543
5670.000 1.556
5675.000 1.564
5680.000 1.563
5685.000 1.581
5690.000 1.559
5695.000 1.578
5700.000 1.564
5705.000 1.552
5710.000 1.560
5715.000 1.577
5720.000 1.571
5725.000 1.572
5730.000 1.565
5735.000 1.569
5740.000 1.583
5745.000 1.557
5750.000 1.569
5755.000 1.556
5760.000 1.578
5765.000 1.590
5770.000 1.569
5775.000 1.575
5780.000 1.599
5785.000 1.570
5790.000 1.584
5795.000 1.588
5800.000 1.585
5805.000 1.584
5810.000 1.562
5815.000 1.576
5820.000 1.591
5825.000 1.570
5830.000 1.560
5835.000 1.577
5840.000 1.585
5845.000 1.579
5850.000 1.615
5855.000 1.614
5860.000 1.605
5865.000 1.586
5870.000 1.586
5875.000 1.590
5880.000 1.614
5885.000 1.594
5890.000 1.644
5895.000 1.730
5900.000 1.710
5905.000 1.683
5910.000 1.632
5915.000 1.633
5920.000 1.614
5925.000 1.586
5930.000 1.596
5935.000 1.638
5940.000 1.635
5945.000 1.601
5950.000 1.603
5955.000 1.592
5960.000 1.577
5965.000 1.586
5970.000 1.566
5975.000 1.584
5980.000 1.571
5985.000 1.593
5990.000 1.565
5995.000 1.576
6000.000 1.590
6005.000 1.597
6010.000 1.581
6015.000 1.607
6020.000 1.565
6025.000 1.572
6030.000 1.554
6035.000 1.607
6040.000 1.597
6045.000 1.592
6050.000 1.590
6055.000 1.592
6060.000 1.597
6065.000 1.577
6070.000 1.590
6075.000 1.626
6080.000 1.589
6085.000 1.608
6090.000 1.598
6095.000 1.581
6100.000 1.598
6105.000 1.533
6110.000 1.582
6115.000 1.587
6120.000 1.581
6125.000 1.565
6130.000 1.540
6135.000 1.554
6140.000 1.560
6145.000 1.538
6150.000 1.562
6155.000 1.555
6160.000 1.560
6165.000 1.564
6170.000 1.581
6175.000 1.581
6180.000 1.571
6185.000 1.548
6190.000 1.567
6195.000 1.541
6200.000 1.545
6205.000 1.555
6210.000 1.568
6215.000 1.550
6220.000 1.535
6225.000 1.559
6230.000 1.586
6235.000 1.564
6240.000 1.567
6245.000 1.566
6250.000 1.544
6255.000 1.573
6260.000 1.564
6265.000 1.559
6270.000 1.561
6275.000 1.548
6280.000 1.551
6285.000 1.577
6290.000 1.591
6295.000 1.578
6300.000 1.583
6305.000 1.556
6310.000 1.570
6315.000 1.590
6320.000 1.586
6325.000 1.577
6330.000 1.582
6335.000 1.580
6340.000 1.589
6345.000 1.554
6350.000 1.550
6355.000 1.568
6360.000 1.553
6365.000 1.555
6370.000 1.561
6375.000 1.542
6380.000 1.556
6385.000 1.545
6390.000 1.524
6395.000 1.491
6400.000 1.520
6405.000 1.543
6410.000 1.530
6415.000 1.516
6420.000 1.529
6425.000 1.534
6430.000 1.518
6435.000 1.498
6440.000 1.513
6445.000 1.510
6450.000 1.494
6455.000 1.515
6460.000 1.485
6465.000 1.480
6470.000 1.487
6475.000 1.508
6480.000 1.490
6485.000 1.497
6490.000 1.492
6495.000 1.501
6500.000 1.470
6505.000 1.465
6510.000 1.470
6515.000 1.483
6520.000 1.458
6525.000 1.459
6530.000 1.462
6535.000 1.459
6540.000 1.462
6545.000 1.459
6550.000 1.445
6555.000 1.448
6560.000 1.413
6565.000 1.424
6570.000 1.447
6575.000 1.419
6580.000 1.418
6585.000 1.408
6590.000 1.411
6595.000 1.439
6600.000 1.446
6605.000 1.426
6610.000 1.423
6615.000 1.460
6620.000 1.455
6625.000 1.465
6630.000 1.481
6635.000 1.525
6640.000 1.531
6645.000 1.548
6650.000 1.580
6655.000 1.636
6660.000 1.671
6665.000 1.758
6670.000 1.836
6675.000 1.905
6680.000 2.084
6685.000 2.138
6690.000 2.314
6695.000 2.533
6700.000 2.674
6705.000 3.010
6710.000 3.236
6715.000 3.762
6720.000 4.463
6725.000 4.918
6730.000 5.958
6735.000 6.655
6740.000 8.292
6745.000 10.431
6750.000 11.667
6755.000 14.655
6760.000 16.382
6765.000 20.064
6770.000 24.352
6775.000 26.655
6780.000 31.855
6785.000 34.961
6790.000 41.381
6795.000 46.969
6800.000 49.510
6805.000 53.103
6810.000 54.075
6815.000 54.294
6820.000 52.198
6825.000 50.358
6830.000 47.045
6835.000 45.784
6840.000 44.362
6845.000 42.979
6850.000 42.562
6855.000 42.541
6860.000 42.531
6865.000 42.925
6870.000 43.939
6875.000 44.371
6880.000 44.977
6885.000 46.534
6890.000 48.265
6895.000 51.358
6900.000 52.430
6905.000 54.540
6910.000 55.271
6915.000 56.109
6920.000 55.494
6925.000 54.862
6930.000 50.652
6935.000 47.422
6940.000 40.082
6945.000 33.543
6950.000 30.648
6955.000 26.180
6960.000 24.422
6965.000 21.432
6970.000 19.207
6975.000 18.265
6980.000 17.014
6985.000 16.408
6990.000 15.764
6995.000 15.371
7000.000 15.135
7005.000 14.914
7010.000 14.791
7015.000 14.679
7020.000 14.532
7025.000 14.489
7030.000 14.569
7035.000 14.611
7040.000 14.850
7045.000 15.100
7050.000 15.326
7055.000 15.609
7060.000 15.856
7065.000 16.608
7070.000 17.414
7075.000 18.068
7080.000 19.295
7085.000 19.935
7090.000 21.995
7095.000 24.166
7100.000 25.204
7105.000 27.600
7110.000 29.298
7115.000 32.764
7120.000 35.936
7125.000 37.186
7130.000 38.366
7135.000 37.747
7140.000 33.973
7145.000 29.021
7150.000 26.718
7155.000 22.830
7160.000 21.328
7165.000 19.068
7170.000 17.106
7175.000 16.273
7180.000 14.871
7185.000 14.337
7190.000 13.329
7195.000 12.532
7200.000 12.195
7205.000 11.602
7210.000 11.318
7215.000 10.780
7220.000 10.390
7225.000 10.232
7230.000 9.964
7235.000 9.801
7240.000 9.567
7245.000 9.471
7250.000 9.362
7255.000 9.283
7260.000 9.217
7265.000 9.240
7270.000 9.249
7275.000 9.360
7280.000 9.492
7285.000 9.628
7290.000 9.939
7295.000 10.130
7300.000 10.531
7305.000 11.070
7310.000 11.353
7315.000 11.961
7320.000 12.226
7325.000 12.552
7330.000 12.348
7335.000 11.938
7340.000 10.507
7345.000 9.577
7350.000 7.672
7355.000 5.980
7360.000 5.200
7365.000 3.969
7370.000 3.461
7375.000 2.682
7380.000 2.116
7385.000 1.894
7390.000 1.551
7395.000 1.406
7400.000 1.205
7405.000 1.066
7410.000 1.009
7415.000 0.895
7420.000 0.869
7425.000 0.845
7430.000 0.825
7435.000 0.822
7440.000 0.825
7445.000 0.828
7450.000 0.832
7455.000 0.844
7460.000 0.844
7465.000 0.842
7470.000 0.847
7475.000 0.854
7480.000 0.880
7485.000 0.888
7490.000 0.905
7495.000 0.912
7500.000 0.930
7505.000 0.944
7510.000 0.954
7515.000 0.968
7520.000 0.980
7525.000 1.003
7530.000 1.002
7535.000 1.009
7540.000 1.032
7545.000 1.044
7550.000 1.040
7555.000 1.054
7560.000 1.048
7565.000 1.054
7570.000 1.067
7575.000 1.069
7580.000 1.074
7585.000 1.088
7590.000 1.100
7595.000 1.107
7600.000 1.108
7605.000 1.121
7610.000 1.101
7615.000 1.118
7620.000 1.107
7625.000 1.048
7630.000 1.021
7635.000 1.033
7640.000 1.058
7645.000 1.060
7650.000 1.053
7655.000 1.067
7660.000 1.065
7665.000 1.078
7670.000 1.084
7675.000 1.084
7680.000 1.105
7685.000 1.119
7690.000 1.118
7695.000 1.131
7700.000 1.124
7705.000 1.124
7710.000 1.122
7715.000 1.144
7720.000 1.122
7725.000 1.138
7730.000 1.097
7735.000 1.143
7740.000 1.137
7745.000 1.136
7750.000 1.127
7755.000 1.127
7760.000 1.148
7765.000 1.148
7770.000 1.143
7775.000 1.149
7780.000 1.146
7785.000 1.139
7790.000 1.155
7795.000 1.139
7800.000 1.134
7805.000 1.158
7810.000 1.141
7815.000 1.148
7820.000 1.138
7825.000 1.141
7830.000 1.145
7835.000 1.142
7840.000 1.145
7845.000 1.156
7850.000 1.154
7855.000 1.141
7860.000 1.159
7865.000 1.160
7870.000 1.161
7875.000 1.153
7880.000 1.160
7885.000 1.159
7890.000 1.145
7895.000 1.150
7900.000 1.149
7905.000 1.155
7910.000 1.154
7915.000 1.160
7920.000 1.156
7925.000 1.156
7930.000 1.174
7935.000 1.163
7940.000 1.168
7945.000 1.148
7950.000 1.160
7955.000 1.155
7960.000 1.174
7965.000 1.171
7970.000 1.166
7975.000 1.166
7980.000 1.161
7985.000 1.162
7990.000 1.171
7995.000 1.177
8000.000 1.185
8005.000 1.188
8010.000 1.180
8015.000 1.181
8020.000 1.180
8025.000 1.177
8030.000 1.175
8035.000 1.173
8040.000 1.181
8045.000 1.180
8050.000 1.191
8055.000 1.185
8060.000 1.178
8065.000 1.178
8070.000 1.180
8075.000 1.177
8080.000 1.186
8085.000 1.191
8090.000 1.188
8095.000 1.207
8100.000 1.204
8105.000 1.209
8110.000 1.191
8115.000 1.207
8120.000 1.216
8125.000 1.209
8130.000 1.223
8135.000 1.223
8140.000 1.226
8145.000 1.227
8150.000 1.230
8155.000 1.228
8160.000 1.235
8165.000 1.229
8170.000 1.232
8175.000 1.236
8180.000 1.253
8185.000 1.250
8190.000 1.247
8195.000 1.240
8200.000 1.251
8205.000 1.264
8210.000 1.255
8215.000 1.254
8220.000 1.249
8225.000 1.252
8230.000 1.270
8235.000 1.276
8240.000 1.276
8245.000 1.281
8250.000 1.278
8255.000 1.279
8260.000 1.279
8265.000 1.288
8270.000 1.275
8275.000 1.289
8280.000 1.289
8285.000 1.291
8290.000 1.289
8295.000 1.288
8300.000 1.294
8305.000 1.302
8310.000 1.303
8315.000 1.320
8320.000 1.298
8325.000 1.323
8330.000 1.314
8335.000 1.346
8340.000 1.345
8345.000 1.353
8350.000 1.344
8355.000 1.357
8360.000 1.369
8365.000 1.371
8370.000 1.381
8375.000 1.386
8380.000 1.366
8385.000 1.386
8390.000 1.389
8395.000 1.394
8400.000 1.397
8405.000 1.395
8410.000 1.415
8415.000 1.416
8420.000 1.416
8425.000 1.425
8430.000 1.423
8435.000 1.423
8440.000 1.437
8445.000 1.437
8450.000 1.425
8455.000 1.427
8460.000 1.429
8465.000 1.428
8470.000 1.435
8475.000 1.435
8480.000 1.432
8485.000 1.436
8490.000 1.439
8495.000 1.428
8500.000 1.439
8505.000 1.437
8510.000 1.444
8515.000 1.447
8520.000 1.443
8525.000 1.425
8530.000 1.439
8535.000 1.455
8540.000 1.463
8545.000 1.465
8550.000 1.461
8555.000 1.463
8560.000 1.463
8565.000 1.463
8570.000 1.472
8575.000 1.459
8580.000 1.447
8585.000 1.463
8590.000 1.467
8595.000 1.478
8600.000 1.473
8605.000 1.462
8610.000 1.448
8615.000 1.476
8620.000 1.493
8625.000 1.471
8630.000 1.475
8635.000 1.483
8640.000 1.478
8645.000 1.489
8650.000 1.496
8655.000 1.491
8660.000 1.487
8665.000 1.499
8670.000 1.506
8675.000 1.493
8680.000 1.503
8685.000 1.519
8690.000 1.529
8695.000 1.528
8700.000 1.526
8705.000 1.545
8710.000 1.536
8715.000 1.525
8720.000 1.513
8725.000 1.524
8730.000 1.501
8735.000 1.500
8740.000 1.480
8745.000 1.499
8750.000 1.487
8755.000 1.526
8760.000 1.552
8765.000 1.578
8770.000 1.571
8775.000 1.565
8780.000 1.558
8785.000 1.566
8790.000 1.558
8795.000 1.551
8800.000 1.540
8805.000 1.527
8810.000 1.555
8815.000 1.555
8820.000 1.548
8825.000 1.533
8830.000 1.564
8835.000 1.565
8840.000 1.558
8845.000 1.565
8850.000 1.572
8855.000 1.573
8860.000 1.578
8865.000 1.566
8870.000 1.576
8875.000 1.578
8880.000 1.599
8885.000 1.600
8890.000 1.591
8895.000 1.589
8900.000 1.588
8905.000 1.593
8910.000 1.604
8915.000 1.612
8920.000 1.602
8925.000 1.625
8930.000 1.606
8935.000 1.597
8940.000 1.611
8945.000 1.614
8950.000 1.604
8955.000 1.613
8960.000 1.619
8965.000 1.620
8970.000 1.613
8975.000 1.613
8980.000 1.612
8985.000 1.629
8990.000 1.627
8995.000 1.627
9000.000 1.624
9005.000 1.621
9010.000 1.604
9015.000 1.591
9020.000 1.640
9025.000 1.621
9030.000 1.611
9035.000 1.608
9040.000 1.587
9045.000 1.615
9050.000 1.641
9055.000 1.609
9060.000 1.617
9065.000 1.616
9070.000 1.609
9075.000 1.619
9080.000 1.623
9085.000 1.609
9090.000 1.628
9095.000 1.609
9100.000 1.619
9105.000 1.614
9110.000 1.629
9115.000 1.629
9120.000 1.614
9125.000 1.609
9130.000 1.608
9135.000 1.604
9140.000 1.613
9145.000 1.628
9150.000 1.634
9155.000 1.636
9160.000 1.626
9165.000 1.613
9170.000 1.621
9175.000 1.610
9180.000 1.598
9185.000 1.621
9190.000 1.602
9195.000 1.618
9200.000 1.610
9205.000 1.598
9210.000 1.604
9215.000 1.611
9220.000 1.594
9225.000 1.605
9230.000 1.616
9235.000 1.593
9240.000 1.590
9245.000 1.603
9250.000 1.619
9255.000 1.626
9260.000 1.622
9265.000 1.615
9270.000 1.616
9275.000 1.611
9280.000 1.606
9285.000 1.619
9290.000 1.625
9295.000 1.604
9300.000 1.610
9305.000 1.607
9310.000 1.605
9315.000 1.603
9320.000 1.590
9325.000 1.600
9330.000 1.616
9335.000 1.619
9340.000 1.626
9345.000 1.617
9350.000 1.606
9355.000 1.617
9360.000 1.607
9365.000 1.610
9370.000 1.599
9375.000 1.613
9380.000 1.627
9385.000 1.636
9390.000 1.601
9395.000 1.623
9400.000 1.618
9405.000 1.614
9410.000 1.596
9415.000 1.611
9420.000 1.598
9425.000 1.610
9430.000 1.600
9435.000 1.611
9440.000 1.618
9445.000 1.612
9450.000 1.603
9455.000 1.596
9460.000 1.606
9465.000 1.606
9470.000 1.606
9475.000 1.594
9480.000 1.602
9485.000 1.596
9490.000 1.622
9495.000 1.606
9500.000 1.608
9505.000 1.601
9510.000 1.580
9515.000 1.593
9520.000 1.591
9525.000 1.599
9530.000 1.612
9535.000 1.621
9540.000 1.629
9545.000 1.620
9550.000 1.607
9555.000 1.608
9560.000 1.613
9565.000 1.587
9570.000 1.604
9575.000 1.595
9580.000 1.598
9585.000 1.610
9590.000 1.591
9595.000 1.598
9600.000 1.605
9605.000 1.596
9610.000 1.604
9615.000 1.608
9620.000 1.612
9625.000 1.591
9630.000 1.580
9635.000 1.603
9640.000 1.607
9645.000 1.596
9650.000 1.613
9655.000 1.594
9660.000 1.627
9665.000 1.602
9670.000 1.595
9675.000 1.584
9680.000 1.597
9685.000 1.598
9690.000 1.629
9695.000 1.598
9700.000 1.604
9705.000 1.590
9710.000 1.607
9715.000 1.599
9720.000 1.591
9725.000 1.616
9730.000 1.593
9735.000 1.616
9740.000 1.624
9745.000 1.607
9750.000 1.610
9755.000 1.608
9760.000 1.637
9765.000 1.626
9770.000 1.629
9775.000 1.630
9780.000 1.626
9785.000 1.622
9790.000 1.634
9795.000 1.614
9800.000 1.625
9805.000 1.621
9810.000 1.623
9815.000 1.624
9820.000 1.622
9825.000 1.626
9830.000 1.639
9835.000 1.623
9840.000 1.635
9845.000 1.643
9850.000 1.647
9855.000 1.653
9860.000 1.655
9865.000 1.672
9870.000 1.655
9875.000 1.663
9880.000 1.679
9885.000 1.696
9890.000 1.699
9895.000 1.690
9900.000 1.695
9905.000 1.698
9910.000 1.704
9915.000 1.733
9920.000 1.734
9925.000 1.735
9930.000 1.724
9935.000 1.751
9940.000 1.780
9945.000 1.802
9950.000 1.790
9955.000 1.794
9960.000 1.800
9965.000 1.822
9970.000 1.845
9975.000 1.858
9980.000 1.901
9985.000 1.908
9990.000 1.941
9995.000 1.942
10000.000 1.991
10005.000 2.027
10010.000 2.057
10015.000 2.107
10020.000 2.134
10025.000 2.202
10030.000 2.235
10035.000 2.306
10040.000 2.389
10045.000 2.425
10050.000 2.543
10055.000 2.693
10060.000 2.781
10065.000 2.924
10070.000 3.029
10075.000 3.214
10080.000 3.474
10085.000 3.615
10090.000 3.996
10095.000 4.194
10100.000 4.714
10105.000 5.412
10110.000 5.833
10115.000 6.966
10120.000 7.661
10125.000 9.418
10130.000 11.790
10135.000 13.217
10140.000 16.463
10145.000 18.207
10150.000 21.741
10155.000 24.705
10160.000 25.853
10165.000 26.825
10170.000 26.609
10175.000 24.896
10180.000 22.345
10185.000 21.038
10190.000 18.837
10195.000 17.905
10200.000 16.371
10205.000 15.288
10210.000 14.934
10215.000 14.589
10220.000 14.613
10225.000 15.050
10230.000 16.044
10235.000 16.715
10240.000 18.411
10245.000 19.324
10250.000 21.555
10255.000 23.804
10260.000 24.611
10265.000 25.395
10270.000 25.165
10275.000 23.395
10280.000 20.901
10285.000 19.595
10290.000 17.247
10295.000 16.630
10300.000 15.206
10305.000 14.172
10310.000 13.743
10315.000 13.062
10320.000 12.774
10330.000 12.947
10335.000 12.440
10340.000 11.722
10345.000 11.570
10350.000 11.507
10355.000 11.457
10360.000 11.460
10365.000 11.533
10370.000 11.589
10375.000 11.775
10380.000 12.081
10385.000 12.249
10390.000 12.726
10395.000 13.280
10400.000 13.598
10405.000 14.375
10410.000 14.830
10415.000 15.643
10420.000 17.418
10425.000 17.500
10430.000 19.596
10435.000 20.241
10440.000 20.901
10445.000 20.286
10450.000 19.631
10455.000 17.988
10460.000 17.027
10465.000 15.029
10470.000 13.305
10475.000 12.380
10480.000 11.000
10485.000 10.397
10490.000 9.371
10495.000 8.469
10500.000 8.060
10505.000 7.450
10510.000 7.161
10515.000 6.662
10520.000 6.252
10525.000 6.096
10530.000 5.796
10535.000 5.660
10540.000 5.430
10545.000 5.290
10550.000 5.213
10555.000 5.137
10560.000 5.120
10565.000 5.105
10570.000 5.167
10575.000 5.190
10580.000 5.290
10585.000 5.373
10590.000 5.575
10595.000 5.797
10600.000 5.941
10605.000 6.212
10610.000 6.302
10615.000 6.311
10620.000 5.987
10625.000 5.713
10630.000 5.046
10635.000 4.678
10640.000 4.075
10645.000 3.539
10650.000 3.344
10655.000 2.942
10660.000 2.795
10665.000 2.495
10670.000 2.281
10675.000 2.203
10680.000 2.031
10685.000 1.976
10690.000 1.877
10695.000 1.796
10700.000 1.770
10705.000 1.711
10710.000 1.680
10715.000 1.617
10720.000 1.587
10725.000 1.562
10730.000 1.528
10735.000 1.516
10740.000 1.495
10745.000 1.478
10750.000 1.467
10755.000 1.455
10760.000 1.441
10765.000 1.426
10770.000 1.421
10775.000 1.415
10780.000 1.408
10785.000 1.400
10790.000 1.388
10795.000 1.399
10800.000 1.392
10805.000 1.388
10810.000 1.379
10815.000 1.371
10820.000 1.365
10825.000 1.363
10830.000 1.352
10835.000 1.356
10840.000 1.345
10845.000 1.327
10850.000 1.315
10855.000 1.288
10860.000 1.304
10865.000 1.289
10870.000 1.295
10875.000 1.290
10880.000 1.304
10885.000 1.296
10890.000 1.292
10895.000 1.302
10900.000 1.292
10905.000 1.285
10910.000 1.287
10915.000 1.292
10920.000 1.293
10925.000 1.297
10930.000 1.290
10935.000 1.309
10940.000 1.287
10945.000 1.295
10950.000 1.302
10955.000 1.292
10960.000 1.292
10965.000 1.302
10970.000 1.287
10975.000 1.299
10980.000 1.293
10985.000 1.298
10990.000 1.302
10995.000 1.296
11000.000 1.305
11005.000 1.299
11010.000 1.302
11015.000 1.307
11020.000 1.306
11025.000 1.319
11030.000 1.325
11035.000 1.315
11040.000 1.308
11045.000 1.314
11050.000 1.305
11055.000 1.311
11060.000 1.302
11065.000 1.312
11070.000 1.297
11075.000 1.300
11080.000 1.304
11085.000 1.306
11090.000 1.287
11095.000 1.299
11100.000 1.286
11105.000 1.285
11110.000 1.299
11115.000 1.277
11120.000 1.281
11125.000 1.286
11130.000 1.286
11135.000 1.287
11140.000 1.285
11145.000 1.294
11150.000 1.303
11155.000 1.295
11160.000 1.298
11165.000 1.308
11170.000 1.292
11175.000 1.296
11180.000 1.282
11185.000 1.289
11190.000 1.306
11195.000 1.301
11200.000 1.305
11205.000 1.313
11210.000 1.311
11215.000 1.330
11220.000 1.332
11225.000 1.329
11230.000 1.332
11235.000 1.326
11240.000 1.312
11245.000 1.313
11250.000 1.327
11255.000 1.325
11260.000 1.317
11265.000 1.324
11270.000 1.316
11275.000 1.326
11280.000 1.324
11285.000 1.319
11290.000 1.319
11295.000 1.332
11300.000 1.325
11305.000 1.343
11310.000 1.339
11315.000 1.333
11320.000 1.329
11325.000 1.358
11330.000 1.341
11335.000 1.351
11340.000 1.307
11345.000 1.314
11350.000 1.319
11355.000 1.320
11360.000 1.351
11365.000 1.350
11370.000 1.354
11375.000 1.359
11380.000 1.368
11385.000 1.359
11390.000 1.371
11395.000 1.379
11400.000 1.382
11405.000 1.377
11410.000 1.377
11415.000 1.384
11420.000 1.369
11425.000 1.377
11430.000 1.394
11435.000 1.379
11440.000 1.392
11445.000 1.394
11450.000 1.398
11455.000 1.397
11460.000 1.415
11465.000 1.405
11470.000 1.414
11475.000 1.411
11480.000 1.417
11485.000 1.419
11490.000 1.404
11495.000 1.427
11500.000 1.441
11505.000 1.442
11510.000 1.435
11515.000 1.433
11520.000 1.436
11525.000 1.445
11530.000 1.430
11535.000 1.414
11540.000 1.415
11545.000 1.421
11550.000 1.415
11555.000 1.427
11560.000 1.416
11565.000 1.389
11570.000 1.398
11575.000 1.398
11580.000 1.403
11585.000 1.410
11590.000 1.416
11595.000 1.412
11600.000 1.411
11605.000 1.399
11610.000 1.408
11615.000 1.392
11620.000 1.411
11625.000 1.416
11630.000 1.414
11635.000 1.401
11640.000 1.399
11645.000 1.400
11650.000 1.418
11655.000 1.409
11660.000 1.424
11665.000 1.406
11670.000 1.404
11675.000 1.397
11680.000 1.401
11685.000 1.402
11690.000 1.410
11695.000 1.405
11700.000 1.403
11705.000 1.408
11710.000 1.402
11715.000 1.400
11720.000 1.398
11725.000 1.397
11730.000 1.398
11735.000 1.391
11740.000 1.378
11745.000 1.392
11750.000 1.398
11755.000 1.416
11760.000 1.390
11765.000 1.388
11770.000 1.376
11775.000 1.383
11780.000 1.398
11785.000 1.394
11790.000 1.378
11795.000 1.391
11800.000 1.396
11805.000 1.384
11810.000 1.376
11815.000 1.387
11820.000 1.391
11825.000 1.373
11830.000 1.387
11835.000 1.372
11840.000 1.398
11845.000 1.379
11850.000 1.368
11855.000 1.381
11860.000 1.385
11865.000 1.379
11870.000 1.387
11875.000 1.371
11880.000 1.378
11885.000 1.354
11890.000 1.382
11895.000 1.362
11900.000 1.365
11905.000 1.366
11910.000 1.372
11915.000 1.369
11920.000 1.360
11925.000 1.366
11930.000 1.355
11935.000 1.366
11940.000 1.360
11945.000 1.372
11950.000 1.359
11955.000 1.358
11960.000 1.359
11965.000 1.351
11970.000 1.353
11975.000 1.345
11980.000 1.352
11985.000 1.357
11990.000 1.378
11995.000 1.372
12000.000 1.332
