105.000 0.091
110.000 0.728
115.000 1.030
120.000 1.283
125.000 1.359
130.000 1.621
135.000 1.812
140.000 1.850
145.000 1.968
150.000 1.964
155.000 1.941
160.000 1.962
165.000 1.804
170.000 1.767
175.000 1.785
180.000 1.723
185.000 1.787
190.000 1.767
195.000 1.776
200.000 1.831
205.000 1.806
210.000 1.901
215.000 2.031
220.000 2.141
225.000 2.098
230.000 2.234
235.000 2.329
240.000 2.353
245.000 2.552
250.000 2.566
255.000 2.913
260.000 2.959
265.000 3.226
270.000 3.292
275.000 3.619
280.000 3.847
285.000 4.219
290.000 4.468
295.000 4.818
300.000 5.246
305.000 5.573
310.000 6.316
315.000 6.812
320.000 8.512
325.000 9.103
330.000 8.439
335.000 9.595
340.000 9.395
345.000 10.503
350.000 11.124
355.000 11.549
360.000 12.291
365.000 12.846
370.000 13.270
375.000 14.781
380.000 14.989
390.000 16.830
395.000 17.893
400.000 18.289
405.000 19.665
410.000 20.290
415.000 21.931
420.000 23.854
425.000 24.743
430.000 26.659
435.000 27.682
440.000 29.210
445.000 29.991
455.000 28.233
460.000 27.693
465.000 25.697
470.000 23.414
475.000 22.487
480.000 20.338
485.000 19.272
490.000 17.480
495.000 15.909
500.000 15.293
505.000 14.174
510.000 13.696
515.000 13.230
520.000 12.777
525.000 12.744
530.000 12.552
535.000 12.301
540.000 12.106
545.000 11.867
550.000 11.774
555.000 11.582
560.000 11.478
565.000 11.370
570.000 11.163
575.000 11.032
580.000 11.040
585.000 10.957
590.000 10.907
595.000 10.649
600.000 10.494
605.000 10.565
610.000 10.428
615.000 10.406
620.000 10.144
625.000 10.206
630.000 10.013
635.000 10.011
640.000 9.762
645.000 9.825
650.000 9.757
655.000 9.636
660.000 9.673
665.000 9.691
670.000 9.724
675.000 9.804
680.000 9.898
685.000 9.913
690.000 10.181
695.000 10.234
700.000 10.488
705.000 10.499
710.000 10.551
715.000 10.852
720.000 10.858
725.000 11.014
730.000 11.246
735.000 11.622
740.000 11.676
745.000 11.430
750.000 11.523
755.000 11.502
760.000 11.434
765.000 10.908
770.000 10.928
775.000 10.365
780.000 9.609
785.000 9.357
790.000 8.512
795.000 8.159
800.000 7.324
805.000 6.558
810.000 6.267
815.000 5.781
820.000 5.609
825.000 5.102
830.000 4.649
835.000 4.405
840.000 3.993
845.000 3.858
850.000 3.476
855.000 3.117
860.000 2.971
865.000 2.590
870.000 2.413
875.000 2.205
880.000 2.043
885.000 1.925
890.000 1.741
895.000 1.674
900.000 1.562
905.000 1.476
910.000 1.368
915.000 1.311
920.000 1.280
925.000 1.200
930.000 1.160
935.000 1.144
940.000 1.029
945.000 1.044
950.000 1.061
955.000 1.041
960.000 1.036
965.000 1.045
970.000 1.024
975.000 1.074
980.000 1.091
985.000 1.080
990.000 1.084
995.000 1.055
1000.000 1.056
1005.000 1.131
1010.000 1.162
1015.000 1.153
1020.000 1.177
1025.000 1.144
1030.000 1.240
1035.000 1.176
1040.000 1.216
1045.000 1.273
1050.000 1.247
1055.000 1.277
1060.000 1.248
1065.000 1.218
1070.000 1.255
1075.000 1.194
1080.000 1.294
1085.000 1.297
1090.000 1.320
1095.000 1.285
1100.000 1.367
1105.000 1.351
1110.000 1.400
1115.000 1.401
1120.000 1.416
1125.000 1.469
1130.000 1.495
1135.000 1.527
1140.000 1.526
1145.000 1.537
1150.000 1.600
1155.000 1.627
1160.000 1.627
1165.000 1.673
1170.000 1.695
1175.000 1.753
1180.000 1.783
1185.000 1.836
1190.000 1.894
1195.000 1.919
1200.000 1.931
1205.000 1.967
1210.000 2.018
1215.000 2.115
1220.000 2.173
1225.000 2.201
1230.000 2.236
1235.000 2.328
1240.000 2.378
1245.000 2.484
1250.000 2.623
1255.000 2.698
1260.000 2.750
1265.000 2.917
1270.000 3.029
1275.000 3.169
1280.000 3.273
1285.000 3.487
1290.000 3.655
1295.000 3.740
1300.000 3.927
1305.000 3.983
1310.000 4.101
1315.000 4.247
1320.000 4.366
1325.000 4.508
1330.000 4.575
1335.000 4.873
1340.000 5.080
1345.000 5.162
1350.000 5.499
1355.000 5.670
1360.000 6.044
1365.000 6.384
1370.000 6.542
1375.000 7.085
1380.000 7.348
1385.000 7.920
1390.000 8.686
1395.000 9.151
1400.000 10.121
1405.000 10.630
1410.000 11.739
1415.000 13.127
1420.000 13.894
1425.000 15.490
1430.000 16.343
1435.000 18.012
1440.000 19.213
1445.000 19.613
1450.000 19.675
1455.000 19.382
1460.000 17.925
1465.000 16.272
1470.000 15.465
1475.000 13.854
1480.000 13.053
1485.000 11.798
1490.000 10.768
1495.000 10.387
1500.000 9.614
1505.000 9.282
1510.000 8.716
1515.000 8.160
1520.000 7.941
1525.000 7.492
1530.000 7.292
1535.000 6.956
1540.000 6.551
1545.000 6.401
1550.000 6.129
1555.000 6.008
1560.000 5.748
1565.000 5.469
1570.000 5.397
1575.000 5.155
1580.000 5.062
1585.000 4.899
1590.000 4.688
1595.000 4.698
1600.000 4.523
1605.000 4.420
1610.000 4.298
1615.000 4.119
1620.000 4.054
1625.000 3.906
1630.000 3.838
1635.000 3.670
1640.000 3.504
1645.000 3.414
1650.000 3.253
1655.000 3.168
1660.000 2.974
1665.000 2.816
1670.000 2.755
1675.000 2.585
1680.000 2.512
1685.000 2.400
1690.000 2.316
1695.000 2.332
1700.000 2.302
1705.000 2.304
1710.000 2.398
1715.000 2.637
1720.000 2.677
1725.000 2.858
1730.000 2.974
1735.000 3.306
1740.000 3.591
1745.000 3.736
1750.000 3.991
1755.000 4.140
1760.000 4.349
1765.000 4.561
1770.000 4.614
1775.000 4.811
1780.000 4.854
1785.000 5.071
1790.000 5.188
1795.000 5.363
1800.000 5.513
1805.000 5.592
1810.000 5.767
1815.000 5.870
1820.000 6.076
1825.000 6.209
1830.000 6.275
1835.000 6.454
1840.000 6.533
1845.000 6.770
1850.000 7.005
1855.000 7.110
1860.000 7.283
1865.000 7.426
1870.000 7.641
1875.000 7.889
1880.000 8.039
1885.000 8.309
1890.000 8.475
1895.000 8.696
1900.000 9.033
1905.000 9.085
1910.000 9.362
1915.000 9.500
1920.000 9.777
1925.000 10.112
1930.000 10.251
1935.000 10.584
1940.000 10.794
1945.000 11.075
1950.000 11.428
1955.000 11.591
1960.000 12.035
1965.000 12.376
1970.000 12.702
1975.000 13.131
1980.000 13.348
1985.000 13.849
1990.000 14.093
1995.000 14.596
2000.000 15.157
2005.000 15.454
2010.000 16.113
2015.000 16.433
2020.000 17.134
2025.000 17.902
2030.000 18.415
2035.000 19.312
2040.000 19.954
2045.000 20.981
2050.000 22.274
2055.000 22.902
2060.000 24.090
2065.000 24.671
2070.000 26.014
2075.000 27.870
2080.000 28.412
2085.000 29.704
2090.000 30.327
2095.000 31.391
2100.000 32.257
2105.000 32.608
2110.000 32.887
2115.000 32.968
2120.000 32.379
2125.000 31.020
2130.000 30.151
2135.000 28.377
2140.000 27.457
2145.000 25.650
2150.000 23.715
2155.000 22.784
2160.000 20.975
2165.000 20.120
2170.000 18.404
2175.000 16.853
2180.000 16.175
2185.000 14.983
2190.000 14.441
2195.000 13.441
2200.000 12.554
2205.000 12.174
2210.000 11.353
2215.000 10.936
2220.000 10.304
2225.000 9.686
2230.000 9.380
2235.000 8.806
2240.000 8.512
2245.000 7.985
2250.000 7.593
2255.000 7.327
2260.000 6.862
2265.000 6.637
2270.000 6.406
2275.000 5.749
2280.000 5.435
2285.000 4.935
2290.000 4.709
2295.000 4.317
2300.000 3.941
2305.000 3.881
2310.000 3.533
2315.000 3.417
2320.000 3.179
2325.000 2.935
2330.000 2.844
2335.000 2.657
2340.000 2.593
2345.000 2.442
2350.000 2.263
2355.000 2.201
2360.000 2.074
2365.000 2.003
2370.000 1.917
2375.000 1.839
2380.000 1.730
2385.000 1.651
2390.000 1.601
2395.000 1.520
2400.000 1.539
2405.000 1.493
2410.000 1.393
2415.000 1.366
2420.000 1.282
2425.000 1.237
2430.000 1.168
2435.000 1.102
2440.000 1.059
2445.000 1.013
2450.000 0.975
2455.000 0.935
2460.000 0.891
2465.000 0.863
2470.000 0.820
2475.000 0.805
2480.000 0.762
2485.000 0.733
2490.000 0.691
2495.000 0.666
2500.000 0.643
2505.000 0.617
2510.000 0.579
2515.000 0.572
2520.000 0.515
2525.000 0.506
2530.000 0.488
2535.000 0.465
2540.000 0.462
2545.000 0.430
2550.000 0.439
2555.000 0.389
2560.000 0.387
2565.000 0.355
2570.000 0.342
2575.000 0.351
2580.000 0.320
2585.000 0.314
2590.000 0.290
2595.000 0.284
2600.000 0.266
2605.000 0.262
2610.000 0.231
2615.000 0.230
2620.000 0.232
2625.000 0.213
2630.000 0.203
2635.000 0.183
2640.000 0.184
2645.000 0.174
2650.000 0.169
2655.000 0.170
2660.000 0.149
2665.000 0.136
2670.000 0.135
2675.000 0.130
2680.000 0.131
2685.000 0.118
2690.000 0.110
2695.000 0.116
2700.000 0.100
2705.000 0.092
2710.000 0.093
2715.000 0.086
2720.000 0.105
2725.000 0.097
2730.000 0.082
2735.000 0.066
2740.000 0.073
2745.000 0.079
2750.000 0.059
2755.000 0.065
2760.000 0.069
2765.000 0.063
2770.000 0.068
2775.000 0.054
2780.000 0.067
2785.000 0.061
2790.000 0.057
2795.000 0.055
2800.000 0.044
2805.000 0.043
2810.000 0.042
2815.000 0.048
2820.000 0.030
2825.000 0.048
2830.000 0.039
2835.000 0.032
2840.000 0.036
2845.000 0.035
2850.000 0.038
2855.000 0.040
2860.000 0.054
2865.000 0.034
2870.000 0.048
2875.000 0.046
2880.000 0.017
2885.000 0.029
2890.000 0.021
2895.000 0.017
2900.000 0.022
2905.000 0.045
2910.000 0.084
2915.000 0.055
2920.000 0.037
2925.000 0.046
2930.000 0.042
2935.000 0.078
2940.000 0.066
2945.000 0.063
2950.000 0.045
2955.000 0.069
2960.000 0.083
2965.000 0.102
2970.000 0.095
2975.000 0.106
2980.000 0.108
2985.000 0.094
2990.000 0.132
2995.000 0.136
3000.000 0.162
3005.000 0.180
3010.000 0.164
3015.000 0.177
3020.000 0.171
3025.000 0.208
3030.000 0.192
3035.000 0.260
3040.000 0.266
3045.000 0.236
3050.000 0.285
3055.000 0.288
3060.000 0.293
3065.000 0.325
3070.000 0.368
3075.000 0.369
3080.000 0.392
3085.000 0.403
3090.000 0.429
3095.000 0.484
3100.000 0.511
3105.000 0.522
3110.000 0.543
3115.000 0.585
3120.000 0.622
3125.000 0.660
3130.000 0.726
3135.000 0.764
3140.000 0.827
3145.000 0.909
3150.000 0.920
3155.000 1.006
3160.000 1.044
3165.000 1.134
3170.000 1.205
3175.000 1.237
3180.000 1.322
3185.000 1.395
3190.000 1.456
3195.000 1.522
3200.000 1.572
3205.000 1.669
3210.000 1.750
3215.000 1.855
3220.000 2.023
3225.000 2.087
3230.000 2.282
3235.000 2.372
3240.000 2.603
3245.000 2.931
3250.000 3.102
3255.000 3.466
3260.000 3.730
3265.000 4.124
3270.000 4.585
3275.000 4.790
3280.000 5.355
3285.000 5.669
3290.000 6.436
3295.000 7.406
3300.000 7.928
3305.000 9.109
3310.000 9.866
3315.000 11.719
3320.000 14.139
3325.000 15.568
3330.000 18.712
3335.000 20.596
3340.000 25.009
3345.000 29.872
3350.000 32.589
3355.000 37.954
3360.000 40.275
3365.000 43.872
3370.000 46.009
3375.000 46.197
3380.000 44.930
3385.000 42.734
3390.000 36.673
3395.000 30.268
3400.000 27.227
3405.000 21.967
3410.000 19.832
3415.000 16.523
3420.000 14.255
3425.000 13.368
3430.000 11.968
3435.000 11.360
3440.000 10.473
3445.000 9.989
3450.000 9.780
3455.000 9.492
3460.000 9.338
3465.000 9.075
3470.000 8.869
3475.000 8.811
3480.000 8.615
3485.000 8.545
3490.000 8.357
3495.000 8.153
3500.000 8.264
3505.000 8.135
3510.000 8.158
3515.000 8.011
3520.000 8.025
3525.000 8.008
3530.000 7.948
3535.000 8.019
3540.000 7.733
3545.000 7.656
3550.000 7.484
3555.000 8.071
3560.000 7.464
3565.000 7.512
3570.000 7.378
3575.000 7.849
3580.000 7.365
3585.000 7.057
3590.000 7.804
3595.000 7.745
3600.000 8.155
3605.000 8.050
3610.000 8.090
3615.000 8.143
3620.000 7.774
3625.000 7.915
3630.000 7.959
3635.000 7.995
3640.000 8.175
3645.000 8.193
3650.000 8.472
3655.000 8.709
3660.000 8.774
3665.000 8.965
3670.000 9.016
3675.000 9.257
3680.000 9.596
3685.000 9.756
3690.000 10.086
3695.000 10.272
3700.000 10.659
3705.000 11.050
3710.000 11.307
3715.000 11.864
3720.000 12.212
3725.000 12.867
3730.000 13.756
3735.000 14.268
3740.000 15.395
3745.000 16.089
3750.000 17.935
3755.000 20.546
3760.000 22.195
3765.000 25.774
3770.000 27.535
3775.000 30.802
3780.000 33.396
3785.000 34.166
3790.000 34.329
3795.000 33.477
3800.000 29.583
3805.000 25.013
3810.000 22.794
3815.000 18.942
3820.000 17.356
3825.000 14.710
3830.000 12.980
3835.000 12.305
3840.000 11.299
3845.000 10.732
3850.000 9.774
3855.000 8.988
3860.000 8.683
3865.000 7.988
3870.000 7.726
3875.000 7.227
3880.000 6.926
3885.000 6.429
3890.000 5.959
3895.000 5.733
3900.000 5.381
3905.000 5.221
3910.000 4.870
3915.000 4.450
3920.000 4.238
3925.000 3.855
3930.000 3.702
3935.000 3.402
3940.000 3.171
3945.000 3.032
3950.000 2.829
3955.000 2.717
3960.000 2.562
3965.000 2.436
3970.000 2.375
3975.000 2.269
3980.000 2.203
3985.000 2.095
3990.000 1.985
3995.000 1.964
4000.000 1.904
4005.000 1.836
4010.000 1.773
4015.000 1.720
4020.000 1.709
4025.000 1.644
4030.000 1.581
4035.000 1.598
4040.000 1.566
4045.000 1.585
4050.000 1.520
4055.000 1.486
4060.000 1.454
4065.000 1.399
4070.000 1.433
4075.000 1.375
4080.000 1.375
4085.000 1.374
4090.000 1.364
4095.000 1.346
4100.000 1.322
4105.000 1.313
4110.000 1.323
4115.000 1.314
4120.000 1.316
4125.000 1.312
4130.000 1.282
4135.000 1.292
4140.000 1.285
4145.000 1.293
4150.000 1.283
4155.000 1.325
4160.000 1.333
4165.000 1.353
4170.000 1.371
4175.000 1.399
4180.000 1.401
4185.000 1.433
4190.000 1.450
4195.000 1.497
4200.000 1.533
4205.000 1.553
4210.000 1.611
4215.000 1.662
4220.000 1.710
4225.000 1.783
4230.000 1.814
4235.000 1.899
4240.000 1.996
4245.000 2.087
4250.000 2.204
4255.000 2.275
4260.000 2.451
4265.000 2.711
4270.000 2.853
4275.000 3.107
4280.000 3.274
4285.000 3.493
4290.000 3.727
4295.000 3.916
4300.000 4.280
4305.000 4.424
4310.000 4.772
4315.000 5.093
4320.000 5.254
4325.000 5.751
4330.000 6.016
4335.000 11.449
4340.000 12.633
4345.000 12.943
4350.000 12.777
4355.000 12.897
4360.000 14.498
4365.000 18.109
4370.000 20.265
4375.000 24.777
4380.000 26.868
4385.000 30.137
4390.000 31.083
4395.000 30.358
4400.000 25.851
4405.000 23.166
4410.000 18.337
4415.000 14.585
4425.000 17.022
4430.000 13.649
4435.000 12.296
4440.000 10.139
4445.000 9.265
4450.000 7.977
4455.000 7.002
4460.000 6.640
4465.000 6.064
4470.000 5.863
4480.000 6.461
4490.000 5.443
4495.000 5.060
4505.000 7.761
4510.000 7.627
4515.000 6.450
4520.000 5.626
4525.000 5.304
4530.000 4.760
4535.000 4.384
4540.000 4.251
4545.000 4.080
4550.000 4.048
4555.000 3.941
4560.000 3.893
4565.000 3.838
4570.000 3.806
4575.000 3.791
4580.000 3.719
4585.000 3.713
4590.000 3.681
4595.000 3.664
4600.000 3.650
4605.000 3.642
4610.000 3.604
4615.000 3.600
4620.000 3.621
4625.000 3.612
4630.000 3.617
4635.000 3.631
4640.000 3.634
4645.000 3.650
4650.000 3.642
4655.000 3.657
4660.000 3.656
4665.000 3.698
4670.000 3.748
4675.000 3.770
4680.000 3.799
4685.000 3.806
4690.000 3.858
4695.000 3.886
4700.000 3.922
4705.000 3.961
4710.000 3.979
4715.000 4.039
4720.000 4.074
4725.000 4.116
4730.000 4.150
4735.000 4.175
4740.000 4.226
4745.000 4.222
4750.000 4.296
4755.000 4.333
4760.000 4.328
4765.000 4.364
4770.000 4.392
4775.000 4.421
4780.000 4.458
4785.000 4.455
4790.000 4.457
4795.000 4.484
4800.000 4.392
4805.000 4.405
4810.000 4.397
4815.000 4.416
4820.000 4.445
4825.000 4.482
4830.000 4.503
4835.000 4.552
4840.000 4.626
4845.000 4.660
4850.000 4.721
4855.000 4.914
4860.000 5.002
4865.000 5.174
4870.000 5.269
4875.000 5.607
4880.000 5.812
4885.000 6.282
4890.000 6.979
4895.000 7.459
4900.000 8.766
4905.000 9.671
4910.000 12.087
4915.000 15.524
4920.000 17.651
4925.000 21.922
4930.000 23.573
4935.000 24.677
4940.000 21.863
4945.000 19.525
4950.000 15.076
4955.000 13.239
4960.000 10.534
4965.000 8.650
4970.000 7.976
4975.000 6.834
4980.000 6.442
4985.000 5.876
4990.000 5.450
4995.000 5.309
5000.000 4.999
5005.000 4.886
5010.000 4.630
5015.000 4.427
5020.000 4.373
5025.000 4.167
5030.000 4.058
5035.000 3.885
5040.000 3.778
5045.000 3.716
5050.000 3.555
5055.000 3.368
5060.000 3.321
5065.000 3.219
5070.000 3.125
5075.000 3.018
5080.000 2.910
5085.000 2.822
5090.000 2.717
5095.000 2.644
5100.000 2.502
5105.000 2.430
5110.000 2.352
5115.000 2.226
5120.000 2.141
5125.000 1.985
5130.000 1.814
5135.000 1.731
5140.000 1.594
5145.000 1.521
5150.000 1.392
5155.000 1.267
5160.000 1.204
5165.000 1.102
5170.000 1.050
5175.000 0.937
5180.000 0.889
5185.000 0.807
5190.000 0.722
5195.000 0.675
5200.000 0.595
5205.000 0.573
5210.000 0.504
5215.000 0.437
5220.000 0.393
5225.000 0.349
5230.000 0.307
5235.000 0.253
5240.000 0.210
5245.000 0.191
5250.000 0.138
5255.000 0.116
5260.000 0.071
5265.000 0.049
5270.000 0.047
5275.000 0.075
5280.000 0.077
5285.000 0.119
5290.000 0.145
5295.000 0.161
5300.000 0.201
5305.000 0.204
5310.000 0.248
5315.000 0.259
5320.000 0.287
5325.000 0.307
5330.000 0.319
5335.000 0.346
5340.000 0.386
5345.000 0.397
5350.000 0.417
5355.000 0.435
5360.000 0.427
5365.000 0.480
5370.000 0.482
5375.000 0.496
5380.000 0.515
5385.000 0.538
5390.000 0.550
5395.000 0.569
5400.000 0.577
5405.000 0.590
5410.000 0.608
5415.000 0.632
5420.000 0.638
5425.000 0.660
5430.000 0.664
5435.000 0.675
5440.000 0.697
5445.000 0.716
5450.000 0.717
5455.000 0.733
5460.000 0.737
5465.000 0.763
5470.000 0.754
5475.000 0.784
5480.000 0.792
5485.000 0.815
5490.000 0.819
5495.000 0.839
5500.000 0.846
5505.000 0.854
5510.000 0.872
5515.000 0.882
5520.000 0.894
5525.000 0.913
5530.000 0.934
5535.000 0.914
5540.000 0.932
5545.000 0.942
5550.000 0.946
5555.000 0.983
5560.000 0.993
5565.000 0.998
5570.000 1.004
5575.000 1.012
5580.000 1.018
5585.000 1.019
5590.000 1.032
5595.000 1.046
5600.000 1.069
5605.000 1.098
5610.000 1.077
5615.000 1.084
5620.000 1.099
5625.000 1.112
5630.000 1.129
5635.000 1.146
5640.000 1.151
5645.000 1.142
5650.000 1.149
5655.000 1.168
5660.000 1.202
5665.000 1.170
5670.000 1.222
5675.000 1.202
5680.000 1.238
5685.000 1.209
5690.000 1.242
5695.000 1.236
5700.000 1.238
5705.000 1.236
5710.000 1.239
5715.000 1.247
5720.000 1.239
5725.000 1.240
5730.000 1.275
5735.000 1.294
5740.000 1.298
5745.000 1.276
5750.000 1.274
5755.000 1.294
5760.000 1.278
5765.000 1.269
5770.000 1.253
5775.000 1.261
5780.000 1.272
5785.000 1.280
5790.000 1.276
5795.000 1.273
5800.000 1.325
5805.000 1.323
5810.000 1.305
5815.000 1.317
5820.000 1.291
5825.000 1.310
5830.000 1.281
5835.000 1.289
5840.000 1.301
5845.000 1.305
5850.000 1.281
5855.000 1.297
5860.000 1.303
5865.000 1.303
5870.000 1.289
5875.000 1.302
5880.000 1.278
5885.000 1.292
5890.000 1.307
5895.000 1.287
5900.000 1.274
5905.000 1.297
5910.000 1.282
5915.000 1.306
5920.000 1.294
5925.000 1.317
5930.000 1.292
5935.000 1.301
5940.000 1.304
5945.000 1.288
5950.000 1.300
5955.000 1.316
5960.000 1.286
5965.000 1.303
5970.000 1.297
5975.000 1.293
5980.000 1.327
5985.000 1.283
5990.000 1.330
5995.000 1.283
6000.000 1.325
6005.000 1.311
6010.000 1.297
6015.000 1.320
6020.000 1.300
6025.000 1.296
6030.000 1.294
6035.000 1.321
6040.000 1.319
6045.000 1.312
6050.000 1.285
6055.000 1.275
6060.000 1.277
6065.000 1.304
6070.000 1.273
6075.000 1.282
6080.000 1.302
6085.000 1.289
6090.000 1.287
6095.000 1.291
6100.000 1.289
6105.000 1.283
6110.000 1.280
6115.000 1.286
6120.000 1.282
6125.000 1.279
6130.000 1.246
6135.000 1.270
6140.000 1.294
6145.000 1.284
6150.000 1.279
6155.000 1.276
6160.000 1.248
6165.000 1.248
6170.000 1.270
6175.000 1.272
6180.000 1.257
6185.000 1.238
6190.000 1.242
6195.000 1.259
6200.000 1.275
6205.000 1.252
6210.000 1.266
6215.000 1.283
6220.000 1.258
6225.000 1.233
6230.000 1.249
6235.000 1.231
6240.000 1.229
6245.000 1.242
6250.000 1.220
6255.000 1.241
6260.000 1.240
6265.000 1.241
6270.000 1.224
6275.000 1.243
6280.000 1.220
6285.000 1.223
6290.000 1.227
6295.000 1.212
6300.000 1.208
6305.000 1.212
6310.000 1.239
6315.000 1.231
6320.000 1.226
6325.000 1.226
6330.000 1.258
6335.000 1.245
6340.000 1.238
6345.000 1.233
6350.000 1.239
6355.000 1.242
6360.000 1.239
6365.000 1.269
6370.000 1.280
6375.000 1.284
6380.000 1.257
6385.000 1.284
6390.000 1.315
6395.000 1.309
6400.000 1.345
6405.000 1.339
6410.000 1.357
6415.000 1.389
6420.000 1.398
6425.000 1.418
6430.000 1.459
6435.000 1.484
6440.000 1.501
6445.000 1.544
6450.000 1.576
6455.000 1.634
6460.000 1.673
6465.000 1.711
6470.000 1.777
6475.000 1.840
6480.000 1.916
6485.000 1.976
6490.000 2.040
6495.000 2.116
6500.000 2.170
6505.000 2.275
6510.000 2.401
6515.000 2.466
6520.000 2.616
6525.000 2.715
6530.000 2.878
6535.000 3.050
6540.000 3.149
6545.000 3.511
6550.000 3.637
6555.000 3.861
6560.000 4.168
6565.000 4.324
6570.000 4.734
6575.000 4.944
6580.000 5.478
6585.000 6.138
6590.000 6.476
6595.000 7.363
6600.000 7.881
6605.000 9.071
6610.000 10.558
6615.000 11.419
6620.000 13.649
6625.000 14.898
6630.000 17.826
6635.000 21.529
6640.000 23.614
6645.000 28.276
6650.000 30.920
6655.000 36.607
6660.000 42.257
6665.000 45.167
6670.000 49.865
6675.000 51.830
6680.000 54.345
6685.000 54.613
6690.000 52.247
6695.000 45.921
6700.000 42.492
6705.000 36.060
6710.000 33.140
6715.000 28.136
6720.000 23.989
6725.000 22.042
6730.000 19.027
6735.000 17.844
6740.000 15.968
6745.000 14.621
6750.000 14.055
6755.000 13.304
6760.000 13.123
6765.000 12.849
6770.000 12.654
6775.000 12.623
6780.000 12.490
6785.000 12.435
6790.000 12.375
6795.000 12.275
6800.000 12.253
6805.000 12.291
6810.000 12.281
6815.000 12.324
6820.000 12.271
6825.000 12.333
6830.000 12.493
6835.000 12.487
6840.000 12.527
6845.000 12.713
6850.000 12.770
6855.000 12.928
6860.000 13.075
6865.000 13.307
6870.000 13.586
6875.000 13.773
6880.000 14.405
6885.000 14.648
6890.000 14.999
6895.000 15.500
6900.000 15.814
6905.000 16.409
6910.000 16.796
6915.000 17.561
6920.000 18.549
6925.000 19.167
6930.000 20.569
6935.000 21.394
6940.000 23.176
6945.000 25.197
6950.000 26.328
6955.000 28.950
6960.000 30.571
6965.000 33.944
6970.000 37.574
6975.000 39.307
6980.000 41.911
6985.000 42.501
6990.000 42.063
6995.000 38.750
7000.000 36.513
7005.000 31.711
7010.000 29.354
7015.000 25.522
7020.000 22.961
7025.000 21.909
7030.000 20.064
7035.000 19.174
7040.000 17.633
7045.000 16.261
7050.000 15.605
7055.000 14.583
7060.000 14.103
7065.000 13.330
7070.000 12.633
7075.000 12.443
7080.000 11.734
7085.000 11.441
7090.000 10.923
7095.000 10.605
7100.000 10.359
7105.000 9.859
7110.000 9.681
7115.000 9.318
7120.000 8.933
7125.000 8.808
7130.000 8.548
7135.000 8.411
7140.000 8.153
7145.000 7.982
7150.000 7.856
7155.000 7.608
7160.000 7.498
7165.000 7.231
7170.000 6.984
7175.000 6.909
7180.000 6.721
7185.000 6.669
7190.000 6.488
7195.000 6.376
7200.000 6.329
7205.000 6.267
7210.000 6.226
7215.000 6.160
7220.000 6.136
7225.000 6.125
7230.000 6.117
7235.000 6.112
7240.000 6.157
7245.000 6.169
7250.000 6.183
7255.000 6.231
7260.000 6.312
7265.000 6.405
7270.000 6.480
7275.000 6.604
7280.000 6.743
7285.000 6.873
7290.000 7.018
7295.000 7.067
7300.000 7.179
7305.000 7.328
7310.000 7.390
7315.000 7.557
7320.000 7.676
7325.000 7.825
7330.000 8.060
7335.000 8.162
7340.000 8.362
7345.000 8.550
7350.000 8.901
7355.000 9.436
7360.000 9.466
7365.000 10.494
7370.000 10.624
7375.000 11.007
7380.000 11.304
7385.000 11.502
7390.000 11.979
7395.000 12.291
7400.000 12.960
7405.000 13.816
7410.000 14.310
7415.000 15.497
7420.000 16.199
7425.000 18.132
7430.000 20.652
7435.000 22.187
7440.000 25.784
7445.000 27.791
7450.000 31.821
7455.000 35.934
7460.000 37.931
7465.000 41.406
7470.000 42.441
7475.000 42.850
7480.000 39.469
7485.000 36.537
7490.000 30.496
7495.000 27.718
7500.000 23.039
7505.000 19.424
7510.000 17.941
7515.000 15.500
7520.000 14.606
7525.000 13.343
7530.000 12.409
7535.000 11.980
7540.000 11.235
7545.000 10.865
7550.000 10.206
7555.000 9.638
7560.000 9.350
7565.000 8.857
7570.000 8.634
7575.000 8.226
7580.000 7.870
7585.000 7.692
7590.000 7.382
7595.000 7.230
7600.000 6.925
7605.000 6.680
7610.000 6.554
7615.000 6.274
7620.000 6.103
7625.000 5.815
7630.000 5.563
7635.000 5.413
7640.000 5.182
7645.000 5.078
7650.000 4.873
7655.000 4.693
7660.000 4.625
7665.000 4.505
7670.000 4.454
7675.000 4.314
7680.000 4.227
7685.000 4.205
7690.000 4.097
7695.000 4.077
7700.000 4.019
7705.000 3.926
7710.000 3.909
7715.000 3.853
7720.000 3.845
7725.000 3.847
7730.000 3.802
7735.000 3.795
7740.000 3.771
7745.000 3.766
7750.000 3.758
7755.000 3.784
7760.000 3.795
7765.000 3.800
7770.000 3.834
7775.000 3.885
7780.000 3.915
7785.000 3.974
7790.000 4.030
7795.000 4.067
7800.000 4.161
7805.000 4.286
7810.000 4.385
7815.000 4.512
7820.000 4.593
7825.000 4.801
7830.000 5.041
7835.000 5.153
7840.000 5.416
7845.000 5.536
7850.000 5.784
7855.000 5.899
7860.000 6.200
7865.000 6.510
7870.000 6.704
7875.000 7.145
7880.000 7.427
7885.000 8.087
7890.000 8.981
7895.000 9.547
7900.000 10.851
7905.000 11.641
7910.000 13.264
7915.000 14.564
7920.000 14.829
7925.000 14.175
7930.000 13.270
7935.000 11.031
7940.000 8.887
7945.000 8.002
7950.000 6.582
7955.000 6.016
7960.000 5.115
7965.000 4.418
7970.000 4.042
7975.000 3.450
7980.000 3.191
7985.000 2.726
7990.000 2.388
7995.000 2.224
8000.000 1.969
8005.000 1.863
8010.000 1.665
8015.000 1.493
8020.000 1.451
8025.000 1.322
8030.000 1.314
8035.000 1.266
8040.000 1.257
8045.000 1.246
8050.000 1.203
8055.000 1.182
8060.000 1.155
8065.000 1.131
8070.000 1.110
8075.000 1.119
8080.000 1.106
8085.000 1.073
8090.000 1.087
8095.000 1.071
8100.000 1.073
8105.000 1.090
8110.000 1.115
8115.000 1.110
8120.000 1.110
8125.000 1.101
8130.000 1.095
8135.000 1.099
8140.000 1.114
8145.000 1.101
8150.000 1.091
8155.000 1.081
8160.000 1.070
8165.000 1.061
8170.000 1.053
8175.000 1.053
8180.000 1.062
8185.000 1.077
8190.000 1.089
8195.000 1.098
8200.000 1.099
8205.000 1.103
8210.000 1.106
8215.000 1.108
8220.000 1.125
8225.000 1.115
8230.000 1.128
8235.000 1.070
8240.000 1.207
8245.000 1.332
8250.000 1.281
8255.000 1.268
8260.000 1.233
8265.000 1.209
8270.000 1.196
8275.000 1.177
8280.000 1.176
8285.000 1.158
8290.000 1.160
8295.000 1.155
8300.000 1.154
8305.000 1.155
8310.000 1.152
8315.000 1.148
8320.000 1.147
8325.000 1.145
8330.000 1.160
8335.000 1.155
8340.000 1.167
8345.000 1.155
8350.000 1.202
8355.000 1.613
8360.000 1.526
8365.000 1.464
8370.000 1.430
8375.000 1.379
8380.000 1.341
8385.000 1.301
8390.000 1.268
8395.000 1.264
8400.000 1.224
8405.000 1.235
8410.000 1.215
8415.000 1.196
8420.000 1.207
8425.000 1.214
8430.000 1.203
8435.000 1.200
8440.000 1.204
8445.000 1.211
8450.000 1.213
8455.000 1.220
8460.000 1.215
8465.000 1.206
8470.000 1.220
8475.000 1.218
8480.000 1.223
8485.000 1.231
8490.000 1.233
8495.000 1.236
8500.000 1.228
8505.000 1.242
8510.000 1.252
8515.000 1.238
8520.000 1.240
8525.000 1.231
8530.000 1.249
8535.000 1.270
8540.000 1.263
8545.000 1.270
8550.000 1.269
8555.000 1.271
8560.000 1.276
8565.000 1.286
8570.000 1.280
8575.000 1.286
8580.000 1.293
8585.000 1.297
8590.000 1.293
8595.000 1.297
8600.000 1.310
8605.000 1.316
8610.000 1.320
8615.000 1.318
8620.000 1.325
8625.000 1.325
8630.000 1.329
8635.000 1.328
8640.000 1.336
8645.000 1.342
8650.000 1.340
8655.000 1.350
8660.000 1.360
8665.000 1.366
8670.000 1.386
8675.000 1.386
8680.000 1.394
8685.000 1.391
8690.000 1.404
8695.000 1.399
8700.000 1.402
8705.000 1.407
8710.000 1.421
8715.000 1.419
8720.000 1.431
8725.000 1.424
8730.000 1.433
8735.000 1.416
8740.000 1.446
8745.000 1.434
8750.000 1.469
8755.000 1.474
8760.000 1.509
8765.000 1.504
8770.000 1.542
8775.000 1.548
8780.000 1.585
8785.000 1.604
8790.000 1.608
8795.000 1.579
8800.000 1.567
8805.000 1.495
8810.000 1.447
8815.000 1.412
8820.000 1.365
8825.000 1.361
8830.000 1.290
8835.000 1.255
8840.000 1.241
8845.000 1.222
8850.000 1.236
8855.000 1.285
8860.000 1.328
8865.000 1.361
8870.000 1.391
8875.000 1.394
8880.000 1.401
8885.000 1.421
8890.000 1.430
8895.000 1.428
8900.000 1.450
8905.000 1.455
8910.000 1.459
8915.000 1.474
8920.000 1.468
8925.000 1.493
8930.000 1.480
8935.000 1.486
8940.000 1.504
8945.000 1.505
8950.000 1.518
8955.000 1.514
8960.000 1.533
8965.000 1.520
8970.000 1.536
8975.000 1.550
8980.000 1.572
8985.000 1.585
8990.000 1.616
8995.000 1.636
9000.000 1.655
9005.000 1.681
9010.000 1.665
9015.000 1.690
9020.000 1.640
9025.000 1.647
9030.000 1.592
9035.000 1.578
9040.000 1.574
9045.000 1.539
9050.000 1.532
9055.000 1.559
9060.000 1.554
9065.000 1.545
9070.000 1.526
9075.000 1.533
9080.000 1.531
9085.000 1.527
9090.000 1.524
9095.000 1.538
9100.000 1.563
9105.000 1.545
9110.000 1.548
9115.000 1.535
9120.000 1.512
9125.000 1.550
9130.000 1.525
9135.000 1.524
9140.000 1.507
9145.000 1.528
9150.000 1.529
9155.000 1.509
9160.000 1.503
9165.000 1.526
9170.000 1.534
9175.000 1.536
9180.000 1.559
9185.000 1.569
9190.000 1.579
9195.000 1.587
9200.000 1.588
9205.000 1.579
9210.000 1.575
9215.000 1.581
9220.000 1.578
9225.000 1.576
9230.000 1.597
9235.000 1.606
9240.000 1.599
9245.000 1.589
9250.000 1.600
9255.000 1.610
9260.000 1.592
9265.000 1.596
9270.000 1.584
9275.000 1.610
9280.000 1.620
9285.000 1.647
9290.000 1.624
9295.000 1.615
9300.000 1.596
9305.000 1.603
9310.000 1.611
9315.000 1.579
9320.000 1.609
9325.000 1.618
9330.000 1.608
9335.000 1.603
9340.000 1.621
9345.000 1.620
9350.000 1.619
9355.000 1.621
9360.000 1.625
9365.000 1.620
9370.000 1.601
9375.000 1.619
9380.000 1.626
9385.000 1.635
9390.000 1.620
9395.000 1.625
9400.000 1.638
9405.000 1.647
9410.000 1.635
9415.000 1.639
9420.000 1.646
9425.000 1.652
9430.000 1.648
9435.000 1.645
9440.000 1.646
9445.000 1.659
9450.000 1.654
9455.000 1.655
9460.000 1.671
9465.000 1.660
9470.000 1.643
9475.000 1.662
9480.000 1.677
9485.000 1.678
9490.000 1.676
9495.000 1.683
9500.000 1.667
9505.000 1.672
9510.000 1.686
9515.000 1.687
9520.000 1.689
9525.000 1.676
9530.000 1.689
9535.000 1.699
9540.000 1.687
9545.000 1.712
9550.000 1.719
9555.000 1.723
9560.000 1.711
9565.000 1.722
9570.000 1.744
9575.000 1.753
9580.000 1.769
9585.000 1.763
9590.000 1.751
9595.000 1.759
9600.000 1.778
9605.000 1.798
9610.000 1.794
9615.000 1.788
9620.000 1.796
9625.000 1.813
9630.000 1.822
9635.000 1.830
9640.000 1.834
9645.000 1.837
9650.000 1.856
9655.000 1.873
9660.000 1.867
9665.000 1.887
9670.000 1.928
9675.000 1.936
9680.000 1.953
9685.000 1.970
9690.000 1.987
9695.000 1.985
9700.000 2.012
9705.000 2.037
9710.000 2.035
9715.000 2.060
9720.000 2.101
9725.000 2.109
9730.000 2.135
9735.000 2.159
9740.000 2.184
9745.000 2.223
9750.000 2.247
9755.000 2.307
9760.000 2.318
9765.000 2.367
9770.000 2.439
9775.000 2.457
9780.000 2.514
9785.000 2.585
9790.000 2.628
9795.000 2.721
9800.000 2.749
9805.000 2.827
9810.000 2.872
9815.000 2.974
9820.000 3.077
9825.000 3.139
9830.000 3.305
9835.000 3.403
9840.000 3.535
9845.000 3.717
9850.000 3.802
9855.000 4.027
9860.000 4.178
9865.000 4.453
9870.000 4.779
9875.000 4.957
9880.000 5.395
9885.000 5.637
9890.000 6.254
9895.000 7.039
9900.000 7.490
9905.000 8.653
9910.000 9.361
9915.000 11.126
9920.000 13.474
9925.000 14.974
9930.000 18.586
9935.000 20.466
9940.000 24.527
9945.000 26.466
9950.000 29.311
9955.000 29.506
9960.000 28.304
9965.000 23.712
9970.000 21.241
9975.000 17.027
9980.000 13.908
9985.000 12.690
9990.000 10.857
9995.000 10.091
10000.000 8.893
10005.000 8.035
10010.000 7.733
10015.000 7.307
10020.000 7.116
10025.000 6.831
10030.000 6.590
10035.000 6.482
10040.000 6.325
10045.000 6.208
10050.000 6.133
10055.000 5.973
10060.000 5.947
10065.000 5.859
10070.000 5.844
10075.000 5.807
10080.000 5.846
10085.000 5.842
10090.000 5.839
10095.000 5.888
10100.000 5.937
10105.000 6.003
10110.000 6.069
10115.000 6.234
10120.000 6.331
10125.000 6.465
10130.000 6.658
10135.000 6.761
10140.000 6.997
10145.000 7.106
10150.000 7.496
10155.000 7.869
10160.000 8.093
10165.000 8.551
10170.000 8.842
10175.000 9.436
10180.000 10.237
10185.000 10.641
10190.000 11.718
10195.000 12.331
10200.000 13.868
10205.000 15.780
10210.000 16.857
10215.000 19.670
10220.000 21.228
10225.000 24.538
10230.000 27.277
10235.000 28.139
10240.000 28.436
10245.000 27.769
10250.000 24.795
10255.000 21.341
10260.000 19.586
10265.000 16.624
10270.000 15.404
10275.000 13.466
10280.000 12.098
10285.000 11.600
10290.000 10.720
10295.000 10.358
10300.000 9.764
10305.000 9.513
10310.000 9.271
10315.000 8.863
10320.000 8.665
10325.000 8.290
10330.000 7.994
10335.000 7.837
10340.000 7.591
10345.000 7.442
10350.000 7.219
10355.000 7.036
10360.000 6.951
10365.000 6.781
10370.000 6.744
10375.000 6.584
10380.000 6.430
10385.000 6.398
10390.000 6.291
10395.000 6.264
10400.000 6.136
10405.000 6.106
10410.000 6.059
10415.000 6.022
10420.000 5.989
10425.000 5.954
10430.000 5.906
10435.000 5.892
10440.000 5.894
10445.000 5.850
10450.000 5.847
10455.000 5.849
10460.000 5.841
10465.000 5.876
10470.000 5.868
10475.000 5.909
10480.000 5.944
10485.000 5.971
10490.000 6.013
10495.000 6.027
10500.000 6.072
10505.000 6.159
10510.000 6.194
10515.000 6.286
10520.000 6.332
10525.000 6.447
10530.000 6.503
10535.000 6.644
10540.000 6.795
10545.000 6.878
10550.000 7.098
10555.000 7.198
10560.000 7.430
10565.000 7.690
10570.000 7.806
10575.000 8.140
10580.000 8.309
10585.000 8.672
10590.000 9.065
10595.000 9.278
10600.000 9.811
10605.000 10.108
10610.000 10.838
10615.000 11.690
10620.000 12.170
10625.000 13.292
10630.000 13.851
10635.000 15.066
10640.000 16.368
10645.000 16.983
10650.000 18.088
10655.000 18.421
10660.000 18.677
10665.000 18.150
10670.000 17.583
10675.000 16.137
10680.000 15.378
10685.000 13.719
10690.000 12.212
10695.000 11.485
10700.000 10.204
10705.000 9.659
10710.000 8.677
10715.000 7.840
10720.000 7.473
10725.000 6.796
10730.000 6.486
10735.000 5.978
10740.000 5.483
10745.000 5.259
10750.000 4.890
10755.000 4.734
10760.000 4.434
10765.000 4.130
10770.000 3.988
10775.000 3.767
10780.000 3.663
10785.000 3.489
10790.000 3.285
10795.000 3.192
10800.000 2.997
10805.000 2.914
10810.000 2.739
10815.000 2.575
10820.000 2.514
10825.000 2.385
10830.000 2.333
10835.000 2.243
10840.000 2.149
10845.000 2.113
10850.000 2.071
10855.000 2.040
10860.000 1.959
10865.000 1.921
10870.000 1.900
10875.000 1.848
10880.000 1.848
10885.000 1.815
10890.000 1.780
10895.000 1.767
10900.000 1.749
10905.000 1.739
10910.000 1.715
10915.000 1.698
10920.000 1.704
10925.000 1.713
10930.000 1.721
10935.000 1.730
10940.000 1.770
10945.000 1.763
10950.000 1.827
10955.000 1.840
10960.000 1.909
10965.000 1.987
10970.000 2.049
10975.000 2.159
10980.000 2.233
10985.000 2.429
10990.000 2.714
10995.000 2.851
11000.000 3.144
11005.000 3.286
11010.000 3.660
11015.000 4.172
11020.000 4.478
11025.000 5.259
11030.000 5.683
11035.000 6.787
11040.000 7.491
11045.000 8.018
11050.000 8.464
11055.000 8.393
11060.000 7.764
11065.000 6.791
11070.000 6.319
11075.000 5.440
11080.000 5.074
11085.000 4.409
11090.000 3.947
11095.000 3.770
11100.000 3.509
11105.000 3.376
11110.000 3.147
11115.000 2.960
11120.000 2.870
11125.000 2.715
11130.000 2.670
11135.000 2.578
11140.000 2.539
11145.000 2.426
11150.000 2.250
11155.000 2.242
11160.000 2.160
11165.000 2.151
11170.000 2.087
11175.000 2.025
11180.000 1.910
11185.000 2.475
11190.000 2.502
11195.000 2.294
11200.000 2.103
11205.000 2.024
11210.000 1.901
11215.000 1.866
11220.000 1.790
11225.000 1.719
11230.000 1.687
11235.000 1.649
11240.000 1.641
11250.000 1.669
11255.000 1.658
11260.000 1.634
11265.000 1.628
11270.000 1.603
11275.000 1.600
11280.000 1.576
11285.000 1.585
11295.000 1.846
11300.000 1.726
11305.000 1.688
11310.000 1.655
11315.000 1.644
11320.000 1.612
11325.000 1.613
11330.000 1.602
11335.000 1.590
11340.000 1.584
11345.000 1.574
11350.000 1.565
11355.000 1.547
11360.000 1.574
11365.000 1.548
11370.000 1.550
11375.000 1.548
11380.000 1.526
11385.000 1.534
11390.000 1.517
11395.000 1.512
11400.000 1.509
11405.000 1.490
11410.000 1.489
11415.000 1.494
11420.000 1.494
11425.000 1.473
11430.000 1.460
11435.000 1.473
11440.000 1.457
11445.000 1.448
11450.000 1.475
11455.000 1.468
11460.000 1.448
11465.000 1.454
11470.000 1.462
11475.000 1.469
11480.000 1.456
11485.000 1.452
11490.000 1.464
11495.000 1.457
11500.000 1.446
11505.000 1.441
11510.000 1.447
11515.000 1.455
11520.000 1.421
11525.000 1.420
11530.000 1.429
11535.000 1.429
11540.000 1.434
11545.000 1.412
11550.000 1.418
11555.000 1.423
11560.000 1.418
11565.000 1.426
11570.000 1.417
11575.000 1.407
11580.000 1.397
11585.000 1.408
11590.000 1.420
11595.000 1.402
11600.000 1.413
11605.000 1.413
11610.000 1.408
11615.000 1.409
11620.000 1.399
11625.000 1.421
11630.000 1.405
11635.000 1.409
11640.000 1.414
11645.000 1.395
11650.000 1.391
11655.000 1.402
11660.000 1.406
11665.000 1.394
11670.000 1.390
11675.000 1.392
11680.000 1.390
11685.000 1.379
11690.000 1.375
11695.000 1.378
11700.000 1.390
11705.000 1.370
11710.000 1.382
11715.000 1.388
11720.000 1.379
11725.000 1.392
11730.000 1.376
11735.000 1.388
11740.000 1.378
11745.000 1.378
11750.000 1.378
11755.000 1.385
11760.000 1.381
11765.000 1.374
11770.000 1.370
11775.000 1.361
11780.000 1.351
11785.000 1.347
11790.000 1.361
11795.000 1.355
11800.000 1.363
11805.000 1.362
11810.000 1.353
11815.000 1.349
11820.000 1.347
11825.000 1.346
11830.000 1.339
11835.000 1.344
11840.000 1.336
11845.000 1.330
11850.000 1.338
11855.000 1.335
11860.000 1.352
11865.000 1.326
11870.000 1.340
11875.000 1.346
11880.000 1.340
11885.000 1.323
11890.000 1.340
11895.000 1.350
11900.000 1.323
11905.000 1.336
11910.000 1.331
11915.000 1.344
11920.000 1.337
11925.000 1.322
11930.000 1.312
11935.000 1.344
11940.000 1.325
11945.000 1.328
11950.000 1.329
11955.000 1.322
11960.000 1.343
11965.000 1.323
11970.000 1.322
11975.000 1.330
11980.000 1.327
11985.000 1.339
11990.000 1.331
11995.000 1.306
12000.000 1.330
