1801.000 0.070
1803.000 2.139
1804.000 2.129
1805.000 2.102
1806.000 2.085
1807.000 2.056
1808.000 2.042
1809.000 2.031
1810.000 2.003
1811.000 2.012
1812.000 1.984
1813.000 1.999
1814.000 1.989
1815.000 2.002
1816.000 2.006
1817.000 2.038
1818.000 2.040
1819.000 2.032
1820.000 2.057
1821.000 2.074
1822.000 2.092
1823.000 2.077
1824.000 2.113
1825.000 2.145
1826.000 2.162
1827.000 2.178
1828.000 2.212
1829.000 2.245
1830.000 2.271
1831.000 2.242
1832.000 2.275
1833.000 2.307
1834.000 2.288
1835.000 2.348
1836.000 2.348
1837.000 2.364
1838.000 2.390
1839.000 2.411
1840.000 2.422
1841.000 2.474
1842.000 2.456
1843.000 2.486
1844.000 2.508
1845.000 2.527
1846.000 2.585
1847.000 2.562
1848.000 2.592
1849.000 2.627
1850.000 2.669
1851.000 2.688
1852.000 2.712
1853.000 2.767
1854.000 2.775
1855.000 2.813
1856.000 2.817
1857.000 2.898
1858.000 2.915
1859.000 2.892
1860.000 2.906
1861.000 2.959
1862.000 2.975
1863.000 2.979
1864.000 3.023
1865.000 3.050
1866.000 3.069
1867.000 3.184
1868.000 3.192
1869.000 3.226
1870.000 3.229
1871.000 3.294
1872.000 3.285
1873.000 3.280
1874.000 3.345
1875.000 3.364
1876.000 3.437
1877.000 3.420
1878.000 3.470
1879.000 3.461
1880.000 3.435
1881.000 3.475
1882.000 3.488
1883.000 3.508
1884.000 3.518
1885.000 3.562
1886.000 3.581
1887.000 3.583
1888.000 3.580
1889.000 3.637
1890.000 3.637
1891.000 3.639
1892.000 3.656
1893.000 3.676
1894.000 3.716
1895.000 3.663
1896.000 3.715
1897.000 3.806
1898.000 3.726
1899.000 3.773
1900.000 3.756
1901.000 3.763
1902.000 3.848
1903.000 3.788
1904.000 3.849
1905.000 3.840
1906.000 3.826
1907.000 3.861
1908.000 3.886
1909.000 3.865
1910.000 3.860
1911.000 3.972
1912.000 3.913
1913.000 3.906
1914.000 3.934
1915.000 3.953
1916.000 3.979
1917.000 3.985
1918.000 3.955
1919.000 3.982
1920.000 3.961
1921.000 4.399
1922.000 4.328
1923.000 4.150
1924.000 4.169
1925.000 4.158
1926.000 4.137
1927.000 4.118
1928.000 4.077
1929.000 4.138
1930.000 4.092
1931.000 4.102
1932.000 4.214
1933.000 4.196
1934.000 4.178
1935.000 4.177
1936.000 4.238
1937.000 4.193
1938.000 4.265
1939.000 4.252
1940.000 4.245
1941.000 4.283
1942.000 4.270
1943.000 4.281
1944.000 4.316
1945.000 4.341
1946.000 4.359
1947.000 4.357
1948.000 4.365
1949.000 4.390
1950.000 4.419
1951.000 4.412
1952.000 4.401
1953.000 4.430
1954.000 4.543
1955.000 4.482
1956.000 4.474
1957.000 4.571
1958.000 4.520
1959.000 4.499
1960.000 4.560
1961.000 4.564
1962.000 4.595
1963.000 4.569
1964.000 4.547
1965.000 4.628
1966.000 4.647
1967.000 4.620
1968.000 4.699
1969.000 4.751
1970.000 4.664
1971.000 4.724
1972.000 4.764
1973.000 4.693
1974.000 4.711
1975.000 4.808
1976.000 4.872
1977.000 4.851
1978.000 4.778
1979.000 4.907
1980.000 4.838
1981.000 4.910
1982.000 4.856
1983.000 4.954
1984.000 4.982
1985.000 4.982
1986.000 4.968
1987.000 4.965
1988.000 5.099
1989.000 5.101
1990.000 5.159
1991.000 5.168
1992.000 5.130
1993.000 5.182
1994.000 5.240
1995.000 5.284
1996.000 5.300
1997.000 5.366
1998.000 5.310
1999.000 5.340
2000.000 5.424
2001.000 5.409
2002.000 5.459
2003.000 5.463
2004.000 5.489
2005.000 5.564
2006.000 5.613
2007.000 5.594
2008.000 5.765
2009.000 5.773
2010.000 5.808
2011.000 5.784
2012.000 5.992
2013.000 6.008
2014.000 5.937
2015.000 6.018
2016.000 6.107
2017.000 6.139
2018.000 6.259
2019.000 6.366
2020.000 6.271
2021.000 6.350
2022.000 6.499
2023.000 6.583
2024.000 6.708
2025.000 6.625
2026.000 6.797
2027.000 6.857
2028.000 6.879
2029.000 6.794
2030.000 7.133
2031.000 7.109
2032.000 7.160
2033.000 7.381
2034.000 7.402
2035.000 7.460
2036.000 7.531
2037.000 7.535
2038.000 7.615
2039.000 7.783
2040.000 7.958
2041.000 7.953
2042.000 8.090
2043.000 8.192
2044.000 8.331
2045.000 8.554
2046.000 8.549
2047.000 8.827
2048.000 8.873
2049.000 8.966
2050.000 9.091
2051.000 9.271
2052.000 9.405
2053.000 9.523
2054.000 9.792
2055.000 9.866
2056.000 10.101
2057.000 10.181
2058.000 10.576
2059.000 10.683
2060.000 10.837
2061.000 11.119
2062.000 11.333
2063.000 11.518
2064.000 11.774
2065.000 12.146
2066.000 12.462
2067.000 12.697
2068.000 12.972
2069.000 13.546
2070.000 13.777
2071.000 14.157
2072.000 14.882
2073.000 15.227
2074.000 15.576
2075.000 16.003
2076.000 17.039
2077.000 17.662
2078.000 18.348
2079.000 20.139
2080.000 21.092
2081.000 22.142
2082.000 23.148
2083.000 25.106
2084.000 26.073
2085.000 26.999
2086.000 28.483
2087.000 29.004
2088.000 29.357
2089.000 29.493
2090.000 28.911
2091.000 28.087
2092.000 27.260
2093.000 26.195
2094.000 24.120
2095.000 23.000
2096.000 21.810
2097.000 20.529
2098.000 18.120
2099.000 17.030
2100.000 16.000
2101.000 14.385
2102.000 13.693
2103.000 13.010
2104.000 12.414
2105.000 11.358
2106.000 10.846
2107.000 10.410
2108.000 9.608
2109.000 9.259
2110.000 8.825
2111.000 8.508
2112.000 7.833
2113.000 7.515
2114.000 7.241
2115.000 6.721
2116.000 6.402
2117.000 6.219
2118.000 6.005
2119.000 5.523
2120.000 5.368
2121.000 5.067
2122.000 4.840
2123.000 4.262
2124.000 4.110
2125.000 3.869
2126.000 3.502
2127.000 3.333
2128.000 3.181
2129.000 3.001
2130.000 2.798
2131.000 2.605
2132.000 2.505
2133.000 2.288
2134.000 2.222
2135.000 2.060
2136.000 2.010
2137.000 1.838
2138.000 1.753
2139.000 1.655
2140.000 1.534
2141.000 1.501
2142.000 1.435
2143.000 1.373
2144.000 1.273
2145.000 1.244
2146.000 1.165
2147.000 1.096
2148.000 1.003
2149.000 0.984
2150.000 0.959
2151.000 0.876
2152.000 0.840
2153.000 0.779
2154.000 0.768
2155.000 0.709
2156.000 0.681
2157.000 0.657
2158.000 0.604
2159.000 0.564
2160.000 0.567
2161.000 0.561
2162.000 0.546
2163.000 0.486
2164.000 0.500
2165.000 0.473
2166.000 0.508
2167.000 0.535
2168.000 0.505
2169.000 0.524
2170.000 0.563
2171.000 0.514
2172.000 0.561
2173.000 0.587
2174.000 0.615
2175.000 0.621
2176.000 0.675
2177.000 0.675
2178.000 0.714
2179.000 0.700
2180.000 0.806
2181.000 0.824
2182.000 0.835
2183.000 0.832
2184.000 0.891
2185.000 0.933
2186.000 0.910
2187.000 0.976
2188.000 1.014
2189.000 1.033
2190.000 1.050
2191.000 1.112
2192.000 1.123
2193.000 1.176
2194.000 1.216
2195.000 1.239
2196.000 1.272
2197.000 1.302
2198.000 1.365
2199.000 1.389
2200.000 1.428
2201.000 1.482
2202.000 1.578
2203.000 1.581
2204.000 1.625
2205.000 1.696
2206.000 1.725
2207.000 1.777
2208.000 1.819
2209.000 1.957
2210.000 1.942
2211.000 2.027
2212.000 2.165
2213.000 2.215
2214.000 2.281
2215.000 2.382
2216.000 2.541
2217.000 2.660
2218.000 2.720
2219.000 2.878
2220.000 3.026
2221.000 3.148
2222.000 3.277
2223.000 3.575
2224.000 3.645
2225.000 3.790
2226.000 3.975
2227.000 4.083
2228.000 4.227
2229.000 4.305
2230.000 4.515
2231.000 4.668
2232.000 4.797
2233.000 4.917
2234.000 5.138
2235.000 5.332
2236.000 5.481
2237.000 5.795
2238.000 5.947
2239.000 6.109
2240.000 6.302
2241.000 6.806
2242.000 6.939
2243.000 7.192
2244.000 7.502
2245.000 8.272
2246.000 8.543
2247.000 8.970
2248.000 9.914
2249.000 10.513
2250.000 11.056
2251.000 11.715
2252.000 13.240
2253.000 14.182
2254.000 15.198
2255.000 17.280
2256.000 18.464
2257.000 19.627
2258.000 20.759
2259.000 23.251
2260.000 24.251
2261.000 24.919
2262.000 25.612
2263.000 24.615
2264.000 23.173
2265.000 21.547
2266.000 17.975
2267.000 16.262
2268.000 14.861
2269.000 13.616
2270.000 11.366
2271.000 10.530
2272.000 9.958
2273.000 8.968
2274.000 8.503
2275.000 8.154
2276.000 7.841
2277.000 7.283
2278.000 7.004
2279.000 6.743
2280.000 6.243
2281.000 6.015
2282.000 5.882
2283.000 5.658
2284.000 5.310
2285.000 5.140
2286.000 4.976
2287.000 4.881
2288.000 4.541
2289.000 4.409
2290.000 4.246
2291.000 4.058
2292.000 3.986
2293.000 3.860
2294.000 3.784
2295.000 3.696
2296.000 3.531
2297.000 3.442
2298.000 3.339
2299.000 3.268
2300.000 3.118
2301.000 3.057
2302.000 2.819
2303.000 2.745
2304.000 2.680
2305.000 2.495
2306.000 2.435
2307.000 2.413
2308.000 2.300
2309.000 2.187
2310.000 2.101
2311.000 2.017
2312.000 1.990
2313.000 1.905
2314.000 1.875
2315.000 1.832
2316.000 1.815
2317.000 1.703
2318.000 1.694
2319.000 1.620
2320.000 1.592
2321.000 1.541
2322.000 1.507
2323.000 1.499
2324.000 1.426
2325.000 1.382
2326.000 1.374
2327.000 1.353
2328.000 1.320
2329.000 1.299
2330.000 1.277
2331.000 1.260
2332.000 1.224
2333.000 1.203
2334.000 1.191
2335.000 1.161
2336.000 1.128
2337.000 1.121
2338.000 1.072
2339.000 1.085
2340.000 1.069
2341.000 1.056
2342.000 1.032
2343.000 0.989
2344.000 0.996
2345.000 0.961
2346.000 0.971
2347.000 0.940
2348.000 0.952
2349.000 0.927
2350.000 0.902
2351.000 0.922
2352.000 0.900
2353.000 0.886
2354.000 0.858
2355.000 0.879
2356.000 0.838
2357.000 0.825
2358.000 0.837
2359.000 0.842
2360.000 0.827
2361.000 0.805
2362.000 0.806
2363.000 0.821
2364.000 0.816
2365.000 0.800
2366.000 0.756
2367.000 0.780
2368.000 0.744
2369.000 0.773
2370.000 0.759
2371.000 0.777
2372.000 0.769
2373.000 0.752
2374.000 0.762
2375.000 0.748
2376.000 0.750
2377.000 0.726
2378.000 0.745
2379.000 0.730
2380.000 0.734
2381.000 0.744
2382.000 0.726
2383.000 0.727
2384.000 0.708
2385.000 0.755
2386.000 0.736
2387.000 0.712
2388.000 0.753
2389.000 0.741
2390.000 0.761
2391.000 0.734
2392.000 0.745
2393.000 0.740
2394.000 0.720
2395.000 0.717
2396.000 0.729
2397.000 0.726
2398.000 0.738
2399.000 0.744
2400.000 0.699
2401.000 0.748
2402.000 0.736
2403.000 0.736
2404.000 0.733
2405.000 0.743
2406.000 0.727
2407.000 0.756
2408.000 0.746
2409.000 0.734
2410.000 0.732
2411.000 0.741
2412.000 0.777
2413.000 0.742
2414.000 0.770
2415.000 0.758
2416.000 0.780
2417.000 0.782
2418.000 0.766
2419.000 0.781
2420.000 0.771
2421.000 0.793
2422.000 0.765
2423.000 0.799
2424.000 0.751
2425.000 0.805
2426.000 0.805
2427.000 0.800
2428.000 0.819
2429.000 0.818
2430.000 0.828
2431.000 0.807
2432.000 0.816
2433.000 0.836
2434.000 0.832
2435.000 0.849
2436.000 0.819
2437.000 0.864
2438.000 0.842
2439.000 0.823
2440.000 0.833
2441.000 0.849
2442.000 0.847
2443.000 0.853
2444.000 0.891
2445.000 0.859
2446.000 0.860
2447.000 0.871
2448.000 0.869
2449.000 0.848
2450.000 0.908
2451.000 0.878
2452.000 0.906
2453.000 0.918
2454.000 0.925
2455.000 0.908
2456.000 0.894
2457.000 0.896
2458.000 0.905
2459.000 0.916
2460.000 0.935
2461.000 0.916
2462.000 0.919
2463.000 0.935
2464.000 0.927
2465.000 0.955
2466.000 0.951
2467.000 1.001
2468.000 0.936
2469.000 0.957
2470.000 0.953
2471.000 0.963
2472.000 0.976
2473.000 0.980
2474.000 1.017
2475.000 1.019
2476.000 0.985
2477.000 0.978
2478.000 1.047
2479.000 1.001
2480.000 1.067
2481.000 1.052
2482.000 1.037
2483.000 1.051
2484.000 1.066
2485.000 1.080
2486.000 1.081
2487.000 1.064
2488.000 1.065
2489.000 1.059
2490.000 1.073
2491.000 1.085
2492.000 1.107
2493.000 1.090
2494.000 1.057
2495.000 1.102
2496.000 1.173
2497.000 1.137
2498.000 1.140
2499.000 1.121
2500.000 1.146
2501.000 1.177
2502.000 1.164
2503.000 1.174
2504.000 1.179
2505.000 1.174
2506.000 1.176
2507.000 1.232
2508.000 1.195
2509.000 1.201
2510.000 1.232
2511.000 1.189
2512.000 1.252
2513.000 1.238
2514.000 1.211
2515.000 1.272
2516.000 1.229
2517.000 1.270
2518.000 1.261
2519.000 1.266
2520.000 1.287
2521.000 1.306
2522.000 1.352
2523.000 1.334
2524.000 1.317
2525.000 1.371
2526.000 1.301
2527.000 1.324
2528.000 1.330
2529.000 1.298
2530.000 1.342
2531.000 1.323
2532.000 1.292
2533.000 1.376
2534.000 1.374
2535.000 1.374
2536.000 1.355
2537.000 1.367
2538.000 1.368
2539.000 1.385
2540.000 1.369
2541.000 1.337
2542.000 1.342
2543.000 1.397
2544.000 1.385
2545.000 1.382
2546.000 1.406
2547.000 1.383
2548.000 1.443
2549.000 1.399
2550.000 1.381
2551.000 1.352
2552.000 1.385
2553.000 1.400
2554.000 1.409
2555.000 1.390
2556.000 1.425
2557.000 1.418
2558.000 1.437
2559.000 1.410
2560.000 1.435
2561.000 1.452
2562.000 1.456
2563.000 1.439
2564.000 1.489
2565.000 1.474
2566.000 1.450
2567.000 1.489
2568.000 1.497
2569.000 1.460
2570.000 1.507
2571.000 1.479
2572.000 1.511
2573.000 1.498
2574.000 1.447
2575.000 1.513
2576.000 1.476
2577.000 1.492
2578.000 1.487
2579.000 1.468
2580.000 1.467
2581.000 1.509
2582.000 1.525
2583.000 1.525
2584.000 1.500
2585.000 1.508
2586.000 1.541
2587.000 1.564
2588.000 1.557
2589.000 1.552
2590.000 1.526
2591.000 1.550
2592.000 1.568
2593.000 1.578
2594.000 1.582
2595.000 1.593
2596.000 1.600
2597.000 1.600
2598.000 1.593
2599.000 1.557
2600.000 1.571
